x_accel_mean,x_accel_min,x_accel_max,x_accel_std,x_accel_median,x_accel_variance,x_accel_zero_crossing,x_accel_mean_crossing,y_accel_mean,y_accel_min,y_accel_max,y_accel_std,y_accel_median,y_accel_variance,y_accel_zero_crossing,y_accel_mean_crossing,z_accel_mean,z_accel_min,z_accel_max,z_accel_std,z_accel_median,z_accel_variance,z_accel_zero_crossing,z_accel_mean_crossing,Activity_ID
3.0544435970819985,-2.909027,11.6766205,3.3488082664457908,2.55684665,11.214516805415665,0,200,-9.443305047000008,-19.386353,-1.283783,3.8594296562061476,-8.944145000000002,14.895197271203505,0,200,-0.2336935509590001,-14.817551000000002,5.2357025,3.0112912931799927,0.695632925,9.067875252381633,0,200,A
3.1148828071099985,-2.0264893,11.559265,3.4958170053512854,2.4612656000000004,12.220736534903223,0,200,-9.391632161500002,-19.379654000000002,-2.7253722999999996,4.056275052699529,-9.248886,16.453367303152554,0,200,-0.3639427161450001,-15.038985999999998,7.6546173,3.043173394162062,0.512168885,9.260904306935846,0,200,A
3.25922607491,-2.58049,12.428177,3.5865822756379813,2.6788101500000003,12.86357241992052,0,200,-9.390946724349998,-19.233261,-0.10498047,4.220699905127678,-9.289757,17.81430768914479,0,200,-0.1877784693200001,-10.668198,4.9019165000000005,2.634123960377475,0.46506499999999995,6.9386090386347155,0,200,A
2.9910500453599997,-3.5350800000000002,13.139191,4.087771493763272,2.1211014500000003,16.709875785223613,0,200,-9.520653037,-19.386353,-1.9818115,4.351553885078513,-9.1185075,18.936021214741896,0,200,-0.3740195458665,-11.597488,4.2542114,2.8694057854044415,0.166152955,8.233489561312476,0,200,A
3.1377453649145,-3.5263824,13.193192000000002,4.052895470651099,2.6553192,16.425961696024192,0,200,-9.473489618,-19.332901,-2.0081787,4.3045538441669615,-9.054756,18.529183797332564,0,200,-0.5556855746300002,-11.153167999999999,6.956894,2.8399437434912644,0.11635589699999999,8.065280466195178,0,200,A
3.2090909553899976,-2.9184875,14.530869000000001,3.780064617215828,2.58728025,14.288888510327046,0,200,-9.352648710000006,-19.055007999999997,-1.6353912,4.1896711509924485,-9.130943499999999,17.553344353458375,0,200,-0.3326399277250001,-11.853546000000001,5.9033050000000005,3.032048897036224,0.54127503,9.19332051401858,0,200,A
3.0712850133049985,-2.3636322,12.127365,3.3506901795556803,2.84342195,11.227124679370878,0,200,-9.417328409,-19.021301,-1.9875029999999998,3.8682196410910095,-9.150093,14.963123191722266,0,200,-0.6966801419894505,-13.101288,3.7736970000000003,3.0100257111450497,0.31145478000000004,9.060254781754262,0,200,A
3.4332431063919984,-1.8664246,13.140213000000001,3.4233400009679937,3.1889343500000003,11.719256762227547,0,200,-9.398243121000002,-19.386353,-1.7621307000000002,3.6321813926116966,-9.10157,13.192741668834648,0,200,-0.5324977873450001,-8.786072,6.5532379999999995,2.6358479549693974,0.29889679,6.9476944417163535,0,200,A
3.466851415529998,-2.316681,16.208176,3.744917972787984,2.8907013,14.02441062291046,0,200,-9.279158232499997,-19.36119,-1.6141968,4.088061847438094,-9.051338,16.712249668478957,0,200,-0.7007065658499994,-12.405167,7.450058,3.211054932340172,0.005561828,10.310873778506144,0,200,A
3.4472604419799984,-1.8054961999999999,15.7300415,3.4922373390378034,3.0472792999999996,12.195721632169835,0,200,-9.390571134999998,-18.997528,-1.7780914,3.882275272455333,-9.5149535,15.072061291118127,0,200,-0.646004482425,-14.908722000000001,4.9147796999999995,2.9649556951150964,0.124580385,8.790962273995447,0,200,A
3.64442748968,-2.9924164,12.642532000000001,3.6013670359111836,3.47735595,12.969844527347703,0,200,-9.325073148000005,-19.180466,-2.0796356,4.084351493137452,-8.982551749999997,16.68192711949413,0,200,-0.6425827004065002,-10.319916000000001,5.183197,2.807063514626744,0.11373901300000001,7.8796055751486485,0,200,A
3.57407797214,-2.076767,13.367126,3.8675567184358175,3.0040436,14.95799497031803,0,200,-9.467282709,-19.017502,-2.3958435000000002,3.894369807532618,-9.2348705,15.16611619782164,0,200,-0.5563028707999998,-8.820572,5.6837615999999995,2.617703247733425,0.050842285,6.8523702931941175,0,200,A
3.6835804065650017,-1.9696654999999998,15.241470000000001,3.660679520933072,3.08277135,13.400574554978784,0,200,-9.383130705,-19.085129000000002,-1.8369598000000005,3.7055037371929256,-9.4148405,13.73075794635074,0,200,-0.7031047033749998,-9.256668,3.708847,2.7673927750061584,0.17588042999999998,7.658462771156285,0,200,A
3.535528341597,-1.9403381000000002,14.345474,4.114444614639618,2.6324616,16.928654486936953,0,200,-9.582254106500002,-19.22725,-2.5364227,3.839552544902103,-9.373772,14.742163745064216,0,200,-0.7123097205610003,-12.448257,4.8641205,3.0378912620232366,0.110404967,9.228783319877136,0,200,A
3.4823205507439985,-1.797409,12.856323,3.5666260172438657,2.9449081,12.720821146880839,0,200,-9.3684256855,-19.374146,-1.2897339,3.9588467302552517,-9.13265975,15.67246743365269,0,200,-0.64014267788,-10.942108000000001,6.7204742,3.0526447723655785,0.3591156,9.318640106250896,0,200,A
3.6538516263900025,-1.9744110000000001,12.322678,3.550640116619669,3.29216,12.607045237748942,0,200,-9.309910357699998,-19.004684,-0.60406494,4.106260528650167,-8.789230499999999,16.861375529150347,0,200,-0.6569969938844997,-15.818619,3.9690247000000003,3.1812120304404647,0.22855377,10.120109982619145,0,200,A
3.726263114129999,-3.7705383,16.185944,3.7312747078476023,3.1447678000000003,13.922410945423215,0,200,-9.331097267500002,-18.856796,-2.3359528,3.385797439803658,-9.059242,11.463624303381007,0,200,-0.6183718911450001,-10.879547,4.701187,2.734850900554514,0.060737609500000005,7.479409448263836,0,200,A
3.8500561909604514,-2.0053099999999997,14.6633,3.927460907403858,3.0324097,15.424949179185536,0,177,-9.378981261581924,-18.63028,-2.7789154,3.4603534704689447,-9.154556,11.974046140586472,0,177,-0.7600695980790958,-11.468277,3.601181,2.7586849216284173,0.14012146,7.610342496819987,0,177,A
3.8006748185149997,-1.281784,18.397185999999998,2.7054470017536656,3.19733425,7.3194434792979015,0,200,-9.092358404,-18.682465,-3.7427062999999996,2.6462760909958605,-8.844109,7.002777149776333,0,200,-0.6585029550799998,-9.323425,4.5838470000000004,2.2800027176634647,-0.16746521,5.198412392552786,0,200,C
4.231241304455002,-0.43092346,13.373215,2.3342473027239317,4.0608445,5.448710470273952,0,200,-8.698880492999999,-19.309616000000002,-4.892624,3.3021260894125914,-7.562400700000001,10.904036710379293,0,200,-0.961996692995,-13.028808999999999,3.7807007000000006,2.2072989733941184,-0.886970515,4.872168757946727,0,200,C
4.0091604581999984,-1.6772003,15.503829999999999,2.691845294884832,3.6690903,7.246031091593608,0,200,-9.118957003000006,-18.535797,-3.0483703999999996,3.02232485578488,-8.578697,9.134447533895091,0,200,-0.7766537414325007,-11.256332,4.135925299999999,2.3330475324426803,-0.0464401245,5.443110788636878,0,200,C
4.4410084560500005,-3.0999146,12.627930000000001,2.488597069892472,4.43874365,6.1931153762773965,0,200,-8.574844566000005,-18.998839999999998,-3.2220459999999997,3.019419571257447,-7.579063499999999,9.116894547292505,0,200,-1.358820190184999,-17.431717000000006,4.2380676,2.6947838528265478,-1.01301575,7.26186001345469,0,200,C
4.1064997051499965,-1.094986,18.257720000000006,2.8181505282970614,3.5744705000000003,7.941972400141005,0,200,-8.987563897500008,-18.953354,-2.5190582000000004,3.1266457230053297,-8.602951,9.775913477187519,0,200,-0.8162511418225005,-15.453018,5.076233,2.5415156937027907,-0.105743407,6.459302021337577,0,200,C
4.4007126649,-0.87657166,17.700058,2.434534518833044,3.9147644,5.926958323389641,0,200,-8.543740149500003,-19.320435,-4.0248870000000005,2.9039972823103937,-7.83872985,8.433200215666153,0,200,-1.0890112272814996,-17.245224,3.1720276000000003,2.6598997592241496,-0.6093673749999999,7.075066729120689,0,200,C
4.246418685550002,-0.23609924,15.597976999999998,2.4546615847865274,3.77140805,6.0253634958267055,0,200,-8.761864155500003,-19.13269,-1.9906311,2.9362419146352083,-8.26509875,8.62151658126063,0,200,-0.5655072101969996,-13.242599499999999,9.431335,2.5236222981027185,-0.13619232500000006,6.3686695034812475,0,200,C
4.11460937235,0.32745359999999996,16.396194,2.423007749497349,3.4813919,5.870966554124209,0,200,-8.688484424999995,-18.865738,-2.223648,2.772258891194735,-8.259636,7.685419359808261,0,200,-1.1440658598749995,-18.744995,4.152069,2.782236460122543,-0.63038635,7.740839720035218,0,200,C
4.63463332735,-0.52879333,14.672913000000001,2.378477734845437,4.303032,5.657156335155481,0,200,-8.690297458000003,-19.386353,-3.5905762,3.0086910776887343,-7.9548644999999985,9.052222000963797,0,200,-1.1294068144450005,-13.785934,5.080612,2.5361765629714004,-0.78613282,6.432191558565425,0,200,C
3.992040633149998,-1.3136139,15.743057,2.3304031729711623,3.4818038500000004,5.43077894859406,0,200,-8.8624938675,-15.986694,-2.6474152,2.457323741335914,-8.726127499999999,6.038439969733134,0,200,-0.9455845656900004,-19.714126999999998,5.8496857,2.6161857057995404,-0.270248415,6.844427647229838,0,200,C
4.6795029501,-0.09906006,16.305725,2.1643239731506623,4.48734285,4.684298260754668,0,200,-8.441170508499999,-19.36792,-4.075668299999999,3.0137176661733647,-7.6063385,9.082494171405433,0,200,-1.4487249750150002,-13.850891,6.933777,2.4865244911590314,-1.1988143999999998,6.18280404513368,0,200,C
4.339230799800005,-1.004242,13.221359,2.4327028201339216,4.1519927,5.918043011087535,0,200,-8.770243220999996,-19.224686,-2.0244904,2.700511383587866,-8.360695,7.2927617328876515,0,200,-0.5788158401399999,-19.661087,7.5784759999999975,2.8451064183678056,-0.13419342,8.094630531837684,0,200,C
4.354059600799999,-15.450698999999998,16.096085000000002,2.7315861384332125,4.266639700000001,7.461562831680472,0,200,-8.634527290000001,-18.822937,-4.300125,2.9458373756501066,-8.177741999999999,8.677957843777108,0,200,-1.0153543143850006,-13.817901999999998,5.3091583,2.462791510550161,-0.851867675,6.065342024437945,0,200,C
4.4906121059,0.70700073,13.624557500000002,2.24822187349078,4.0668869,5.054501592442391,0,200,-8.715448032500001,-19.125381,-1.1610718,2.9720985971435763,-8.245040750000001,8.833370071142815,0,200,-1.0441716014249998,-12.904709,11.443130499999999,2.661372518914518,-0.67652892,7.082903684433408,0,200,C
4.202807699915001,-3.5189362,17.833603,2.8409126097474213,3.9812546,8.070784456221904,0,200,-8.796401369500002,-19.226485999999998,-3.5928192,2.9814713597386278,-8.134636,8.889171468941699,0,200,-1.0142469755419998,-14.349898999999999,9.086227000000001,2.589530471247681,-0.55254365,6.705668061520237,0,200,C
4.630568846935001,-0.060317993,13.031616,2.059400696784654,4.63274375,4.2411312299171176,0,200,-8.599580698500002,-18.688385,-3.6166534,2.9656452272079004,-7.90187835,8.795051613660997,0,200,-1.0497278661580005,-13.875565,2.8560638,2.3260343138855957,-0.7950058000000001,5.410435629373237,0,200,C
4.283526464550003,-0.6085968,19.228561,2.7895476960059984,3.87023165,7.781576348292375,0,200,-8.679063094999998,-19.308914,-2.5042419999999996,2.8540231177140893,-8.41644275,8.14544795644645,0,200,-0.7199884798100001,-14.747238000000001,8.677856,2.271031835384123,-0.5610656700000001,5.157585597328178,0,200,C
4.727311944838148,-0.9141693000000001,12.771088,2.073703040918271,4.5617980000000005,4.300244301913685,0,173,-8.548119357225437,-18.929428,-4.0753174,3.1771427557332426,-7.734847999999999,10.094236090308224,0,173,-1.183650556491329,-13.231522,3.2529144,2.3027745504757617,-0.7225647,5.302770630318848,0,173,C
2.1420634400000007,-0.48339844,3.6466217000000003,0.3772034812243905,2.1947555000000003,0.14228246624779908,0,200,-2.925379786700002,-4.545287999999998,-0.21693420000000002,0.3985463535152993,-2.9641876500000004,0.15883919590034198,0,200,-9.5442842285,-11.066421499999999,-7.200439500000001,0.3192346340834767,-9.5291745,0.10191075159841126,0,200,D
2.2532688164999994,2.1786041000000003,2.3850860000000003,0.031101947227360968,2.2493133500000004,0.0009673311213335467,0,200,-3.0572768399999988,-3.3020476999999997,-2.9219817999999997,0.05663699698720745,-3.051445,0.003207749427728947,0,200,-9.478387899999994,-9.594437,-9.328078999999999,0.03731192201101121,-9.4807055,0.001392179524155783,0,200,D
2.3083721885,1.4634552,3.086502,0.16939509318756174,2.2864151,0.028694697596022733,0,200,-3.0470993064999994,-4.3248444,-1.371109,0.3092542361565456,-3.0485687500000003,0.0956381825807685,0,200,-9.4701593025,-10.4301605,-8.941833500000003,0.11632446931760455,-9.4704285,0.013531382162022324,0,200,D
2.2847659255000017,1.8603363000000002,2.4873657000000002,0.09878049860412123,2.29891205,0.009757586904478796,0,200,-3.0647311389999987,-3.331543,-2.625946,0.0857607486426812,-3.0630341000000003,0.007354906007753145,0,200,-9.476606140000003,-9.724487,-9.277679,0.04860999202144063,-9.471588,0.002362931324324522,0,200,D
2.2641921225000003,2.1990355999999998,2.3290405,0.023415622387650728,2.2657700000000003,0.0005482913718010499,0,200,-3.0409024825,-3.1453094,-2.9542542000000003,0.032051833657053705,-3.0397644,0.0010273200407794408,0,200,-9.494919657500004,-9.563019,-9.416321,0.027921747739811573,-9.4944915,0.0007796239968456729,0,200,D
2.217106016999999,2.0116577,2.3828278,0.06334072945434438,2.2337341,0.004012048007808447,0,200,-3.0909145379999994,-3.2825775,-2.9954376,0.06621238161030384,-3.07115935,0.004384079478508501,0,200,-9.5020958725,-9.656555,-9.382828,0.03540006979008952,-9.505233500000001,0.001253164941143209,0,200,D
2.2464170115,2.1407013,2.316162,0.0207342640484579,2.2463531000000003,0.00042990970563117385,0,200,-3.0879735545,-3.1950684,-3.03273,0.02228542869869689,-3.0862808,0.000496640332284703,0,200,-9.494206279999991,-9.591858,-9.415222,0.0310532991612095,-9.492935000000001,0.0009643073887955746,0,200,D
2.238194732000001,1.915802,2.3398895,0.0450215977551163,2.2423783000000004,0.002026944264423493,0,200,-3.0631180589999984,-3.384262,-2.785202,0.06602195060293889,-3.05825805,0.004358897961416902,0,200,-9.507516572500002,-9.587769,-9.416016,0.029269684658251086,-9.5061035,0.0008567144399934589,0,200,D
2.195886077,1.7850188999999999,2.4515991,0.09475977975303812,2.2209549,0.008979415858844294,0,200,-3.0107859789999987,-3.3630676,-2.5413666,0.08862309366257247,-3.0147095,0.007854052730325089,0,200,-9.533833790000003,-9.788544,-9.358077999999999,0.053979398192989206,-9.5314255,0.002913775429277286,0,200,D
2.7803950439999996,2.2842407000000002,3.2946777000000003,0.15744469779852452,2.7581558500000005,0.024788832864868708,0,200,-3.718735965000002,-4.749358999999999,-2.9004364,0.3170312914431961,-3.69078065,0.10050883975414077,0,200,-9.078263342500003,-9.593169999999999,-7.6384125,0.21079661024076374,-9.102165,0.04443521088899648,0,200,D
2.7248941845,2.3160553,3.0097656,0.08260506418332758,2.7324906,0.00682359662873167,0,200,-3.7034831265000014,-4.214905,-3.3421019999999997,0.12658280904224184,-3.67316435,0.016023207545024662,0,200,-9.108309617500002,-9.280151,-8.91597,0.05424788327746408,-9.1138455,0.002942832840085367,0,200,D
2.682556008,2.5385284,2.8422546000000004,0.05057069689140587,2.6817398,0.002557395384082448,0,200,-3.6398217734999982,-3.9571837999999997,-3.3333282,0.08176400893244942,-3.6419296,0.00668535315670567,0,200,-9.15857512,-9.285385,-9.035538,0.038954582215975656,-9.15937825,0.001517459475621207,0,200,D
2.6887069669999994,2.4051056,2.8036346,0.07711202170014887,2.7051315,0.005946263890684232,0,200,-3.5333258784999977,-3.7425080000000004,-3.3720398,0.05871209170322177,-3.5307083,0.003447109712167524,0,200,-9.203130510000003,-9.32196,-9.054382,0.0406569109294043,-9.2023545,0.001652984406321515,0,200,D
2.716750034500001,2.1329346,2.8836823,0.09854125816437524,2.72545625,0.00971037956061805,0,200,-3.506341169499998,-4.3916319999999995,-3.0878296,0.1642196824805539,-3.4766616999999997,0.026968104114013947,0,200,-9.1979637325,-9.298538,-8.808487,0.05689386447448803,-9.2056505,0.0032369118148414104,0,200,D
2.6889666704999984,2.3782349,2.9998932000000003,0.0762131865789482,2.69563295,0.005808449808517569,0,200,-3.4874122605,-4.1607666,-2.831787,0.13636089368219112,-3.4875336000000003,0.018594293325805828,0,200,-9.2228426975,-9.41153,-9.121414,0.042370428700226136,-9.221710000000002,0.0017952532282409469,0,200,D
2.6961142824999977,2.5341187,2.7625122,0.030641945350892468,2.69956215,0.0009389288148870807,0,200,-3.4845994630000003,-3.6017303,-3.3826447,0.027449246611450227,-3.48223875,0.0007534611395362118,0,200,-9.225811247500003,-9.322128,-9.162780999999999,0.028450799865247237,-9.2243805,0.000809448012972352,0,200,D
2.7163078295000007,2.618637,2.7976837000000003,0.02707126390397157,2.7183075,0.0007328533293584741,0,200,-3.5283121475000003,-4.0624847,-3.2797089,0.09573878911840318,-3.5213623,0.009165915741858077,0,200,-9.205437620000003,-9.301147,-8.937332000000003,0.03867951537764973,-9.209999,0.001496104909849842,0,200,D
2.7303470282485867,2.6868439,2.7644957999999997,0.015827154694977332,2.730423,0.00025049882573874294,0,177,-3.533244501694916,-3.5944519999999995,-3.4906464,0.022155810915768345,-3.5330809999999997,0.0004908799573352798,0,177,-9.197565310734463,-9.251403999999999,-9.120224,0.02661684709301211,-9.201035000000001,0.0007084565491727872,0,177,D
-0.24649108726000016,-8.76413,6.998336999999999,1.8222048000532551,-0.006233215350000001,3.320430333337124,0,200,9.551975533500006,3.6177979,14.873581,1.1726111553487422,9.750267,1.375016921648312,0,200,-0.07220596227100001,-9.162628,3.289093,1.1989113802284408,0.095901488,1.4373884976412648,0,200,E
0.04606224047215001,-0.8198242,1.0503844999999998,0.20773337105941764,0.0360183715,0.04315315345170969,0,200,9.748084232500002,9.387436,9.883469,0.05898367643932252,9.7498475,0.003479074086298691,0,200,0.16608276369350009,-0.2941742,0.55514526,0.16078463294614356,0.16807556,0.025851698191626117,0,200,E
0.026365661936334987,-1.3076172,2.000824,0.31566902590474183,-0.001815795915,0.09964693391564856,0,200,9.7489453475,9.064224000000001,10.666611,0.11387370412493693,9.743866,0.012967220491133677,0,200,0.2077091218564999,-0.7465668000000001,0.57543945,0.17743606283781205,0.219497685,0.03148355639538398,0,200,E
0.032184371286499994,-1.7320862000000001,1.4546356000000005,0.39810939735107226,0.04902649,0.15849109225923394,0,200,9.745662760000002,9.3520355,10.206253,0.10000305516114352,9.746773,0.010000611041562716,0,200,0.217677001785,-0.43276978,1.1708983999999998,0.20537668846291185,0.20173645,0.04217958416399194,0,200,E
0.011158752441799999,-0.25625610000000004,0.34971620000000003,0.08983654090204457,0.009490967,0.008070604081244728,0,200,9.747514955000003,9.661667,9.843124000000001,0.033089691902334684,9.746155,0.001094927710191433,0,200,0.2683221433785,0.0029144287,0.53222656,0.09490698274649118,0.27629089,0.009007335374042774,0,200,E
0.08881301844950001,-0.3908844,0.8569945999999999,0.23237916700509026,0.10930633699999999,0.05400007725797961,0,200,9.741471187499997,9.388794,10.207352,0.08124272423349987,9.740264999999999,0.006600380240880507,0,200,0.26885818514249993,-0.35281372,0.7036438,0.1755442295483257,0.265602115,0.030815776527715263,0,200,E
0.012601089508500078,-0.6311188,0.70869446,0.2505904567773676,-0.053764342500000006,0.06279557702788972,0,200,9.724340542500004,9.575104,9.865402,0.055164493320918925,9.7238085,0.003043121323353709,0,200,0.4446758264499998,-0.045013428,0.88931274,0.15904361197221234,0.45507049,0.02529487050916765,0,200,E
-0.13667114278894998,-0.6068573,0.2381134,0.12659635498562588,-0.14204406499999994,0.0160266370956466,0,200,9.7521695775,9.571976,9.893021000000001,0.05245738249123668,9.752746499999999,0.0027517769778319045,0,200,0.27958930986499997,-0.27549744,0.58166504,0.14132382266873916,0.282691955,0.01997242285370523,0,200,E
-0.09996856639634996,-0.66625977,0.5834656,0.2073226959145668,-0.105903625,0.04298270024128393,0,200,9.741326490000002,9.561981,9.927963,0.059071474635397435,9.740959,0.0034894391156004025,0,200,0.3614328773199999,-0.16503906,0.7397003000000001,0.12884446901901955,0.362480165,0.016600897196793092,0,200,E
-0.07805244483920007,-0.67510986,1.015686,0.3318096588125613,-0.168884275,0.11009764968130836,0,200,9.736662800000003,9.503159,9.947922,0.06560027399652836,9.741135,0.0043033959484195935,0,200,0.3855393992284997,-0.33763123,0.8831177,0.2114050935293303,0.40607453,0.04469211357014489,0,200,E
-0.16432754551149995,-0.7979584,0.4562683,0.2055710874182965,-0.17173767,0.0422594719823409,0,200,9.73845963,9.461349499999999,10.057831,0.0735726147963047,9.741424499999999,0.0054129296479654325,0,200,0.3958128357470002,-0.37910459999999996,0.99549866,0.18262896155008307,0.403244015,0.03335333759686172,0,200,E
-0.13603965750100006,-0.5994109999999999,0.6006012,0.15442078262658007,-0.14160156499999998,0.023845778107005496,0,200,9.7450191725,9.523071,10.027222,0.06252415461182674,9.742081,0.0039092699099236156,0,200,0.34134841971499985,-0.2548828,0.819458,0.12246345104614938,0.35365295,0.014997296842132624,0,200,E
-0.14982177770500005,-0.8584441999999999,0.38444520000000004,0.2197733684555808,-0.128829955,0.04830033348231249,0,200,9.746774552500003,9.583679,9.876555999999999,0.055526217865647085,9.743866,0.0030831608704633058,0,200,0.30679183938549986,-0.22537231,0.74890137,0.16416137902286396,0.337112425,0.026948958362688395,0,200,E
-0.10181907637149992,-0.73869324,0.7989807,0.21387822344615348,-0.113220215,0.045743894464482765,0,200,9.733937679999997,9.426544,10.118469000000001,0.08088009008006476,9.7366635,0.00654158897135939,0,200,0.39552543644,-0.27194214,1.052475,0.18980964212856735,0.3793869,0.03602770024497482,0,200,E
-0.13662689166250008,-0.80851746,0.9153290000000001,0.2823613826727012,-0.15558624,0.07972795042483961,0,200,9.744144387500002,9.431992,9.939453,0.06736649099844311,9.7427215,0.004538244109443316,0,200,0.3446393583499999,-0.6384734999999999,1.1715698,0.26231041843752123,0.333984375,0.06880675562086748,0,200,E
-0.264300690347,-1.1187897,0.7288971,0.2997466047470179,-0.239974975,0.08984802705736497,0,200,9.7368184375,9.415695,10.8259735,0.11419274301294913,9.7276,0.013039982556821438,0,200,0.4328245551179999,-0.693573,1.0441132,0.2224385736157555,0.44728089,0.04947891903221188,0,200,E
-0.1904660034191651,-0.9406433000000001,0.8254242,0.2994443411262373,-0.219169615,0.08966691343252638,0,200,9.739615422499998,8.606186,10.082169,0.14043836779461066,9.741234,0.01972293514881434,0,200,0.3379561605285001,-0.47711182,1.0639648000000002,0.2483351082712375,0.359184265,0.06167032600008725,0,200,E
-0.03217390655450867,-0.8064728,0.98809814,0.30274556600777897,-0.046585083,0.09165487773737044,0,173,9.743748326589596,9.355789,10.102997,0.1021426471784908,9.742249000000001,0.010433120372629657,0,173,0.3638139845491328,-0.44244385,0.9598235999999999,0.2136339500250149,0.35987854,0.04563946460329056,0,173,E
-8.059164075649997,-19.749252,13.044449,3.255833299535904,-8.444435499999999,10.600450474366847,0,200,-5.252619555050001,-15.998504999999998,0.8960724,1.7387465260011774,-5.12326815,3.0232394816811627,0,200,0.09742080647499993,-16.999542,18.748215,3.0130256765069663,-0.1115036,9.078323727290263,0,200,F
-8.548812938,-11.360503999999999,-1.8423308999999997,0.9170454976632504,-8.7094725,0.8409724447844388,0,200,-4.556851038999998,-12.539093,-1.3754578000000002,1.1665294401485735,-4.5833969,1.3607909347333451,0,200,1.0302419233,-3.641983,5.972534,1.1884086813348058,1.42609405,1.412315193871932,0,200,F
-8.908266272499997,-9.671417,-8.548386,0.15241992605636295,-8.894287,0.02323183385902715,0,200,-3.615005798000002,-3.969925,-2.951416,0.14699755348449484,-3.624794,0.02160828073042693,0,200,1.9627944945500004,0.5283203000000001,2.7354736,0.29157596244716194,2.0027771000000003,0.08501654187698877,0,200,F
-8.801017632499997,-9.025131,-8.382095,0.062489284227618576,-8.801895,0.0039049106432801,0,200,-3.6904795880000014,-3.8679352,-3.4162597999999997,0.0562999583722032,-3.68801115,0.003169685312711813,0,200,2.2020430009999985,2.0409546,2.3815765,0.05676796135928471,2.1977920500000003,0.003222601436889242,0,200,F
-8.78768852,-9.376694,-8.267288,0.07041810828345713,-8.7867735,0.004958709974220692,0,200,-3.6764235679999984,-3.8100433,-3.4677582,0.04830311069680725,-3.67728425,0.002333190502988016,0,200,2.2619528924999988,2.0908203000000003,2.4212646,0.05947598590198365,2.2698059,0.0035373928990129586,0,200,F
-8.907310896999995,-10.987503,-4.5434722999999995,0.5260827506393461,-8.985282999999997,0.27676306052026023,0,200,-3.3996488205000004,-6.389435,-1.9156494,0.4025207335628299,-3.30077365,0.1620229409479587,0,200,2.0215631107500003,-0.40568542,3.6442718999999997,0.4675871332285936,2.06325525,0.21863772716093446,0,200,F
-8.909678708500001,-9.362427,-7.8592377,0.14689021064049346,-8.869163500000003,0.021576733982008538,0,200,-3.3201664735000005,-3.5899352999999996,-2.9311217999999997,0.110794842827636,-3.3454132000000003,0.012275497197200565,0,200,2.308777620999999,1.7837677,2.662384,0.2264363019549485,2.40097805,0.05127339884303262,0,200,F
-8.862873592500002,-9.531555,-8.617416,0.12128428575569483,-8.849350000000003,0.014709877971269037,0,200,-3.3547125974999985,-3.6176758,-3.0484313999999997,0.07476177072846336,-3.3578873,0.005589322362455322,0,200,2.4071762070000005,0.9053191999999999,3.0268555,0.263179154474504,2.44988255,0.06926326734991481,0,200,F
-8.680034957499998,-9.224228,-8.442551,0.11011510516282276,-8.646782,0.012125336385019518,0,200,-3.6063245375,-3.914093,-3.274109,0.1329718548714082,-3.6403656000000004,0.017681514187942844,0,200,2.6544196289999995,1.796936,2.8527527000000004,0.15580515953077265,2.70016475,0.02427524773640952,0,200,F
-8.689549172500005,-9.164000999999999,-8.26033,0.0905151208159062,-8.6758425,0.008192987096318098,0,200,-3.5361539459999984,-3.745346,-3.0100403,0.09300826484778632,-3.5684432999999998,0.008650537329995964,0,200,2.7005078909999995,1.9304047,2.8941345000000003,0.1147593131325164,2.71948245,0.013169699950646952,0,200,F
-8.737947387499991,-9.137756,-8.267288,0.17421526858162698,-8.760513500000002,0.03035095980696843,0,200,-3.4479115274999987,-3.8840942000000003,-3.1189575,0.19212490657494968,-3.4117737,0.03691197972643315,0,200,2.6552082825000007,2.029251,3.1022644,0.2246621164744688,2.6493683,0.0504730665787878,0,200,F
-8.561692707499999,-8.873947,-8.34581,0.06025631240245625,-8.560799000000001,0.003630823184342403,0,200,-3.6196585065000018,-3.7932129999999997,-3.408554,0.051910073182649716,-3.6182175,0.002694655697828048,0,200,2.924269102500001,2.7663116000000003,3.1168669999999996,0.06020839428044392,2.92430115,0.003625050741829392,0,200,F
-8.548843059999998,-9.352386,-8.273651,0.07940918027562446,-8.546455499999999,0.006305817912046626,0,200,-3.630684587500001,-3.7752227999999994,-3.244812,0.04929985904093922,-3.6331711,0.0024304761014564765,0,200,2.9505793004999985,2.735672,3.076355,0.05618557151499471,2.95051575,0.003156818446466585,0,200,F
-8.540006593500003,-8.852432,-7.9279327,0.0682036079746225,-8.537987000000001,0.00465173214075599,0,200,-3.6438059990000013,-3.8623352,-3.5589447,0.03852866773245329,-3.64027405,0.0014844582372377873,0,200,2.9637607580000003,2.8300933999999995,3.0848541000000003,0.04654505544280085,2.9653854500000003,0.002166442186173405,0,200,F
-8.360798808,-9.670395,-7.589523299999999,0.2660659772974012,-8.249718,0.07079110427522121,0,200,-3.929121022500001,-4.326233,-3.164688,0.2474932096753138,-4.051910500000001,0.061252888835388826,0,200,3.036231222500001,1.5075836,3.3592834000000003,0.3173070525487502,3.1690445,0.10068376559717533,0,200,F
-8.258050000000003,-8.521408000000001,-7.715149,0.07301138522174122,-8.257392999999999,0.0053306623719974935,0,200,-4.023996505000001,-4.2463074,-3.7513428,0.05457293712844305,-4.0203169999999995,0.0029782054668249978,0,200,3.1815903480000016,2.9442902,3.429062,0.07985174207994973,3.1891632000000003,0.006376300713202813,0,200,F
-8.268679505000001,-8.597641000000001,-8.155197,0.04775296023079607,-8.265007,0.002280345210803991,0,200,-4.022360692000001,-4.191574,-3.8000336000000003,0.043200556554764936,-4.0232545,0.001866288086641444,0,200,3.1774942734999985,2.9993896,3.3470763999999997,0.05084979991208069,3.1775894,0.002585702151098641,0,200,F
-8.266147681034479,-8.774231,-7.909256,0.10808392382065184,-8.2552265,0.011682134588468474,0,174,-4.048747701724139,-4.3828278,-3.832672,0.09833420579886996,-4.017418,0.009669616030094513,0,174,3.1533111040229884,2.2816009999999998,3.3611297999999996,0.1731799497252591,3.2048187500000003,0.02999129498684327,0,174,F
8.110278867000003,-2.1443024,19.100266,1.6596517325675957,8.342407000000001,2.7544438734146213,0,200,-2.9384157532500015,-11.335602,1.4091034,1.2814922113748473,-2.7278595,1.642222287814396,0,200,-4.47127868172,-19.652511999999998,4.323044,1.8541379205573196,-4.3137207,3.4378274284486197,0,200,G
8.351558174999996,8.279709,8.437866,0.029574176773386137,8.351105,0.0008746319318234922,0,200,-2.692551421000001,-2.8148193,-2.531784,0.05493329758001636,-2.6915283,0.003017667183014632,0,200,-4.327724459999998,-4.4345856,-4.1975555,0.0385497785082245,-4.329986550000001,0.0014860854230331671,0,200,G
7.962897783500003,6.710311999999999,10.617401,0.5127748639553587,7.6899414,0.26293806110443657,0,200,-3.754040612499997,-7.2244262999999975,0.620224,1.0628250449299073,-4.50327305,1.1295970761302594,0,200,-4.104765543500001,-4.6055449999999984,-1.8671721999999997,0.3378742921725199,-4.1835709,0.11415903731108135,0,200,G
7.585046842000001,7.4161224,7.6623839999999985,0.0358223295309933,7.58216095,0.0012832392930270744,0,200,-4.551342471999999,-4.623291,-4.4662323,0.0306253445375974,-4.5518187999999995,0.0009379117280465467,0,200,-4.162760240500002,-4.28302,-4.041748,0.0486253992088064,-4.16760265,0.002364429448215791,0,200,G
7.588986959499997,7.349365,7.7315674,0.04179260075020263,7.592529300000001,0.0017466214774658373,0,200,-4.563061441000001,-4.659973,-4.4677277,0.03342419847762355,-4.562240600000001,0.0011171770438715724,0,200,-4.148956542000003,-4.2396392999999994,-4.024108999999998,0.03819293739488475,-4.1495055,0.0014587004668495864,0,200,G
7.595093292999997,7.3608856,7.7152557,0.039160951491730184,7.595016449999998,0.0015335801217376435,0,200,-4.568501432,-4.671584999999999,-4.469405999999998,0.02965637275604189,-4.5665055,0.0008795004450453032,0,200,-4.131939008500002,-4.2200623,-3.9962157999999994,0.04108402816781291,-4.14315025,0.0016878973704936445,0,200,G
7.614779745500004,6.928192,8.344986,0.21023610316501787,7.615295399999999,0.04419921907401203,0,200,-4.545074613,-4.941452,-4.067794999999999,0.10507840063884648,-4.552810650000001,0.011041470280817929,0,200,-4.0758939405,-5.0026245000000005,-2.5149536,0.3547937877160665,-4.08712005,0.12587863180191328,0,200,G
7.590948479000003,7.321335,7.879196,0.08786692283591324,7.574798599999999,0.0077205961286523316,0,200,-4.446999966500001,-4.7725525,-4.165161,0.10718494405967104,-4.4531860499999985,0.01148861223307481,0,200,-4.283988572000002,-4.749893,-3.6283263999999997,0.2081960626953186,-4.3392867000000015,0.04334560052183303,0,200,G
7.597166434499999,7.140167,8.511795,0.20056689225276345,7.56358335,0.04022707826793162,0,200,-4.557879260499999,-4.7994995000000005,-4.2969055,0.0975927103249373,-4.5866393,0.009524337108567123,0,200,-4.067407768499997,-4.808853,-1.6693419999999999,0.539494380323665,-4.15258035,0.2910541864008153,0,200,G
7.589294431000002,7.405853299999999,7.953842,0.0488971779538615,7.589256199999999,0.0023909340118515986,0,200,-4.5779872875,-4.655075,-4.5074463,0.03069895543312869,-4.57604225,0.0009424258646852213,0,200,-4.1322417515000005,-4.2473906999999995,-4.032242,0.037459263571903566,-4.133072,0.0014031964273493412,0,200,G
7.600244442499997,7.381653,7.8706207,0.06286194227299456,7.596382149999998,0.0039516237863333,0,200,-4.504571395999999,-4.618622,-4.3683014,0.05991574645811602,-4.5104829,0.0035898966736332438,0,200,-4.1863275935000015,-4.3538513,-4.0199127,0.08317939359496092,-4.170578,0.006918811518825428,0,200,G
7.7072553930000005,4.5279846,15.566467000000001,0.8228468537739522,7.610481299999999,0.6770769447656918,0,200,-4.5598965430000025,-6.2543334999999995,-2.4388732999999996,0.473636655073834,-4.4487837500000005,0.22433168102953,0,200,-3.707204672750001,-4.4673157,2.3645935000000002,1.1102433569215258,-4.2651520000000005,1.2326403115883784,0,200,G
6.6958206239999996,3.5717925999999998,7.912613,0.9049093762753456,7.27645875,0.8188609792710351,0,200,-6.6195385065,-9.941895,-5.373108,0.8536004140250057,-6.058937,0.7286336668236613,0,200,-0.3179506679699997,-2.03273,2.8630676,1.3361167866430854,-1.2698364,1.7852080675494442,0,200,G
5.781883631,5.700012,5.866912999999999,0.03327095606815779,5.781662000000002,0.0011069565176892858,0,200,-7.459991003499996,-7.5785675,-7.324111999999999,0.04811932808804855,-7.460739100000001,0.002315469735645259,0,200,1.1320352935000004,1.0011444,1.2527771,0.04363225923668281,1.1269608,0.0019037740460970925,0,200,G
5.832122867999996,5.760025,5.923767,0.030573120298024233,5.83078775,0.0009347156847574614,0,200,-7.4126712114999975,-7.5264130000000025,-7.2774199999999984,0.04119713480389477,-7.415588499999999,0.0016972039160502773,0,200,1.1406671899999998,0.9933318999999999,1.2513275,0.04415348582116932,1.14492035,0.0019495303101602004,0,200,G
6.276862721000001,5.0639496,8.419037,0.573251797984929,5.894325299999999,0.3286176238929538,0,200,-7.019532544000003,-8.056763,-5.4730225,0.5285671299841647,-7.35034935,0.2793832108996968,0,200,0.6098292492650002,-10.803925,2.044159,1.4890463167228032,1.0890197499999998,2.217258933345746,0,200,G
6.927612454000001,6.7646637,7.052658,0.03991814281744899,6.9305725,0.001593458125994254,0,200,-6.3462044495,-6.5445404,-6.1302185,0.05722957333557329,-6.3404845000000005,0.003275224064171761,0,200,1.2249366779000004,0.8450011999999999,1.4481201000000001,0.10822124878367906,1.2329712,0.011711838688298956,0,200,G
6.816007563372095,4.5753174,8.700882,0.34495097748157016,6.8629913,0.11899117686549072,0,172,-6.592812395348839,-7.512375,-4.9428864,0.3348627294610522,-6.607246499999999,0.11213304758210586,0,172,-0.16423433886354669,-3.7494050000000003,1.3948975000000001,1.195700906064428,-0.6189346199999999,1.4297006567632935,0,172,G
3.7188613026500015,-5.9638519999999975,8.696242999999999,3.1722288671309014,5.4035035,10.0630359854586,0,200,-8.392457429500002,-15.1050415,-5.195709,1.4088757972139687,-7.901748750000001,1.9849310119752959,0,200,-1.2468557733999992,-10.464203,4.012253,1.6319259736532026,-1.381752,2.6631823834839534,0,200,H
5.445029217500003,2.3991394,6.4921265,0.4545736566687202,5.481102,0.2066372093371715,0,200,-7.838755492500002,-8.387192,-7.2288820000000005,0.12547104629074973,-7.839233499999999,0.01574298345729546,0,200,-1.3908162675,-1.6195068000000001,-1.0152283000000002,0.0888733578319929,-1.39854435,0.007898473732333456,0,200,H
5.375007158499996,2.1661682,7.126800500000001,0.5568169534834487,5.494972149999999,0.3100451196865891,0,200,-7.914518733,-10.640427,-6.458557,0.3431624083050007,-7.8602218,0.11776043847368801,0,200,-1.16618629168,-4.154892,1.1099854,0.6109800774993017,-1.3542633,0.3732966551010527,0,200,H
4.878257676500004,4.6674347,5.2055664,0.08601320708351975,4.874176,0.007398271792792453,0,200,-8.285698550000006,-8.427628,-8.087143,0.055339392573300894,-8.294258000000001,0.00306244837038191,0,200,-0.5849320227,-0.8187561,-0.27394104,0.0815190984819941,-0.5910415500000001,0.006645363417317052,0,200,H
6.31050406025,0.71884155,8.728958,1.6035243853705454,7.237052849999999,2.5712904544779853,0,200,-6.704469389499999,-10.170456,-3.1067505,1.4524345017670832,-6.0171967,2.1095659819233954,0,200,-1.4689949809750014,-6.066925,2.3952637,1.6402001591869744,-1.98275755,2.690256562196976,0,200,H
7.151555484500003,6.760483,7.8515320000000015,0.1806073735696217,7.143585300000001,0.03261902338771688,0,200,-5.796522744,-6.258407599999999,-5.445831299999999,0.12355753733297455,-5.7855377,0.0152664650317894,0,200,-3.2172745565,-3.8328247,-1.3482361,0.4257234670542435,-3.253502,0.18124047040068555,0,200,H
7.134247883499997,6.612304700000001,7.7942657,0.2367437951165981,7.02645875,0.05604762452620979,0,200,-5.691476056000003,-6.0113525,-4.529999,0.21065881904773465,-5.7506179999999985,0.044377138042586216,0,200,-3.4187197100000013,-4.6223906999999995,-1.8841705000000002,0.5567812535488319,-3.6617279000000003,0.31000536430340864,0,200,H
7.286807181000004,6.889251700000001,7.700989,0.12884022172603035,7.29328915,0.016599802734412663,0,200,-5.833650517499998,-6.2323303,-5.4188538,0.13687991503120756,-5.825737,0.0187361111389506,0,200,-2.7032582070000006,-3.1999207000000003,-1.8906707999999999,0.23794906341785746,-2.74215695,0.056619756781435535,0,200,H
7.233282627000007,6.28833,7.7339020000000005,0.1946293213928264,7.241279649999999,0.037880572745832106,0,200,-5.948306204999998,-6.968567,-5.360504,0.26358814238210165,-5.887588500000001,0.0694787088044471,0,200,-2.5017782609,-3.828415,-0.78689575,0.5104180857415902,-2.68117525,0.2605266222521093,0,200,H
7.012290730999999,6.6747437000000005,7.370452999999999,0.12087834613606432,7.01957715,0.014611574564590175,0,200,-6.319765622999999,-6.8565520000000015,-5.987015,0.14220278704646855,-6.3139115,0.020221632643783283,0,200,-2.168460082500001,-2.752472,-1.6687470000000002,0.24336776309001745,-2.1555481,0.05922786811143886,0,200,H
6.990076528999998,6.474883999999999,7.3348083,0.1199894722047364,7.0105056,0.014397473439971206,0,200,-6.327455824499999,-6.861786,-5.789322,0.13093926879626774,-6.300689749999999,0.017145092112901262,0,200,-2.2105577815000004,-2.725937,-1.7117004,0.20067626861898974,-2.2022628500000003,0.04027096478684094,0,200,H
6.895846628500003,6.270767,7.511261,0.17839515681202414,6.874809299999999,0.031824831973986695,0,200,-6.476179427499999,-7.2819977,-5.738022,0.24279774689706154,-6.5079270000000005,0.05895074589828956,0,200,-1.915764996,-3.930893,-0.21542358,0.5878728304951989,-1.95259095,0.3455944648344368,0,200,H
6.6598695955000045,6.1930237,7.1959686000000005,0.16309783860369506,6.670425400000001,0.026600904957196952,0,200,-6.708813253499999,-7.399368300000001,-5.9012910000000005,0.1859988051375736,-6.694877700000001,0.03459555551260508,0,200,-2.084551312500001,-2.7641144,-1.3088073999999998,0.28737383822506746,-2.11857605,0.08258372289620723,0,200,H
6.715714881999997,6.225815,7.265396000000001,0.16638356030107532,6.7323303,0.027683489138461564,0,200,-6.6116085205000035,-7.137314,-5.824371299999999,0.18008446096756298,-6.600822449999999,0.03243041308197772,0,200,-2.274490740500001,-2.735199,-1.8660278000000001,0.2040759769604028,-2.27742765,0.04164700437234286,0,200,H
6.366556555999996,5.424759,7.1184845,0.2919051634729651,6.2462767999999995,0.08520862446217846,0,200,-7.054429763499996,-8.129318,-5.8668213,0.4126800557035339,-7.2092743499999985,0.17030482837547184,0,200,-1.5576740262300002,-2.8200529999999997,0.23252869,0.6877135157163023,-1.3585663,0.4729498796988768,0,200,H
6.1535343970000005,5.091461,6.6396027,0.2284015516458815,6.207481400000001,0.05216726879424629,0,200,-7.082998585000001,-7.683822599999999,-6.5825960000000014,0.20232217157794435,-7.089462299999999,0.04093426111201515,0,200,-2.39100158585,-3.3577727999999993,-0.71795654,0.6995637839463684,-2.6808014,0.4893894878093612,0,200,H
7.560828702999996,4.0838165,8.921371,0.5856558300604652,7.7272644,0.3429927512838124,0,200,-5.686328974999998,-8.176803999999999,-3.7766876000000003,0.5879978560491705,-5.583023000000002,0.3457414787184211,0,200,-0.8016238392600005,-5.6010895,3.3757172,0.990191642244774,-0.6665191500000001,0.9804794883714024,0,200,H
7.635166230057801,7.234665,7.970459,0.12845178778169095,7.6580353,0.016499861784312574,0,173,-5.703116787283237,-6.2485349999999995,-5.310318,0.16301783563118347,-5.6807555999999995,0.02657481473387555,0,173,-0.9468980942774567,-1.8755951000000002,-0.13363647,0.3314799520726608,-0.87353516,0.1098789586260935,0,173,H
6.943030927000001,-9.398407,13.929275500000001,2.0398330218955665,7.175911000000001,4.160918757215599,0,200,-6.2863478100000005,-14.817535000000001,1.7219543000000002,1.4081069400458917,-6.0983123500000005,1.9827651546054044,0,200,-2.077416770150001,-13.720947,8.290451,1.6721716366402466,-2.11672975,2.7961579823841207,0,200,I
7.282392188499997,3.377304,9.495163,0.373360384226382,7.250549499999999,0.13939797650967156,0,200,-5.891930078,-7.296508999999999,-1.7914124,0.4739777639441949,-5.97242735,0.22465492071353896,0,200,-2.3087302425000007,-7.7601166,1.1251221000000002,0.5608809299709544,-2.2902527000000004,0.31458741760508263,0,200,I
7.748197470000004,7.2583466,8.456389999999999,0.14098161591216218,7.730621299999999,0.019875816025204426,0,200,-4.7601493100000045,-5.5364685,-4.4436493,0.13134864675895855,-4.733429,0.017252467005409673,0,200,-3.4791918139999995,-4.1007233,-2.0860748,0.32118775535863536,-3.5671234499999995,0.1031615741923186,0,200,I
7.733173063999997,7.345992999999999,8.653641,0.2168714996427356,7.68066415,0.04703324735728907,0,200,-4.763499752999999,-5.190384,-4.082184,0.17054639498220536,-4.792564400000002,0.029086072841426405,0,200,-3.4656159969999987,-3.954239,-1.7394714,0.38895343001685134,-3.5772552500000003,0.15128477072187366,0,200,I
7.658824459999994,7.472809,7.8161315999999985,0.04376169825044295,7.65938565,0.001915086233762822,0,200,-4.835991899999998,-4.9340363,-4.7142944,0.030039040246506808,-4.83620455,0.0009023439389312557,0,200,-3.5720677199999997,-3.7669373,-3.4076233,0.06265805943150497,-3.57578275,0.00392603241172201,0,200,I
7.740890023000003,5.75058,10.321274,0.4261145639684574,7.638443,0.1815736216260286,0,200,-4.7810142535,-6.184067,-2.6555176,0.3098139573806858,-4.867218,0.0959846881878814,0,200,-3.3679627193000004,-4.704178,1.1578064,0.7192825417275014,-3.5888519999999997,0.5173673748339748,0,200,I
7.592238921499996,1.5675201,15.430191,1.3006225080661036,7.462059,1.6916189084881617,0,200,-5.4319585365000025,-9.593842,-2.0273895,1.2338256792476965,-5.794937150000001,1.522325806771039,0,200,-0.7546255508649999,-10.594864,6.5157013,1.6129716233718707,-1.17263035,2.601677457802889,0,200,I
7.195414509499999,6.5618744000000016,7.621872,0.09719233587479437,7.19180295,0.00944635015279884,0,200,-6.195557546499999,-6.8190919999999995,-5.61499,0.09459146686157588,-6.201774650000001,0.008947545603024609,0,200,-1.4309123236999997,-1.7839966,-0.96803284,0.09742095857359122,-1.4492111,0.009490843169397377,0,200,I
7.2438749005,6.253677400000001,8.089478,0.19249580110734785,7.24366765,0.037054633443959616,0,200,-6.1395551170000005,-7.569992,-4.246475,0.3310023232254612,-6.1564331,0.1095625379806527,0,200,-1.4438953420000005,-3.7486572,1.0800781000000002,0.4806146907119413,-1.41298675,0.23099048092813498,0,200,I
7.249257744000003,7.064789,7.5880737000000025,0.052947602115103104,7.2456436,0.00280344856973927,0,200,-6.1359090425000025,-6.4736176,-5.4189300000000005,0.10238654465795206,-6.137908949999999,0.010483004526994813,0,200,-1.4859144574999998,-1.7185363999999999,-1.2414551,0.07774749890946156,-1.49707035,0.006044673586676726,0,200,I
7.247055670000001,7.1482850000000004,7.384460400000001,0.032215683290243824,7.244918799999999,0.0010378502498572953,0,200,-6.136531911500003,-6.298996,-5.8768005,0.054428295492657125,-6.141090500000002,0.0029624393502359994,0,200,-1.5115180229999998,-1.6600952000000002,-1.3063965,0.07770391467257028,-1.53240205,0.006037898355442082,0,200,I
7.263509521999997,6.8958282,7.923187299999999,0.07793562608601477,7.2662583,0.006073961813419107,0,200,-6.124115222499997,-6.371933,-5.629196,0.08334724209798933,-6.126228299999998,0.006946762765340844,0,200,-1.4125745419999998,-1.7809296000000001,-1.2229156,0.07328899146175942,-1.4098053,0.0053712762694818434,0,200,I
7.347556912500004,6.8468323,7.858322,0.18439147447852247,7.326423700000001,0.034000215860363614,0,200,-6.0217716304999955,-6.575409,-5.481415,0.20980803423401365,-6.04872895,0.04401941122914104,0,200,-1.0247361771799999,-2.2192382999999998,-0.05293274,0.5474094501085994,-1.16516875,0.2996571060681992,0,200,I
7.3112941775,6.6826630000000025,7.7855835,0.17966564923501244,7.271827750000001,0.03227974551503853,0,200,-6.004028172499997,-6.656311,-5.4996339999999995,0.18376045623144013,-6.0379486,0.03376790527438703,0,200,-1.5975072528500005,-3.1717987,-0.23269653,0.6908863181724627,-1.82398225,0.4773239046379013,0,200,I
7.312873683999998,7.042145,7.9301147,0.16945669452835174,7.24160775,0.028715571320475124,0,200,-6.0160707875,-6.458099400000001,-5.555832,0.17702379397157875,-6.07279975,0.031337423632091965,0,200,-1.6973109430000002,-2.0894318,-0.8961334000000001,0.3066856846493874,-1.819603,0.0940561091688635,0,200,I
7.282958539000001,6.9839325,7.4679720000000005,0.056682069701243926,7.284789999999999,0.003212857025616675,0,200,-6.0474152330000015,-6.3762817,-5.691147,0.08276958994000752,-6.041183500000002,0.006850805018836993,0,200,-1.7535225699999992,-2.0648956000000003,-1.5299530000000001,0.09763488725456317,-1.77108765,0.009532571209211258,0,200,I
7.250013422999997,7.083252000000001,7.348816,0.032055108074672996,7.2471543500000015,0.0010275299536789662,0,200,-6.078954623500001,-6.409134,-5.747177,0.053607677632939714,-6.08239735,0.002873783101197184,0,200,-1.8179135119999992,-1.957901,-1.6185608,0.07013702806405575,-1.83860015,0.004919202705658145,0,200,I
7.113723328323696,4.8346405,9.874741,0.5665952710085952,7.2577667,0.3210302011293034,0,173,-6.2414460867052055,-9.873306,-5.13089,0.6374007636672032,-6.075348,0.4062797335235338,0,173,-1.6877756263005776,-7.1894990000000005,1.5540618999999998,0.6852221732492794,-1.7473907,0.4695294267124654,0,173,I
6.856091677899999,-0.36921692,13.856247,1.5390817629348132,7.226493700000001,2.3687726729985323,0,200,0.10899162800000027,-9.614883,5.298767,3.0218335551090783,1.12129975,9.131478034783168,0,200,-6.386138087130001,-11.931931,0.25161743,1.7532868629917011,-6.7325897,3.0740148239392804,0,200,J
7.288034594499999,7.117264,7.509460400000001,0.07564148490813326,7.278884899999999,0.005721634239107353,0,200,1.13516517605,0.613678,1.5542145,0.12019667457009893,1.1364364999999998,0.014447240577710269,0,200,-6.734714205,-6.9750520000000025,-6.5229797,0.0760748430026739,-6.7394180000000015,0.005787381737881482,0,200,J
7.316187735,7.1172485,7.4808655,0.05298134297972211,7.317382799999999,0.0028070227039349487,0,200,1.09813422975,0.8561859,1.3053131000000002,0.0726873510925053,1.1060027999999995,0.005283451008845132,0,200,-6.7045320945,-6.8787080000000005,-6.586853,0.04499228000291422,-6.701767,0.0020243052598606353,0,200,J
7.356326059999998,7.1985474,7.505142,0.04429042492195165,7.357833900000001,0.001961641739767036,0,200,1.1304020709999998,0.9364319,1.4501343,0.06792055125455082,1.13191225,0.004613201282722065,0,200,-6.649527285999997,-6.74498,-6.498581,0.041647367363827424,-6.65381625,0.0017345032083375981,0,200,J
7.372262645000002,7.1749268,7.5249023,0.055212007042525636,7.374023449999998,0.0030483657216639013,0,200,1.1427485657499996,0.9353943000000001,1.3483733999999998,0.06561677791145183,1.1452483999999998,0.004305561543480791,0,200,-6.628783650499997,-6.761367999999999,-6.4730225,0.04987334503101845,-6.62982935,0.002487350544583013,0,200,J
8.119076830500001,5.582184,11.101852000000001,0.8009234385568368,8.324859499999999,0.6414783544297071,0,200,1.0738394948500003,-1.4522095,5.629303,0.6872976573737222,1.04354095,0.4723780698314065,0,200,-5.384462056499999,-8.179839999999999,-2.466446,0.9943248303610244,-5.078582750000002,0.98868186827248,0,200,J
8.548387742499997,8.230576,8.926239,0.1087369929083992,8.551894999999998,0.011823733626761259,0,200,0.8420330039500001,0.25444029999999995,1.3807373,0.18871551629441907,0.838470475,0.03561354609026915,0,200,-4.7830284055000005,-5.119079599999999,-4.4081116,0.1452793588795849,-4.783348150000001,0.021106092116463224,0,200,J
8.555364302500003,8.340759,8.761733999999999,0.08023041335364492,8.560623249999999,0.006436919226896725,0,200,0.8315065786000002,0.372818,1.4071503,0.13224082500604745,0.836975095,0.017487635798280058,0,200,-4.7724405585000005,-5.0989685,-4.5423584,0.10389851500087703,-4.7668838,0.010794901419387468,0,200,J
8.64754224,8.385025,8.950042999999997,0.0930709982121089,8.644950999999999,0.008662210708198378,0,200,0.9775672158,0.39866638,1.4745026,0.1720719376442033,0.97304535,0.029608751724630587,0,200,-4.546110239500001,-4.8921356,-4.0552673,0.14006944725567402,-4.55039975,0.01961945005451005,0,200,J
8.6716269485,7.1597137,10.435074,0.3893278715057456,8.672286999999999,0.15157619153119434,0,200,0.7899073026270003,-1.0454101999999998,2.9382172000000004,0.6208444393893515,0.9218978999999999,0.38544781792067817,0,200,-4.473448252499999,-5.9614410000000015,-2.052597,0.613853761084162,-4.478645350000002,0.37681643999717146,0,200,J
8.704458837499995,7.013686999999999,11.763855,0.4946905039295941,8.6480715,0.24471869467811574,0,200,-0.9278268451505,-2.204361,2.4812317000000004,0.9690707331590148,-1.5416565,0.9390980858653508,0,200,-4.2219943955,-5.211273,-1.8682709,0.6236293763564633,-4.26924135,0.38891359905475137,0,200,J
8.7736217725,8.529663000000001,9.159424000000001,0.12330104111402915,8.756279,0.015203146739803509,0,200,-1.5120031749999996,-1.7485808999999997,-1.0058440999999998,0.1318143529518773,-1.5350647,0.017375023644122082,0,200,-3.9913130235,-4.354492,-3.2110748,0.2473536608128706,-4.044067500000001,0.06118383351752864,0,200,J
9.045708087500003,8.772202,9.426986999999999,0.10870615505936193,9.0346145,0.011817028147790041,0,200,-1.2806285089000002,-1.7890167000000001,-0.6945038,0.1907269944619871,-1.2816925,0.03637678641650285,0,200,-3.289925304999999,-3.9303284,-2.8177642999999994,0.1993941206696123,-3.30568695,0.03975801535760791,0,200,J
9.050017597499997,8.7491,9.581985000000001,0.12305149601511164,9.041893,0.015141670671557037,0,200,-1.259838254549999,-1.9812317,-0.58895874,0.22610354075658504,-1.2572173999999998,0.05112281114266472,0,200,-3.2862846369999983,-3.8963318,-2.6676178,0.20809001290030132,-3.2839431500000003,0.04330145346884758,0,200,J
9.035662400499996,5.6407776,15.22345,0.6908532586694034,9.026718,0.4772782250141335,0,200,-1.72755714615,-3.9247131,1.8700256000000002,0.8885980315488431,-1.2774123999999998,0.7896064616724787,0,200,-2.9471041170000003,-4.589432,-0.362854,0.4904393332254688,-3.0687332000000005,0.2405307395746424,0,200,J
8.856025382499991,8.677688999999999,8.976974499999997,0.0559601756975255,8.855606000000002,0.003131541264097923,0,200,-2.7282035055000002,-3.019104,-2.4054108,0.11613296218513718,-2.74073025,0.0134868649058945,0,200,-2.782179721999998,-3.0825958,-2.4846802,0.10738390429424743,-2.7850037,0.011531302901476092,0,200,J
8.8533664825,8.616486,9.101074,0.07157710392603307,8.845741499999997,0.00512328180643814,0,200,-2.743198621499999,-3.1561737,-2.2557982999999995,0.15991036134176315,-2.7552261500000004,0.02557132366445327,0,200,-2.7717304265,-3.0546875,-2.2809906000000004,0.12605041065367475,-2.7871246000000003,0.015888706025960046,0,200,J
8.612760795854927,2.871109,14.490448,1.1811259903409794,8.843994,1.3950586050589593,0,193,-3.2158007004145084,-8.845839999999997,-0.24441528,1.4134272761705338,-2.777237,1.9977766650228543,0,193,-2.5443412480414502,-4.4754486,0.14881897,0.6936185857195533,-2.752243,0.4811067424555933,0,193,J
8.166876128000004,3.5854644999999996,15.936142000000002,1.2432392596694883,8.078491249999999,1.5456438567835376,0,200,-4.8900108426000015,-9.857559,0.49519348,1.2406482179732414,-4.971611,1.5392080007601794,0,200,-1.0856563596150004,-9.839828500000001,2.109375,1.8044564647107144,-0.7263412499999999,3.2560631330362897,0,200,K
8.366837770500004,4.5661316,15.375214000000001,1.5997682086271938,8.272476000000001,2.559258321334261,0,200,-4.701232833500001,-9.858459,2.136261,1.5990058719886522,-4.601982100000002,2.55681977865419,0,200,-1.1227140014199997,-9.617889,2.479416,1.9668007840366744,-0.8007660000000001,3.8683053240872782,0,200,K
8.343548541999997,2.84021,16.429489999999998,1.5174812856624038,8.190765500000001,2.3027494523356222,0,200,-4.747250523635496,-10.061859,2.5854492000000002,1.5138486359700962,-4.8275223500000015,2.2917376926285207,0,200,-0.6565463287620499,-7.6851195999999975,2.5861816,1.614895003550058,-0.07586670000000001,2.6078858724909417,0,200,K
8.050221242500003,3.725708,16.140503,1.5511306731999246,7.9669037,2.4060063653416512,0,200,-5.0431810851,-16.52678,0.73908997,1.9895047340748493,-4.8867875000000005,3.958129086906237,0,200,-1.4448567972669997,-11.719208,2.4072112999999997,2.1823652493241457,-1.0534058000000002,4.76271808145764,0,200,K
8.377829629000002,0.28836059999999997,18.397278,2.739023959061262,8.096664500000001,7.502252248311629,0,200,-4.812517092035,-16.700363,0.16726685,2.2481080359313856,-4.73374185,5.053989741219271,0,200,-1.1618601945300002,-17.380661,6.661728,2.666043055022446,-0.6364288300000001,7.107785571233418,0,200,K
8.580431984500002,1.7338103999999999,18.662827,3.3309052827861385,8.561058000000001,11.094930002892607,0,200,-4.7221299783749995,-13.969543,2.3830414,2.5384556926049378,-4.1808320000000005,6.443757303318415,0,200,-1.2469460307249995,-17.513397,3.4151763999999996,3.480969025041222,-0.1151733375,12.117145353296435,0,200,K
8.440451511999997,0.6934967,17.172745000000006,2.64370132318021,8.215247999999999,6.989156686184791,0,200,-4.894477755916,-12.403366,1.7268523999999998,2.28730435878047,-4.6395110000000015,5.231761229696136,0,200,-1.2804800386300008,-17.204620000000002,3.4889832000000003,2.8632212726843296,-0.98244475,8.198036056352072,0,200,K
8.2897446345,2.2082214,15.666732999999999,1.7748372241406367,8.1763075,3.1500471721952414,0,200,-4.188123921700004,-10.899582,0.9451599,1.849176197290621,-4.567894,3.419452608626204,0,200,-1.4461717304284998,-8.694672,3.0623473999999997,2.149512938024266,-1.04576875,4.620405870733712,0,200,K
8.051573406000001,1.9487915,17.753784,1.8522851296342409,7.8028488,3.4309602014641367,0,200,-5.163331298500003,-17.679062,-1.1075745000000001,1.5809608841054252,-5.28141025,2.4994373170714077,0,200,-1.2235710895200005,-17.229232999999994,6.45372,2.5214070864957163,-1.0680923,6.357493695830817,0,200,K
8.042079839999998,-0.8629303,14.813492000000002,1.7834069312632077,7.902328500000001,3.180540282477651,0,200,-5.107560652,-12.679871,1.8002014,1.4969412350000415,-5.1615448,2.24083306104345,0,200,-1.9131475085149992,-12.772995,3.850937,1.9690531905747932,-2.0174866,3.8771704673127716,0,200,K
7.910298860999994,2.3073883,14.496323,1.5930637837587052,7.8032378,2.5378522191236033,0,200,-5.3989160215000025,-15.303894,0.2541046,1.4517739209709846,-5.3408966000000015,2.107647517611466,0,200,-1.4151557187499997,-10.38208,5.5429688,2.068410642324955,-1.8321686000000001,4.278322585283133,0,200,K
8.375690387999999,2.331314,18.340775,2.352245003797949,8.045929000000001,5.533056557892415,0,200,-4.794542391099999,-13.538314999999999,1.3452758999999999,2.001835112751728,-4.93673705,4.007343818645723,0,200,-1.0008377136022797,-15.737564,4.9807434,2.3078542255522234,-0.195121765,5.3261911263992525,0,200,K
8.405518413100001,-1.9013061999999998,19.080704,3.1466916382384023,8.436249,9.901668266159481,0,200,-4.8974505664000025,-14.130463,1.8437195,2.5927198554716853,-4.375091500000001,6.7221962489571165,0,200,-1.1410650626935002,-17.815048,6.571411,3.0589888651368278,-0.36153412,9.357412877031097,0,200,K
7.0818376258,-0.80033875,17.37143,3.2013151418700705,7.547241249999999,10.24841863756659,0,200,-5.186594543895003,-12.242035000000001,0.8575591999999999,2.102812726059752,-5.24465945,4.421821360878844,0,200,-3.0180574971449987,-19.334671,7.2754059999999985,4.240123015458433,-1.61569975,17.97864318622032,0,200,K
8.121697030999997,1.3052368,17.418594,2.193480148282941,8.01062765,4.8113551609113525,0,200,-4.872019736170002,-10.590515,2.9605255,1.8777135730381571,-4.9861298,3.5258082623717235,0,200,-1.2928217337255,-12.463058,3.2939453000000003,2.4153122267699847,-1.017982465,5.833733152784583,0,200,K
8.216034687999999,3.3889160000000005,15.415161,1.7142226115230097,8.13459775,2.938559161856768,0,200,-4.857198562499999,-8.942047,0.44804382,1.49170514847011,-4.8934097,2.2251842499722327,0,200,-1.2469546486649998,-7.369262700000001,1.6382903999999998,1.728060106181545,-0.97669985,2.9861917305761727,0,200,K
8.241792216,4.59964,14.974120999999998,1.5536162590435665,8.139549500000001,2.413723480364526,0,200,-4.952996439829995,-9.96402,1.3880157,1.6126176275099866,-4.829841600000001,2.6005356125559382,0,200,-1.1228549908407501,-9.975525,3.4022827000000007,2.057729758797231,-0.7091827399999999,4.234251760239712,0,200,K
8.342523166091953,3.164917,14.975937,1.5122199241593441,8.181488499999999,2.2868090990244916,0,174,-4.799731279885059,-9.213455,1.9354552999999999,1.3860184166697542,-4.9063263,1.9210470513477325,0,174,-1.0388052036103446,-13.688095,2.0745087,1.8518013825127813,-0.53839112,3.429168360276248,0,174,K
9.1216303165,6.5907592999999975,13.628082000000001,0.547565020730413,9.13652025,0.2998274519274977,0,200,0.4044305406599999,-3.4394379,3.2392882999999997,0.5022081645549059,0.40458679999999997,0.25221304054560745,0,200,-3.381010663500001,-6.140503,-2.119735700000001,0.3821397852190924,-3.3347778000000003,0.1460308154472941,0,200,L
9.135690771500002,7.823349,10.508011,0.2639060704122708,9.149872,0.06964641400044645,0,200,0.31025794947349983,-4.1461487,2.1113433999999995,0.6253206867684793,0.388839715,0.3910259613006026,0,200,-3.2502305589999976,-5.7675019999999995,-1.3615111999999998,0.4052186471177381,-3.25098425,0.16420215197193,0,200,L
9.194232675000002,8.451477,11.171249000000001,0.1987624301123521,9.18499,0.03950650362416765,0,200,-0.29249641492,-0.92500305,2.8458862000000003,0.31621004317418905,-0.332099915,0.09998879140422252,0,200,-3.0938790920000003,-3.8453063999999997,-1.7578278000000005,0.2637077363874984,-3.0948639,0.06954177023061835,0,200,L
9.182121127500002,8.944168,9.356583,0.05583741784048546,9.183539999999999,0.0031178172310929644,0,200,-0.32455528209000023,-0.9031066999999999,0.21720886,0.1526948383062225,-0.330200195,0.02331571364536343,0,200,-3.1206150815000004,-3.653778,-2.7761993,0.11585545235240033,-3.1204605,0.0134224858397793,0,200,L
9.3217349115,3.5796356,16.386154,1.6274713153735718,9.26915725,2.648662882363784,0,200,-0.5967011276749999,-7.604767,2.714325,1.411921942623281,-0.340049735,1.9935235720611,0,200,-2.0465357944700013,-7.5068207,3.8190918,1.3714530703833392,-2.0740890500000004,1.880883524263888,0,200,L
9.471098252500003,9.021469,10.174149,0.10286131812926054,9.471161,0.010580450767288942,0,200,-0.8911307534500001,-1.4074554,-0.36042786,0.16207597841066104,-0.90869903,0.026268622777773063,0,200,-0.4909565732899999,-1.1150208000000001,0.47685242,0.2327564816448717,-0.5068817,0.05417557974769952,0,200,L
9.4797365325,9.341934,9.698822,0.0548365527261436,9.4790495,0.003007047514887127,0,200,-0.8226419824000005,-1.3072968,-0.26734924,0.1488008351035825,-0.84132385,0.022141688527523552,0,200,-0.6417539988000006,-1.1195374,-0.25169373,0.16083762836995066,-0.6470642,0.025868742699670343,0,200,L
9.475535475000003,9.283767999999998,9.644409,0.05755494819426995,9.4749985,0.003312572061645098,0,200,-0.8225521850499995,-1.059372,-0.35704040000000004,0.10662216775842284,-0.81126403,0.011368286657505262,0,200,-0.5798031613000004,-0.95755005,-0.23620605,0.1606735904194298,-0.599960335,0.02581600265827069,0,200,L
9.473647987499998,9.220383,9.743347,0.07043454245612457,9.473480499999999,0.004961024771003615,0,200,-0.8216097257499997,-1.1980743,-0.30503845,0.1468427301307508,-0.8377762000000001,0.021562787392252508,0,200,-0.6005256658499999,-1.0283356,-0.1485138,0.18936863207769453,-0.59946442,0.03586047881497724,0,200,L
9.468127225000009,9.283997,9.6020355,0.04616620326746116,9.463448,0.0021313183241325412,0,200,-0.8927790828499996,-1.2765961000000001,-0.5975951999999999,0.12303129807005815,-0.8843231,0.015136700304803491,0,200,-0.6241052251000001,-0.9411315999999998,-0.22966003,0.1727078394780547,-0.6482544000000001,0.02982799781717752,0,200,L
9.440699741,7.764251700000001,10.995894999999999,0.2531818146091908,9.442481999999998,0.06410103124880268,0,200,-1.03037223935,-2.1534576000000003,1.6809235,0.4232177533424628,-1.07534025,0.1791132667442417,0,200,-0.6944281748329998,-2.0414581000000003,0.5153198,0.3298815646023027,-0.7125549250000001,0.10882184666446318,0,200,L
9.4350195575,9.274550999999999,9.544312,0.04956128820288662,9.43791175,0.002456321288329588,0,200,-1.1099961826500004,-1.7295685,-0.6014099,0.1510465388776596,-1.1200638,0.02281505690692033,0,200,-1.0082151022999997,-1.5322876,-0.57315063,0.2166045780110576,-0.99642183,0.04691754321534833,0,200,L
9.430198512499992,9.253464,9.615097,0.04828083350487771,9.427559,0.0023310388839257227,0,200,-1.1756812261500005,-1.4870911,-0.8480072,0.12080377608917592,-1.17703245,0.014593552317403754,0,200,-0.8577891562499996,-1.3265991000000001,-0.41513062,0.2028608519036356,-0.816032425,0.04115252523506879,0,200,L
9.433220000000004,9.337891,9.551834,0.035357189418069174,9.433036999999999,0.0012501308435452225,0,200,-1.1738658119499996,-1.6040192,-0.8156738,0.12087768064383513,-1.1868743999999998,0.014611413677832991,0,200,-0.8287095646000006,-1.3038025,-0.4546050999999999,0.22224685845225345,-0.8122176999999999,0.049393666091895966,0,200,L
9.431975172499996,9.256165,9.584488,0.04892644743615263,9.432297,0.002393797258722607,0,200,-1.1228041849,-1.4468231000000005,-0.694046,0.14197882598166747,-1.13134765,0.02015798702713261,0,200,-1.02878165995,-1.4366913000000001,-0.5273895000000001,0.19876756465497925,-1.029541,0.03950854475887136,0,200,L
9.387113427499996,9.00264,9.886550999999999,0.09675819125999376,9.393218999999998,0.009362147575905531,0,200,-1.4446405772500004,-2.2518005000000003,-0.7590637,0.38112393246160736,-1.3319397,0.14525545189499986,0,200,-0.9485656742500004,-1.4809265,-0.62242126,0.14228106160914042,-0.952445975,0.02024390049262401,0,200,L
9.238605022500002,9.0186,9.426605,0.06899098988303434,9.242355,0.004759756685040946,0,200,-2.203410037,-2.746048,-1.5101928999999998,0.21161104164654573,-2.1744995,0.04477923294673612,0,200,-0.9494449614999996,-1.30336,-0.28459167,0.20405136542926525,-0.9862441999999999,0.041636959733547536,0,200,L
9.120246089080457,8.876297000000003,9.289124000000001,0.0598192757247956,9.123428500000001,0.00357834574823912,0,174,-2.673720351724139,-3.0247345,-2.1010437,0.1564848120743724,-2.6967087000000003,0.024487496409951647,0,174,-1.011617900977011,-1.2939758,-0.6255646,0.1450136041218093,-1.0319595499999998,0.021028945380396832,0,174,L
6.384556257429996,-0.4367218,17.77156,3.146228109835218,6.069221499999999,9.898751319117288,0,200,-7.2971406259999965,-16.350372,-1.0120544,2.6723366930340697,-7.1842726500000005,7.1413834009362676,0,200,-1.570060577885,-12.968917999999999,7.3115997,3.2663724077238685,-0.7259368850000001,10.669188705939822,0,200,M
6.83800575675,-2.3349,16.809143,2.9356174652482334,6.684951699999999,8.617849902270462,0,200,-7.172940065690003,-18.935547,0.5990448,3.106384775813656,-6.824852000000001,9.649626375406859,0,200,-1.9936075518665,-18.233856,7.880539,3.848726920192037,-1.01255035,14.812698906210885,0,200,M
6.708194207999997,-5.8996887000000005,18.001297,3.4981436095647784,6.3453827,12.237008713138897,0,200,-7.073148059350003,-19.386353,5.011154,3.420876362488456,-7.041442900000001,11.702395087432249,0,200,-1.6825169339099977,-16.183761999999998,5.1764526,3.095059250470442,-1.1392517,9.579391763922654,0,200,M
6.6753437757499965,-5.728821,19.250153,3.607784006873656,6.364952099999999,13.016105440253336,0,200,-7.0699288169999965,-18.512466,9.523712,3.496239318106736,-7.23919675,12.223689369475453,0,200,-1.3977603164900003,-19.753006,18.811356,4.341143877702696,-0.8091125349999999,18.8455301669156,0,200,M
6.973995133,1.6943206999999998,18.238617,2.9722533453540136,6.29119115,8.834289948968129,0,200,-6.614083933350001,-16.932586999999998,5.073822,2.835848430337727,-6.8320237000000015,8.042036319848952,0,200,-2.1322328155555006,-19.051834,11.414505,3.8112143453543528,-1.3946838,14.525354786234805,0,200,M
6.699584509977001,-1.9024047999999998,18.813064999999998,3.2489559342161707,6.690032999999999,10.55571466247847,0,200,-7.319686965199999,-19.034698000000002,3.8029633,3.0214041376966048,-7.2090377,9.128882963290168,0,200,-1.812005985323,-18.2435,12.494736,4.784354732467963,-0.15610504,22.8900502060886,0,200,M
6.60141494135,-1.9807738999999998,19.250153,3.4618858314747536,6.415115299999999,11.984653510165652,0,200,-6.555428010734996,-19.386353,3.0466613999999996,3.639858522408304,-6.60208895,13.248570063148366,0,200,-1.825937424406999,-11.537567,6.8171843999999995,3.201038664106004,-1.2477874999999998,10.246648529101547,0,200,M
6.484949433749998,-2.5468292000000003,19.250153,2.8754514049327664,6.617813099999999,8.26822078212982,0,200,-6.85596069619,-15.014510999999999,8.2260895,2.9860969666306776,-6.89709465,8.916775094120934,0,200,-1.6505412997100002,-19.638275,11.234863,3.71448451776087,-0.6762161499999999,13.797395232685206,0,200,M
6.765731366186492,-0.5601959,17.192505,3.1817157402623018,6.535865749999998,10.123315051832886,0,200,-6.826663830260004,-17.69513,7.8540800000000015,3.4812206700752046,-6.9571228000000005,12.118897353758856,0,200,-1.5077082113409999,-14.889876999999998,5.017868,3.0856694326291865,-0.75453185,9.521355847462123,0,200,M
6.7975707252000035,-0.6252289000000001,15.645874,2.5921548572771544,6.58170325,6.719266804105547,0,200,-6.988961877499999,-17.863739000000006,4.189972,2.72940454649863,-6.98262785,7.449649178447392,0,200,-1.751765204805,-14.037216,9.287598,3.2400760785608123,-1.2213898,10.49809299486201,0,200,M
6.656480331849997,-6.6583557,18.502257999999998,3.558015401474707,6.3856887,12.659473597131221,0,200,-7.083586580299996,-17.387268,13.583038,3.4206344460637705,-7.0940246500000015,11.700740013598,0,200,-1.9052320873099995,-16.196089999999998,8.645752,3.7967918652520662,-1.46701815,14.415628468044266,0,200,M
6.7081597230400005,-10.922286999999999,19.250153,4.230110445231151,6.6356965,17.89383437885369,0,200,-6.9232379287000025,-18.039978,6.9606476,3.816973386153125,-6.4846802000000014,14.569285830601249,0,200,-1.652855749745001,-18.01567,11.294661999999999,3.932856622768234,-0.92601012,15.46736121525196,0,200,M
6.9706900256000015,0.29052734,14.901871,2.7370936770124787,7.136077799999999,7.4916817967416955,0,200,-6.805726464849997,-15.567978,1.475357,2.5692492637773428,-6.5407943500000005,6.6010417794204175,0,200,-1.5771386732915005,-14.318404999999998,7.4353485,3.4140594301683764,-0.60023497,11.655801792721617,0,200,M
7.06052320987,0.009979248000000001,18.087889999999998,3.229299340457794,6.90759275,10.428374230281145,0,200,-6.874310215699997,-19.279723999999998,4.7346954000000006,3.0414125253821838,-6.719421350000001,9.250190149551637,0,200,-1.68507370759,-17.498367000000002,6.543152,3.355086411260726,-0.87158202,11.256604827026377,0,200,M
6.806701276050001,-3.3150635000000004,19.250153,3.123945016897748,6.859748750000001,9.759032468600267,0,200,-6.911360015999999,-15.904860999999999,6.4659424,2.570780065338067,-6.7586975,6.608910144339597,0,200,-1.7861197035364995,-13.350357,5.073501599999998,3.3530150883785117,-1.00292205,11.242710182893964,0,200,M
6.853387762199999,-0.68544006,18.661483999999998,2.6816791008979433,6.76118475,7.191402800192798,0,200,-6.774223332499997,-15.014206,7.229141,2.6288852187196308,-6.50292215,6.911037493202564,0,200,-2.08250357642,-13.012039,6.2224580000000005,3.360323866299861,-1.31212615,11.291776486424446,0,200,M
7.030169834500004,1.6081696,18.715270999999998,2.1531921454881497,6.8585052,4.636236415391863,0,200,-6.548981553499999,-14.120804000000001,8.806000000000003,2.128467131623979,-6.4762726,4.530372330403608,0,200,-1.6144567071599991,-11.284637,3.8217315999999997,2.591336918529862,-1.0923614499999998,6.715027025335841,0,200,M
7.131570672600003,-3.7179718,19.171782999999998,3.2611911453597564,6.992988499999999,10.635367686572877,0,200,-6.681961071449996,-15.839691,9.323181,3.1900980296203247,-6.67380515,10.17672543858748,0,200,-1.6040400763350002,-13.198058999999999,4.6371155,3.0396185328416743,-1.1226806999999999,9.23928082519457,0,200,M
6.671388922149999,-3.760788,18.947235,2.5864354686947264,6.736709599999999,6.689648433722109,0,200,-7.015524539000003,-17.005570000000002,5.6132355,2.2520532907417765,-6.9126282,5.071744024340863,0,200,-1.4931621555585002,-14.031158,7.8053284,2.795144674141385,-0.7600937,7.812833749380947,0,200,M
6.674851908349999,-7.453186,15.755722,3.3284461477784717,6.780853250000002,11.078553758661348,0,200,-7.130597611249998,-16.463959,0.7141113,2.8384489349708693,-6.7114104999999995,8.056792356437262,0,200,-1.696975481987499,-15.752167000000002,10.0061035,3.2450383220403483,-1.4896774000000002,10.530273711510436,0,200,M
6.818599699999997,-8.182938,19.001266,3.0931050022407662,6.753723149999999,9.567298554886849,0,132,-6.679192965303029,-15.455001999999999,4.0273129999999995,2.3073381362008227,-6.706336949999999,5.3238092747666865,0,132,-1.1739403725454551,-13.78154,10.461867999999999,3.3489651757691346,-0.575523375,11.21556774851439,0,132,M
2.7697539537250013,-1.7302856,12.977142,2.073105226261209,2.4877777,4.297765279151538,0,200,-8.920777264225,-17.49887,4.1604156,2.3506408043660665,-9.2711715,5.525512191150748,0,200,-1.2825998704374997,-10.722503999999999,9.463013,1.9762296909816195,-1.02200315,3.905483791517306,0,200,O
2.234025649050001,-0.9221039000000001,6.9427032,1.1812100824238525,2.2770386,1.3952572588197645,0,200,-9.4543808625,-11.053116000000001,-6.638153,0.4805011406320969,-9.4383545,0.23088134614874614,0,200,-0.6760356155128997,-7.556472999999999,2.4949036,1.026142405641932,-0.5111313,1.0529682366566109,0,200,O
2.31023223809,-1.8418120999999998,7.5477753,1.298403207630599,2.34695435,1.6858508895854274,0,200,-9.414054256,-17.383179000000002,-5.9446106,0.970351009637524,-9.400306500000001,0.941581081904562,0,200,-0.7804229727087,-5.3511809999999995,3.6696625,1.3665135165986722,-0.6093826199999999,1.8673591910468688,0,200,O
2.3905100223499987,-1.3656768999999995,7.7385406,1.2686364220008792,2.3767701,1.6094383712271925,0,200,-9.307204210500004,-14.068588,-6.5180664,0.9293333790325078,-9.36064925,0.8636605293839787,0,200,-1.6159629037800003,-13.031509,2.3476257,1.7274758584199386,-1.3077164,2.984172841423704,0,200,O
2.163572922829999,-1.2549743999999998,6.7051240000000005,1.208944837636312,2.11366265,1.4615476204474886,0,200,-9.442055734499995,-15.4142,-5.580124,0.932242361924359,-9.41346725,0.8690758213663077,0,200,-1.1505928012104991,-5.5965424000000015,1.5500488000000001,1.050850885537864,-1.0721817,1.1042875836357129,0,200,O
1.957212214620001,-1.0509796,5.3916319999999995,1.0775168389140832,2.0230179,1.1610425381433984,0,200,-9.521388400000003,-12.779297,-7.534622,0.5713232275459711,-9.4807205,0.3264102303335453,0,200,-1.1078331763499996,-8.6215515,1.9593506,1.5159173607542165,-0.892044075,2.298005444636029,0,200,O
1.7337935616049998,-1.0778046000000001,5.8790894,1.0793886153566536,1.7672347999999998,1.165079782961554,0,200,-9.52530618,-11.222443,-7.828064,0.42202375344689386,-9.501198,0.17810404847340466,0,200,-0.9942619315000004,-5.5348663,1.7650146,1.0120915653689746,-0.91270447,1.024329336691021,0,200,O
1.8905368017749995,-1.1570435,7.2022247,1.2068441858281278,1.81393435,1.4564728888671568,0,200,-9.539325399999996,-13.1707,-7.7764130000000025,0.560921896518405,-9.5369185,0.3146333739938041,0,200,-0.8170693965265002,-6.3128660000000005,3.168518,1.129378779894196,-0.8371505499999999,1.2754964284753032,0,200,O
1.6962145192549998,-1.4844055,5.4553833,1.1340238648045682,1.8273621,1.2860101259462895,0,200,-9.573423764999998,-10.985336,-8.233566,0.3754450731404622,-9.5690155,0.14095900294544705,0,200,-0.784039005405,-5.392853,1.3930511,0.9246132348071179,-0.670028675,0.8549096339804828,0,200,O
1.73876823534,-0.99583435,8.513641,1.1081467904487152,1.70429995,1.2279893091817888,0,200,-9.550601962499996,-10.767792,-8.555083999999999,0.31929503609667925,-9.522674499999999,0.1019493200759797,0,200,-0.8045036336120001,-12.6983795,2.1981048999999997,1.2558176828020438,-0.75188446,1.5770780524382948,0,200,O
1.7938407114273511,-1.7279205000000002,5.235733,1.196434565861503,1.79640195,1.4314556703882033,0,200,-9.562131602500003,-11.181503,-8.388824000000001,0.37186496459874496,-9.550026,0.1382835518960259,0,200,-0.8303910055115001,-7.745636,1.6460723999999998,1.0942734927603588,-0.812271125,1.197434476957955,0,200,O
1.9848387926449995,-0.90263367,6.286667,1.180924717643021,2.01396175,1.3945831887402496,0,200,-9.488024518500003,-12.998702999999999,-4.2417297,0.7626264294956276,-9.4976045,0.5815990709652495,0,200,-0.8615802001145002,-8.38829,1.6900023999999998,1.3011474636880564,-0.6515197699999999,1.6929847222618624,0,200,O
1.6568952189500004,-3.2046509,5.155594000000002,1.0158980143025813,1.7012558,1.0320487754639276,0,200,-9.5671273675,-11.805237,-8.418396000000001,0.4021382999579705,-9.5419315,0.1617152122930866,0,200,-0.9535213438517997,-16.428787,2.2059479,1.7787784624837564,-0.78785707,3.164052818596077,0,200,O
1.7566233022064992,-2.201706,4.635498,1.176402389122205,1.89131165,1.3839225811324318,0,200,-9.57720338749999,-11.049255,-8.30809,0.3797020212711683,-9.546455,0.14417362495741073,0,200,-0.8750598881774998,-11.215332,2.3480529999999997,1.4044978451600434,-0.6342696999999999,1.9726141970592053,0,200,O
1.7289702637250008,-3.3336945,4.262878400000001,1.0989968058836816,1.8282013,1.2077939793425347,0,200,-9.534873229999997,-11.654861,-8.829575,0.3135337134857838,-9.49580375,0.09830338949218556,0,200,-0.9285260024550002,-18.432586999999998,3.761261,1.616001503442702,-0.7996292199999999,2.6114608591290733,0,200,O
2.2382530213899985,-2.4651490000000003,8.16156,1.4100259458700743,2.2957382,1.9881731680267976,0,200,-9.325009467000005,-12.876816,-3.981491000000001,0.8379044082521034,-9.4089585,0.7020837973683076,0,200,-1.3543357104199998,-15.066513,1.5356292999999999,1.9525168306156695,-0.91151427,3.81232197383746,0,200,O
1.9964497354700004,-3.2534637,5.6163025,1.299625905292188,1.9584122,1.6890274937065397,0,200,-9.495518968999999,-11.917618,-6.255234,0.6144663778160899,-9.509987,0.3775689294664257,0,200,-0.8441705339229997,-8.755463,2.2402496,1.2377472294488174,-0.6347351000000001,1.5320182040082235,0,200,O
1.9773972356242784,-0.94192505,6.7203217,1.0774048030456689,2.0328217,1.1608011096258763,0,173,-9.533048850867054,-11.733734,-7.456939699999999,0.4838869703619165,-9.480438000000001,0.23414660008603425,0,173,-0.8682908962052025,-6.810486,1.7889557,1.1138608178548468,-0.606781,1.240685921552268,0,173,O
3.639914627649998,-0.9361572,10.035492,1.7685020579301638,3.5775757,3.1275995289032243,0,200,-8.8898939505,-12.214157,-5.4877625,1.0117691559530475,-8.8970485,1.0236768249379429,0,200,-1.2829560848914994,-5.543686,3.1432037,1.2935528612036755,-1.16209415,1.6732790047282151,0,200,P
3.622276916349998,-0.81477356,12.9021,2.1563278462137565,3.3926849000000003,4.649749780356858,0,200,-8.853776488999998,-13.188339000000001,-5.5593414,1.2065570209104983,-8.711571000000001,1.4557798447084171,0,200,-1.3324687157599993,-6.020706,1.1155243000000001,1.3105118161987228,-1.22159575,1.7174412203964748,0,200,P
3.5592106604365,-2.405136,11.033249,2.289506696797904,3.43850705,5.241840914682449,0,200,-8.880364393000002,-13.782348999999998,-5.464035,1.2901881342658,-8.8722765,1.6645854218002665,0,200,-1.5469953074450016,-10.653915,4.1710970000000005,1.4498695105086878,-1.50788115,2.1021215975027023,0,200,P
3.8038518512,0.11840819999999999,9.814041,2.0052609015445224,3.5781479000000003,4.021071283263152,0,200,-8.807337821,-12.509537,-5.9086914,0.9753579587644312,-8.7647175,0.951323147725118,0,200,-1.635304868233999,-7.7185820000000005,0.89097595,1.2067436400962042,-1.5358124,1.4562302129126372,0,200,P
3.821799381280002,-4.084442,15.420867999999999,3.3117943309370452,3.51240535,10.967981690426749,0,200,-8.891000145500001,-16.596832,-2.5363312000000002,2.197623731802736,-8.838546999999998,4.829550066582583,0,200,-1.8569993556100008,-13.034088,6.682785000000001,2.4108159809960563,-1.7809601000000002,5.812033694225978,0,200,P
3.8629830837900023,-5.5413666,12.17041,2.7306579382705665,3.4096908999999997,7.4564927758400605,0,200,-8.816543575000003,-17.255173000000006,-2.7505797999999997,1.8223487645962018,-8.754448,3.3209550198253037,0,200,-1.5200348634204996,-14.500259,9.391785,2.348424026211894,-1.5453948999999998,5.515095406889284,0,200,P
3.852930372129998,-0.5664520000000001,12.262024,2.3739626153550724,3.798378,5.635698499103493,0,200,-8.707747916499999,-11.790848,-5.2902374000000005,1.0855165244650669,-8.507881,1.178346124886718,0,200,-1.9942048573500009,-11.994705,3.112564,1.5291148414672626,-1.9408264,2.3381921983954514,0,200,P
3.9238114808,-2.1024933,16.100707999999994,2.378430563453524,3.7286682,5.656931945169847,0,200,-8.656624373500003,-19.167831,-2.2046661,1.5299050321862686,-8.6314625,2.3406094075088677,0,200,-2.27133110135,-7.2539063,2.068634,1.3750383396953798,-2.34706875,1.8907304356322268,0,200,P
4.165437541150001,-0.9507445999999999,15.245102,2.6062794786711314,3.719627350000001,6.792692720942264,0,200,-8.617178580500001,-13.417572,-3.0280151,1.4748265648216343,-8.5681765,2.175113396303582,0,200,-1.6974145547179993,-14.694,2.7250671000000004,2.0264048501943224,-1.49845125,4.106316616891074,0,200,P
4.0610148647200015,-0.61491394,9.290664999999999,1.8477902821516508,3.95677945,3.414328926814077,0,200,-8.576735083500001,-11.782974000000001,-5.6954193,1.0005248188447446,-8.471870500000001,1.0010499131243091,0,200,-2.0742252353500006,-5.2653656,0.70903015,0.8793770461863651,-2.08797455,0.7733039893594567,0,200,P
4.743004531500002,-2.5957642000000005,17.906342000000006,3.0659203499236227,4.3879013,9.399867592075786,0,200,-8.452842930999998,-18.180817,-1.2432709,2.327790939580263,-8.305655999999999,5.418610658391964,0,200,-1.8819368787024997,-18.006104,3.177658,2.675702299519856,-1.4711608999999999,7.159382795655844,0,200,P
4.7041549616000005,-0.23725891,18.763275,2.5046118476429955,4.427383350000001,6.273080507353661,0,200,-8.300315550999994,-12.483963000000001,-2.5083618,1.3058397107649429,-8.322830499999998,1.7052173502106691,0,200,-1.6711993420699989,-14.048874,3.0401458999999997,2.002100336216579,-1.37903595,4.008405756278538,0,200,P
4.8620444542999985,0.27272034,14.417023,2.2725002283450393,4.4966735500000015,5.164257287828255,0,200,-8.324025266999996,-13.747299,-4.3390045,1.464057675222758,-8.220672749999999,2.1434648763786672,0,200,-1.4949484261879995,-11.147385,2.439392,1.9450326893731005,-1.2779007,3.783152162729956,0,200,P
4.8121954296599965,-4.073044,13.199492999999999,2.6029633772719305,4.801277149999999,6.7754183434188935,0,200,-8.379754883999997,-13.961609,-2.8056487999999997,1.8560962541253168,-8.381858999999999,3.445093304578032,0,200,-1.345072859145,-12.568283000000001,6.3645325,2.585320952918788,-0.773872365,6.683884429600909,0,200,P
5.184645993700001,-1.4843445,18.060013,3.3301734747190257,4.6267165000000015,11.09005537172219,0,200,-8.164884562500005,-16.072388,-3.521988,2.1732410715554225,-8.148353499999999,4.7229767550953605,0,200,-1.7561534999700017,-14.381256,6.343292,3.1438197982097997,-1.18977355,9.883602923615909,0,200,P
5.587002176750002,-2.3919373,13.2986145,2.3989655351859303,5.36681365,5.7550356390099155,0,200,-7.745334006499998,-17.314041,-1.7830658,2.2356672412910723,-7.7714232999999995,4.998208013782034,0,200,-1.832517772835001,-12.330642999999998,5.221588,2.3919768196458264,-1.6472243999999998,5.721553105722964,0,200,P
5.406743846400002,-1.1880951000000002,18.880295,2.6799248360789902,5.0166168,7.181997127033,0,200,-7.892654258500001,-15.593658,2.8220062,1.9470203971898243,-7.792785599999998,3.7908884270732215,0,200,-1.1072587593649996,-12.313339,5.067154,1.7223210468313166,-1.0248260500000002,2.9663897883581223,0,200,P
5.362651406531792,-0.41600037,14.058716,2.4813651988133016,5.2277527,6.157173249881778,0,173,-8.012235017341041,-15.003616000000001,-4.3824463,1.4581245420545537,-7.876067999999999,2.126127180141802,0,173,-1.2594446588271673,-6.567092999999999,2.221222,1.1936674986536475,-1.2398071000000002,1.4248420973420557,0,173,P
7.809337379999999,5.129043599999998,10.98555,0.43159620014964734,7.7845840000000015,0.18627527998361448,0,200,-5.254244544499996,-8.819489,0.2855072,0.6175887525118163,-5.29983525,0.3814158672291016,0,200,0.52225532317,-11.942032000000001,1.1707611,1.3489913835256953,0.84525299,1.8197777528265693,0,200,Q
7.842680363499999,7.7313385,7.9927673,0.03280734758154337,7.8431853,0.0010763220553361994,0,200,-5.261617505500002,-5.434906,-5.1284637,0.037741623637457374,-5.261879,0.001424430154791481,0,200,0.7058537299000003,0.5623931999999999,0.8989258,0.05828071668211623,0.69774628,0.0033966419369811,0,200,Q
7.842261286499995,7.763122599999999,7.9888460000000014,0.034797753222003736,7.8441467000000005,0.0012108836292994715,0,200,-5.263602670000001,-5.3779449999999995,-5.119568,0.04060107361271528,-5.26519025,0.0016484471785051251,0,200,0.70231666565,0.5514984,0.9251251,0.0532079352773204,0.701499925,0.002831084376475517,0,200,Q
7.848168036000004,7.688385,7.925292999999999,0.029512012599903818,7.8511809999999995,0.0008709588876968821,0,200,-5.248899617500005,-5.412018,-5.1788025,0.0393131054757888,-5.2437133000000005,0.0015455202621504954,0,200,0.7095207199999995,0.48693848,0.8287201,0.058154510960094614,0.71421815,0.0033819471450077646,0,200,Q
7.889190512499997,7.6250152999999985,8.101929,0.05739137891725315,7.8943785,0.0032937703740237288,0,200,-5.181473473000002,-5.576996,-4.838653599999999,0.0873742571426856,-5.1669694999999995,0.0076342608112361455,0,200,0.6919630430499997,0.34596252,0.9508972,0.07964032354018757,0.69444275,0.0063425811335857535,0,200,Q
7.876046753,7.770645,7.9785767000000005,0.02862934561569832,7.877097999999999,0.0008196394303831044,0,200,-5.2065348085000025,-5.3452606,-5.097931,0.03840823277632914,-5.2039260999999986,0.001475192345000684,0,200,0.69713523895,0.5711975,0.8970947,0.05200673775180355,0.6917800999999999,0.0027047007715848693,0,200,Q
7.989719309,4.769500700000001,11.586044000000001,0.7006824608382484,7.938575749999999,0.4909559109263435,0,200,-4.986743778500002,-10.31105,-1.7607116999999999,0.8039871284180684,-4.947616649999999,0.6463953026619317,0,200,-0.8516885402100001,-8.097930999999999,3.6892089999999995,1.7724052337229792,-0.6676864499999999,3.1414203125286084,0,200,Q
8.222036765499997,7.5450134,9.33876,0.23896188642985125,8.1720965,0.05710278316611313,0,200,-4.524823464000004,-5.8525849999999995,-2.721466,0.3850908805169841,-4.60919955,0.14829498625734613,0,200,-2.13199180165,-3.1889648,0.69088745,0.5535769984404044,-2.2647324,0.30644749320228754,0,200,Q
8.202705777499995,8.015578999999999,8.448257,0.06514162886609749,8.204735000000001,0.004243431811328385,0,200,-4.391571962499996,-4.596786499999999,-4.1909485,0.06019899244970331,-4.39781955,0.0036239186919594358,0,200,-2.6396221959999995,-2.7911224,-2.4275208,0.0604354649166426,-2.64141845,0.0036524454196907377,0,200,Q
8.156380529000009,7.820587,8.771072,0.0936927858582713,8.155120499999999,0.008778338121883882,0,200,-4.482004850000001,-4.668915,-4.306198,0.06578410192156027,-4.49382025,0.0043275480656262315,0,200,-2.641470797000001,-3.337799,-2.2550354,0.10618232732366643,-2.6296997,0.011274686635870241,0,200,Q
8.137173066499999,7.9609527999999985,8.323532,0.04708398138125732,8.137130499999998,0.002216901302710586,0,200,-4.5158007095000015,-4.7375183,-4.348831,0.05181065962057867,-4.5121232000000004,0.002684344450319461,0,200,-2.6048960080000008,-2.7851105,-2.3456572999999996,0.07207304663093032,-2.61809535,0.005194524050664257,0,200,Q
8.1401461125,7.907608,8.429153,0.07394450458310821,8.1429215,0.005467789758041312,0,200,-4.4854184800000025,-4.648468,-4.135681,0.08132261889878284,-4.498245299999999,0.006613368344556673,0,200,-2.679674223,-3.1368408,-2.4238433999999995,0.1418192693108294,-2.6401215,0.02011270514785756,0,200,Q
8.0554397065,7.8109283,8.232422,0.06630665230078041,8.063949749999999,0.004396572139336588,0,200,-4.5346237190000025,-4.771866,-4.3948364,0.06220804969133774,-4.5298232,0.0038698414463999454,0,200,-2.891502535999998,-3.1154479999999998,-2.684494,0.07922632124625742,-2.8877410999999995,0.006276809978215181,0,200,Q
8.045445395000002,7.8291016,8.336227000000001,0.0728302587188963,8.048630000000001,0.005304246585061371,0,200,-4.5644470275,-4.851287999999999,-4.243576,0.06846021963892927,-4.562385599999999,0.004686801673010438,0,200,-2.8537149029999997,-3.184082,-2.3155365000000003,0.11506506989158513,-2.87088775,0.013239970309155366,0,200,Q
8.055630489000004,7.9062347000000015,8.19873,0.04619615912401729,8.059021000000001,0.002134085117811526,0,200,-4.625462727,-4.739731,-4.491928,0.03703482216847302,-4.626564050000002,0.0013715780530504206,0,200,-2.7002354439999996,-2.8646697999999997,-2.5397491000000003,0.0696175689301254,-2.6986008,0.0048466059037407605,0,200,Q
8.055051431499999,7.678192,8.382782,0.0830655538979983,8.048859,0.006899886244381262,0,200,-4.589716349999997,-4.8740845,-4.2398224,0.08370752138530357,-4.595283599999999,0.007006949136471056,0,200,-2.7916893755000007,-3.3845214999999995,-2.5266724,0.11201029117243702,-2.79682925,0.012546305328534122,0,200,Q
8.054157167,7.788803,8.326782000000001,0.09019056776327236,8.0505295,0.008134338513461422,0,200,-4.597598114999999,-4.8323517,-4.2883453000000005,0.1060298033062274,-4.5721206500000005,0.011242319189157274,0,200,-2.7573968505000006,-3.2027435,-2.3845062,0.1256048666154898,-2.75816345,0.015776582517494992,0,200,Q
7.968762881034482,7.834762599999999,8.104477000000001,0.045568384680530184,7.974693200000001,0.0020764776823927775,0,174,-4.716209233333334,-4.8680115,-4.577072,0.04718746698049617,-4.71173085,0.0022266570400354163,0,174,-2.8311046706896543,-2.9489287999999996,-2.6508331000000003,0.05903653298766829,-2.83289335,0.0034853122272040463,0,174,Q
1.2914110579499996,0.7601166,2.1575623,0.20533527552802155,1.30545805,0.042162575376168535,0,200,9.624960780000004,9.334885,9.869232,0.09975239678726072,9.6286545,0.009950540664803102,0,200,0.26109466482449994,-0.52012634,0.8002471999999999,0.18559184804043724,0.25887298000000003,0.034444334059064746,0,200,R
1.3528176895500004,-0.589447,4.2689056,0.6965811719816232,1.29528045,0.4852253291592916,0,200,9.5851553435,6.057556,12.320755,0.492579605683238,9.6399075,0.24263466793505425,0,200,-0.4813027191050001,-9.116272,2.1508636,1.5043462161935977,-0.057739258,2.2630575381759948,0,200,R
1.3735482025499997,0.8096770999999999,1.8972015,0.1812737152759766,1.3691177,0.032860159849955835,0,200,9.653117220000002,9.408936,9.945999,0.08571775784466241,9.65363325,0.007347534009916184,0,200,-0.06120422335885003,-0.5112457,0.38772583,0.16027335450179458,-0.043273926,0.025687548163257915,0,200,R
1.3445487199999997,0.8835907,1.7722778000000001,0.1580844259739732,1.35009765,0.02499068573552061,0,200,9.653755200000006,9.446487,9.896286,0.08142765646859389,9.6530535,0.006630463237967341,0,200,-0.008984146223029996,-0.31358337,0.5079498,0.1271289613379822,-0.0096969605,0.016161772810874175,0,200,R
1.333960725635,-1.1930237,4.405044599999999,0.6773193024422415,1.3178024499999998,0.4587614374608446,0,200,9.645730584999997,8.267761,11.638138,0.3736422589773456,9.662903,0.13960853769369375,0,200,-0.44826713632450016,-3.3767547999999996,2.3396453999999998,0.8230797643323428,-0.30831909,0.6774602984533848,0,200,R
1.4488403293750003,-1.7879028000000001,4.3915253,0.8455403017948836,1.45990755,0.7149384019593827,0,200,9.609210445499995,3.7804870000000004,17.561172,1.087565363334564,9.5924755,1.182798419525042,0,200,-0.44405914190350027,-10.346939,5.6006775,1.728141677550768,0.06565857,2.9864736576879816,0,200,R
1.4986825557499999,-1.0132599,3.7842559999999996,0.521519945393968,1.5104904,0.27198305344372736,0,200,9.612052840000004,8.25325,11.702881,0.3183399123788458,9.611961500000001,0.1013402998133712,0,200,-0.09859458790800003,-3.9868163999999995,1.0196686,0.7650472250658951,0.08576202399999999,0.5852972565810264,0,200,R
1.339120482324999,-1.4343261999999999,3.3793945,0.7079406026714463,1.41248325,0.5011798969108106,0,200,9.633443155000004,7.920517,11.634308,0.40613599875629697,9.6249465,0.16494644948577486,0,200,-0.3234606938929997,-5.1249847,1.9969635,1.1676246023909826,-3.814700000000031e-05,1.3633472121087002,0,200,R
1.298558731849999,0.45091248,1.8764038,0.2512939159458652,1.2859115499999998,0.06314863219140755,0,200,9.650427077499998,9.128906,10.206711,0.13879965669198102,9.654465,0.019265344697811798,0,200,-0.06780906766650002,-1.2016907,0.9155884,0.3895559890922473,-0.006362915,0.15175386863763912,0,200,R
1.2274127204999998,-1.5092316000000001,7.09581,0.9209798199525244,1.2494812,0.8482038287597842,0,200,9.666580054000002,6.463135,14.272263,0.6551319642859508,9.664833,0.42919789062916813,0,200,-0.13331916825500004,-6.9593050000000005,4.201599,1.1936806441917602,-0.015632629500000002,1.4248734803180558,0,200,R
1.240146637905,-0.40196228,2.8217925999999998,0.42515317258353896,1.2882232999999998,0.1807552201578485,0,200,9.6538216145,6.3995055999999995,13.135573999999998,0.4649405477791679,9.6530305,0.21616971296919268,0,200,-0.103712463812,-4.4185333,1.0350342,0.7537046897595824,0.079208375,0.5680707593655883,0,200,R
1.107828522517,-3.654068,4.2321014,1.055394420676989,1.18800355,1.113857383196117,0,200,9.671124495,5.7713776,16.181046,0.9298665644688564,9.6541065,0.8646518277171139,0,200,-0.2423925022250001,-5.717666599999999,2.026001,1.1987018940770215,-0.012794495,1.4368862308638388,0,200,R
1.2384509284600005,-3.1218414,4.740661599999998,1.1985741320089351,1.3224486999999998,1.4365799499209722,0,200,9.5896239885,7.658736999999999,12.552353,0.7220242976554174,9.6336825,0.5213190864047988,0,200,-0.7622267869360002,-8.243713,5.828994799999999,1.9135337450920449,-0.17041016,3.661611393605986,0,200,R
1.4199640631500008,-1.75531,4.1044006,0.7419112269442643,1.45059965,0.5504322686659435,0,200,9.598722257500006,8.562592,11.169373,0.3588616432599773,9.5902025,0.1287816790032512,0,200,-0.08886283577099999,-5.787628,1.7215118000000005,1.1331277753624631,0.27165222,1.2839785552978848,0,200,R
1.4258927154499994,0.811203,2.106842,0.2301638242883978,1.4441223,0.05297538601106045,0,200,9.6225025025,9.333953999999999,9.908218,0.08380155672593256,9.621719500000001,0.007022700909689693,0,200,0.17266494706,-0.33694458,0.7662201,0.17540473968715287,0.174903875,0.030766822704717856,0,200,R
1.3577390329000008,0.52023315,2.1168365000000002,0.2842675612392751,1.35447695,0.08080804637292502,0,200,9.637414280000002,9.243561,10.093155,0.10604793199393407,9.6332095,0.01124616388019007,0,200,0.12518371651784993,-0.69866943,0.8771056999999999,0.2803295712731081,0.12365723,0.07858466853016463,0,200,R
1.3735466032500003,0.54104614,2.185669,0.28876550096907183,1.3698959,0.08338551454991902,0,200,9.634524559999996,9.305954,10.122971000000001,0.1040340102506655,9.6263885,0.010823075288835571,0,200,0.08031196598475501,-0.5551605,0.61351013,0.22118711076490727,0.0961761475,0.04892373796852738,0,200,R
1.36313016616279,0.71299744,2.1978912,0.2936748023384078,1.3219756999999999,0.08624488952850291,0,172,9.637267430232557,9.335739,9.899521,0.10760272905208808,9.63842,0.011578347299457082,0,172,0.1592254634930233,-0.37626648,0.7663574000000001,0.22151483522765206,0.164207455,0.04906882222593383,0,172,R
5.494534065499998,-3.2832642,8.915741,0.9575295873459594,5.5859679999999985,0.9168629106429232,0,200,-7.852778252000006,-13.757645000000002,-5.094619799999999,0.8111852438140401,-7.72293855,0.6580214997816437,0,200,-1.0458228259749995,-13.769897,7.010040299999999,1.5989513328895408,-0.934768665,2.5566453649492398,0,200,S
5.788633657500001,3.9787597999999997,8.712128,0.560895418529069,5.7679292,0.3146036705268994,0,200,-7.609616545,-9.393997,-5.555251999999999,0.47221977395313,-7.64215085,0.22299151491234526,0,200,-0.6123086564000001,-4.1022186000000005,13.985672000000001,1.2121096449007958,-0.6393432649999999,1.4692097912615334,0,200,S
5.578638527500001,3.0997925,7.8596497,0.7485595410699918,5.6112825000000015,0.5603413865269168,0,200,-7.767107538499999,-9.11377,-6.2379913,0.5056004048100595,-7.76396175,0.2556317693440961,0,200,-0.9325534071877504,-3.7268372000000003,2.2224730999999998,0.8021732976990039,-0.80583955,0.6434819995412948,0,200,S
5.533711331000001,3.4858856,7.3356020000000015,0.6423536055507019,5.66596225,0.4126181545639867,0,200,-7.8163079215000035,-9.790009,-7.022262599999999,0.4305653477664234,-7.768631,0.18538651869722111,0,200,-0.8366246040400006,-4.6958160000000015,0.89682007,0.6951281881344448,-0.7170639,0.48320319793907596,0,200,S
5.5935524706500015,-0.44976807,9.420822,0.7576299339652284,5.630668599999999,0.5740031168401564,0,200,-7.7889489870000075,-10.544601,-5.495529,0.5051365184841013,-7.7496565,0.25516290230623884,0,200,-0.7282253246149999,-9.025375,1.3111877,1.0365624014237516,-0.58070372,1.0744616120453745,0,200,S
5.219751212425002,-0.006362915,11.651276,1.0893374404402012,5.3094405,1.1866560591448092,0,200,-8.062039487999996,-12.503876,-5.312393,0.7356322398035466,-7.9473267000000005,0.5411547922383827,0,200,-0.8960013577235005,-14.06337,4.196686,1.7123739052054852,-0.71381378,2.9322243912286834,0,200,S
5.250639028000002,2.936325,7.4675600000000015,0.6730424847139682,5.320259,0.4529861862299521,0,200,-7.960871283500003,-9.931000000000001,-6.460708599999999,0.4470779999303761,-7.976341249999999,0.19987873802174536,0,200,-1.19518142721,-5.809845,1.0866699,0.8803984247898045,-0.99087525,0.775101386372369,0,200,S
5.695013120000002,3.5148468,8.616516,0.7064470973010966,5.7516251500000015,0.499067501285145,0,200,-7.679845733999997,-12.107941,-5.729019,0.6637633817766657,-7.661735549999999,0.4405818269875957,0,200,-1.1854206886300005,-9.836914,1.8366089,1.3277703011230657,-0.919090275,1.7629739725444369,0,200,S
5.584929423499999,2.2442627,9.177338,0.6418374067835321,5.586853,0.4119552567466092,0,200,-7.784404621500003,-10.723984,-4.690735,0.5258626271529534,-7.819084200000002,0.2765315026362061,0,200,-0.59397567626,-4.6022186,4.7572327,0.6976588320268973,-0.5740356500000001,0.4867278459051345,0,200,S
5.592605292999999,2.1562957999999997,10.796051,0.9228619033156976,5.5592117000000005,0.8516740925914723,0,200,-7.8144539539999975,-11.217636,-5.0179443,0.6767016542986108,-7.8050842000000005,0.4579251289304766,0,200,-0.9655996691399998,-11.308182,2.0144348,1.168829558938557,-0.8468322500000001,1.3661625378485012,0,200,S
5.567405544,2.2346497000000003,14.134338,1.0597446149899623,5.64550025,1.1230586490002232,0,200,-7.780385471000004,-9.766464,-5.0581665000000005,0.586856894759364,-7.7223512,0.3444010149266032,0,200,-0.7173085026650001,-7.0186005000000025,6.139419599999999,0.904820934889458,-0.654853825,0.8187009242142326,0,200,S
5.449795373,2.2854462000000004,8.135696000000001,0.6855468156009551,5.50265515,0.4699744363806099,0,200,-7.864366066500008,-10.459640499999999,-4.5406647000000016,0.5750864334842994,-7.853668099999999,0.3307244059776916,0,200,-0.683926316433,-9.285233,4.250412,1.038333777237657,-0.6222000249999999,1.0781370329526203,0,200,S
5.696589593499997,3.2877655,8.435913000000001,0.6671726347678781,5.7558593500000015,0.4451193245831125,0,200,-7.694058242499994,-9.730652000000001,-5.9948425,0.4543088157324504,-7.6389694000000015,0.2063965000522216,0,200,-0.7022284676464996,-12.709106,2.9684906000000004,1.147403153884791,-0.5715408500000001,1.3165339975447656,0,200,S
5.652116010500004,3.4909972999999996,8.776108,0.6408140611215337,5.74944305,0.4106426609310728,0,200,-7.7258178875000025,-10.272766,-4.5251007,0.5559811499909909,-7.669158950000001,0.3091150391453047,0,200,-0.5375282249900001,-2.7870178,9.451447,0.8887044486088105,-0.5119018500000001,0.7897955969770898,0,200,S
5.609798807000001,2.5373229999999998,13.160460999999998,1.0465393344415124,5.63030245,1.0952445785332836,0,200,-7.769807824500001,-9.679474,-5.2460785,0.6027240883240385,-7.76522815,0.36327632664604337,0,200,-0.6022549446832501,-4.6952057,4.4856415,1.0484961126502752,-0.539703365,1.0993440982427385,0,200,S
5.5411644715,2.362381,7.866943400000001,0.7433283676776864,5.598869200000001,0.5525370621943737,0,200,-7.8443928370000044,-10.410446,-6.504196,0.5833865356725905,-7.7477339999999995,0.3403398500040667,0,200,-0.7078854364425002,-3.950653,2.4853362999999997,0.7304027864299926,-0.6600036600000001,0.5334882304246974,0,200,S
5.667193662999997,4.202483999999999,7.809799000000001,0.5172796317311721,5.725876,0.2675782174039369,0,200,-7.709430910499995,-9.040009,-6.2379760000000015,0.4104842803835186,-7.695755,0.1684973444419751,0,200,-0.5338946538664999,-9.083649000000001,4.5974580000000005,0.8726187541157089,-0.5261611800000001,0.7614634900344519,0,200,S
5.25693242196532,2.7059173999999997,7.3549039999999986,0.8202786802733916,5.418625,0.6728571133110569,0,173,-7.966204083236994,-12.399047999999999,-0.0667572,0.9006974530479906,-7.9298553,0.8112559019271374,0,173,-0.48159287448554905,-5.082092299999999,9.5168915,1.078398560126398,-0.49499512,1.162943454482688,0,173,S
