x_accel_mean,x_accel_min,x_accel_max,x_accel_std,x_accel_median,x_accel_variance,x_accel_zero_crossing,x_accel_mean_crossing,y_accel_mean,y_accel_min,y_accel_max,y_accel_std,y_accel_median,y_accel_variance,y_accel_zero_crossing,y_accel_mean_crossing,z_accel_mean,z_accel_min,z_accel_max,z_accel_std,z_accel_median,z_accel_variance,z_accel_zero_crossing,z_accel_mean_crossing,Activity_ID
-0.7717112668799995,-9.1059265,9.460709,2.819343806760112,-0.59685517,7.948699500716599,0,200,9.139931414155,-0.20738220000000002,17.507492000000006,4.006289057812197,9.62720475,16.05035201474574,0,200,-0.30309973862,-15.453064000000001,13.479218,4.161993181581785,-0.843673715,17.322187243533268,0,200,A
-0.4893136526650003,-9.950455,19.181701999999998,3.618921251280169,-0.7099075499999999,13.096591022967221,0,200,9.144054245700001,0.19703674,19.574722,3.859429057133025,9.377388,14.895192647042705,0,200,-0.5433101538500548,-13.085205,11.063309,3.598179920663949,-0.723510745,12.946898741469223,0,200,A
0.3782065584700001,-10.021164,15.044861,3.9168081108041584,0.39064790000000005,15.341385776861234,0,200,9.368402802250003,0.14277649,19.217072,3.98812028111482,9.85405,15.905103376639348,0,200,-0.5790627285700003,-12.9435425,10.167404,3.306353174350139,-0.8338012699999999,10.93197131353524,0,200,A
0.6598366502284998,-9.358658,15.224395999999999,3.937964109872933,0.270027165,15.507561330647318,0,200,9.340791177499991,1.822815,18.148087,3.645059189643172,9.7026675,13.286456496002135,0,200,-0.6097551757,-9.384201,10.375198,3.2146613063761604,-0.87443545,10.33404731471208,0,200,A
0.6880964692050001,-10.8293915,17.548157,4.088245267353941,0.437164305,16.713749366041903,0,200,9.261646048349998,-0.92503357,18.563889,4.048907626182232,9.5641555,16.393652965356633,0,200,-0.4202423081075001,-8.6436615,15.775787,3.3327692896075845,-0.97744752,11.107351137751444,0,200,A
0.56177527999,-9.630798,18.625687,4.296509478454054,0.268486025,18.459993698445526,0,200,9.004670252999993,-3.2229156000000003,19.254501,4.30031796073367,9.3196485,18.49273456340859,0,200,-0.4664425607799999,-9.171799,10.625122,3.144199596785307,-0.85561372,9.885991104424884,0,200,A
0.5787315374999998,-15.291138,17.881592,4.427041501217166,0.32229614,19.598696453499144,0,200,9.312414724664995,0.039901732999999995,19.296204,4.196834489974214,9.73686975,17.613419736237127,0,200,-0.5006578216219999,-14.845336999999999,17.820724,4.135763534982162,-0.99004363,17.10454001728815,0,200,A
0.4160704746375001,-16.81334,17.113495,4.329800571358549,0.0188903805,18.747172987736803,0,200,9.240533276150007,-0.21678162,19.117079999999998,4.0000482451674,9.475723,16.000385963666794,0,200,-0.7544290123950003,-11.069717,16.320496,3.3384711030718703,-0.9645157,11.145389306045908,0,200,A
0.6561909325849998,-15.586243,18.560623,4.4385484457416045,0.245307925,19.70071230519521,0,200,9.478487846999998,1.4322968,19.125381,3.678260515801732,9.708374000000001,13.529600422106025,0,200,-0.6702511591549998,-11.448516999999999,9.470550999999999,3.2941668261424333,-0.911781325,10.851535078457308,0,200,A
0.5792023427999995,-10.832672,17.330368,4.375130135208724,0.22820282,19.141763700011502,0,200,9.291349788,-2.416214,19.001938,4.341550987274538,9.47816475,18.849064975104522,0,200,-0.8203643738750002,-14.084610000000001,13.871201000000001,3.5526373265570146,-1.0069732500000002,12.621231974046172,0,200,A
0.6632692712765003,-10.416244500000001,16.905792,4.2586930260154965,0.42330933,18.136466289833027,0,200,9.2486261002,0.06591797,19.136368,4.15220928194108,9.484367500000001,17.24084192103766,0,200,-0.5841017173079996,-10.2621765,11.886475,3.2770307867790747,-0.849166875,10.738930777497881,0,200,A
0.5954620379600003,-15.135437,17.65918,3.9476910293421175,0.799171445,15.584264463148227,0,200,9.351374656,-1.2095642,19.60025,3.9585779389541327,9.773155000000001,15.670339298774348,0,200,-0.6685387402050003,-11.07312,12.897247,3.2120718101200274,-1.2925872999999999,10.317405313367749,0,200,A
0.5369496961499999,-17.087906,17.447723,4.520758537820104,0.36779786,20.437257757273358,0,200,9.235717838850002,0.62138367,19.563797,4.122501456001449,9.430374,16.995018254734067,0,200,-0.9286974231499996,-13.602904999999998,17.74939,3.754525374394273,-1.10105135,14.096460786970455,0,200,A
0.6944295545000001,-12.297272,17.778427,4.199647332226765,0.39700317,17.637037715079387,0,200,9.3954355615,0.7354584,18.659698000000002,3.8883528665018687,9.6593095,15.119288014433296,0,200,-0.7905899145620005,-9.645859,16.34085,3.45098512289476,-1.06185915,11.909298318440962,0,200,A
0.5596712476850001,-11.111922999999999,16.501877,3.9951552337724094,0.048149108499999996,15.961265341939075,0,200,9.235978240499998,0.34867859999999995,19.464462,3.9229561227032463,9.5526125,15.389584740654891,0,200,-0.8742807780100003,-13.074539,16.213943,3.651555634981885,-1.14341735,13.333858555367955,0,200,A
0.8067684879780004,-11.039368,16.7005,4.2543815070127895,0.578613265,18.099762007212405,0,200,9.413009408849996,0.30055237,19.038895,4.030943353309476,9.8117675,16.248504317589838,0,200,-0.7285289852644997,-13.502274,18.668701000000002,3.7698731206272895,-1.05825805,14.211943345628145,0,200,A
0.6572457067264998,-13.549026500000002,19.15802,4.484654750551007,0.166114805,20.112128231639712,0,200,9.1731119652,-1.7657166000000002,19.55104,4.1870791961240394,9.56194325,17.531632194614733,0,200,-0.6507453137119996,-9.470215,16.967545,3.4475151646645403,-0.97637175,11.885360810591973,0,200,A
0.5631744814913295,-9.762542999999999,13.206085,4.128726226387672,0.46701049999999994,17.046380252461386,0,173,8.996870295202312,-1.252945,19.395248000000002,4.230172981772701,9.600783999999999,17.894363455719738,0,173,-0.7322849064393059,-8.524628,17.626373,3.4857641634386183,-1.1485290000000001,12.15055180311293,0,173,A
2.4627242243499987,-11.356964,17.928573999999994,6.168491416654318,2.6728592,38.050286357337974,0,200,7.9134805320999995,-17.21669,19.613052,7.356213595775137,8.0990448,54.11387846666697,0,200,0.16800963045499998,-17.024994,17.714920000000006,5.920169464022745,-0.175247195,35.04840648274736,0,200,B
3.7436961480499984,-13.65538,18.409073,6.809020590588447,3.8364105000000004,46.36276140305743,0,200,7.788892820525001,-9.633072,19.613052,7.768687755092325,8.6259075,60.35250943612144,0,200,-0.6322492199699997,-16.553176999999998,18.491837,6.027778959262961,-0.753212,36.33411918173327,0,200,B
2.8760878672599977,-16.499924,17.975967,5.945042703798287,3.26157375,35.34353274998526,0,200,7.7922589781500005,-10.351410000000001,19.613052,7.777086629448059,8.559166000000001,60.48307644193977,0,200,-0.4118767516335,-17.897888000000005,15.473282000000001,6.105512401313425,-1.09098055,37.27728168259204,0,200,B
2.6452001109500007,-11.688599,19.113739000000002,5.381212605648799,3.3791275,28.957449107193547,0,200,7.797293240595001,-9.00177,19.613052,7.493060674872343,8.032348500000001,56.14595827731836,0,200,0.019166260729999964,-14.895966,18.460388000000002,6.128507679570182,0.17407989499999998,37.558606378550714,0,200,B
2.0359301817250004,-19.489655,18.665222,6.056342373691506,1.8750305,36.679282947371256,0,200,7.75792333485,-11.577515,19.613052,7.977048664821953,8.187293999999998,63.633305400937694,0,200,-0.07924400455780001,-14.407226999999999,18.484939999999998,6.619569179099472,-0.56259155,43.81869611688367,0,200,B
2.654332959165,-12.416519000000001,18.061142,5.5946620341035365,3.07756045,31.30024327583952,0,200,7.954759219235003,-8.973328,19.59195,7.632806579350955,8.1667485,58.25973627778325,0,200,0.12246330384950005,-15.857407,13.931091,5.24857066531528,0.6140594500000001,27.547494028808078,0,200,B
2.443632355184999,-17.789351999999994,17.355057000000002,5.514866604155125,2.79886625,30.41375366162547,0,200,7.904286424475001,-9.444046,19.613052,7.4344516045804365,8.1064375,55.27107066084861,0,200,0.46968779883999995,-13.755981,16.188858,5.442665333671856,0.58659365,29.622605934353377,0,200,B
2.9067329524600005,-13.177612,17.375488,5.268489989762922,3.2530136,27.756986772232107,0,200,8.123282672924999,-8.188141,19.613052,7.692347282781109,8.4253085,59.172206718909905,0,200,-0.18880332202500005,-18.525192,17.194962,5.6418329599864485,-0.078613282,31.830279148389447,0,200,B
2.8216937953000016,-14.536102,18.611023,5.904122433188858,3.16759495,34.85866170608393,0,200,7.806905281904997,-10.839172,19.613052,7.752449270319885,8.0748827,60.10046968888332,0,200,-0.6704125765350001,-16.686737,18.076462,5.551529062144203,-0.429916385,30.819474927831692,0,200,B
2.86913460957,-10.735168,18.803604,5.35713478554311,3.0368729,28.69889311047602,0,200,7.667031332863503,-7.103805499999999,19.613052,7.398726664616087,8.6454925,54.7411562577011,0,200,-0.4358761668100001,-14.995316,14.094726999999999,5.255578830264282,-0.321624755,27.621108841122084,0,200,B
2.6355863916900004,-12.892899,19.057053,6.574322776148126,2.7548447,43.221719964980004,0,200,7.736071713029995,-11.461197,19.613052,7.908966795573879,8.2078475,62.55175577349015,0,200,-0.2502921946649999,-17.74173,17.760895,6.156993601218125,-0.167259215,37.90857020544093,0,200,B
2.54968222924,-12.988555999999999,18.14505,5.674261252542969,3.0429458,32.1972407621105,0,200,7.511019607800003,-8.866028,19.613052,7.8491255305271155,7.648399299999999,61.60877159397257,0,200,-0.472795643543,-17.294082999999997,15.920181,5.839078223814041,-0.4316864,34.09483450381933,0,200,B
2.466755230635,-10.9496765,17.09842,5.392476301650375,2.26382445,29.078800663860907,0,200,7.8400097762100005,-8.565842,19.613052,7.503949075853908,8.6706545,56.30925173300873,0,200,-0.07684402183350007,-17.14505,13.286316000000001,4.891850194416064,0.6043396,23.93019832460848,0,200,B
2.691318507920002,-12.406509,19.161697,5.687820765242928,3.11157225,32.351305057528656,0,200,8.139289562628997,-6.603225699999999,19.613052,7.930298334104309,8.460723999999999,62.8896316678976,0,200,0.10705420728000008,-15.641952499999999,14.87532,4.828713187792672,0.51564025,23.316471049962864,0,200,B
2.382042695335001,-16.317337,18.843063,6.364503759173844,2.5630722500000003,40.506908100537984,0,200,7.756925940929996,-9.532715,19.613052,7.926388844635688,8.511222499999999,62.82764011636506,0,200,-0.286835845925,-13.594681,15.095322,5.308490347347461,-0.393486015,28.180069767881175,0,200,B
2.641654652254999,-14.220032000000002,18.797318,6.6688579635841325,2.6886062500000003,44.47366653845951,0,200,7.453173439722997,-11.71846,19.613052,8.130448893179095,7.5580672999999985,66.10419920459715,0,200,-0.8169858506399997,-16.662842,16.363220000000002,5.563565064178038,-0.430793765,30.953256223342372,0,200,B
2.2255622105424995,-16.01062,18.486588,6.9526717769663176,2.6203918500000003,48.339644838223975,0,200,7.41976241237,-11.794661999999999,19.613052,8.26140205280406,8.5885775,68.25076387807513,0,200,-0.5104930895550002,-17.079529,18.614182,6.4953565994818625,-0.36370087,42.18965735443261,0,200,B
2.5388344114682084,-9.580017,18.014754999999997,6.058851730223254,2.8436127,36.70968428882932,0,173,7.656210400751438,-10.808243,19.613052,8.086718313853737,8.403808999999999,65.39501308761743,0,173,-0.4421055683757223,-17.175307999999998,16.775253,6.0425738721383135,0.036697388,36.51269900024862,0,173,B
0.3835482792799999,-7.81073,11.750275,3.142164126371055,0.526451115,9.873195397053177,0,200,9.478393383499998,2.4574432,18.985854999999997,3.3195054141460925,8.918045,11.019116194545221,0,200,0.7005272687575003,-7.4408875,8.612289,2.6254782301685524,0.258644105,6.893135937088995,0,200,C
2.091855926615,-3.2418669999999996,13.729201999999999,2.234018648433115,2.0938416,4.990839321546922,0,200,9.1066872205,2.7154388,19.236511,3.5058820758989797,9.1677475,12.291209130109735,0,200,1.0140982808950003,-4.3326720000000005,9.657592999999999,2.159914322734336,0.31908417,4.665229881552922,0,200,C
2.1482347866870013,-3.5922699999999996,9.340424,2.38085457130481,1.9809799,5.6684684897030095,0,200,9.240355691499996,1.5622863999999999,19.344727,3.103952964164687,8.950164749999997,9.634524003746744,0,200,0.3445380380214998,-10.208053999999999,7.9594115999999975,2.524709992333192,0.00532531715,6.374160545387063,0,200,C
2.2362590766849992,-4.781921400000001,10.446548,2.2846911062503694,2.21160125,5.219813450979536,0,200,9.253165210499995,2.4254912999999996,18.11995,2.984397105277953,9.1978455,8.906626081991426,0,200,0.789192043688,-5.2395935,11.480041499999999,2.5574235458700096,0.26345825,6.5404151929703325,0,200,C
1.9085185997600016,-2.3775177000000003,7.248123,1.7455510852917169,1.8996353,3.0469485913630896,0,200,9.152939285000002,2.0406036,17.914764,3.33671480444768,9.464996500000002,11.133665686220317,0,200,0.873546215954999,-4.590072599999999,11.687378,2.5314876271875875,0.262969975,6.408429606603841,0,200,C
2.42996803334,-2.613037,12.055405,2.28839902776712,2.4194335,5.236770110285499,0,200,9.195580983,4.3233643,19.514464999999998,2.723515793693134,8.711655,7.417538278495936,0,200,0.453074950123,-5.7488556,7.336150999999999,2.2154408869727433,0.21105194,4.908178323670574,0,200,C
1.9071778115025004,-5.8051147000000025,9.896438999999999,2.2981311349167473,1.90247345,5.281406713273733,0,200,9.2129245965,1.7516479999999999,18.980179,3.563557692556544,8.940734999999998,12.698943428178922,0,200,0.5996045669899998,-3.4526519999999996,11.675674,2.62432188248972,-0.09008789,6.887065342914387,0,200,C
1.6534010291949994,-5.4046783,8.882172,2.032419116156125,1.58935545,4.1307274637168465,0,200,9.149268421500004,1.14711,19.371261999999998,3.4804757787809675,9.260231,12.113711646680985,0,200,0.4246878137607501,-6.6493990000000025,9.576187,2.5128377703928892,-0.0453796385,6.314353660313103,0,200,C
2.461614681965001,-4.7707977,10.157623,2.9460391625160867,2.3166123,8.679146747078487,0,200,9.351325832000008,2.5956879,19.203323,3.3876120623143233,8.866836500000002,11.4759154847375,0,200,0.20212661608250024,-10.062088000000001,8.980896000000003,2.8168447796774774,-0.131629945,7.934614512796255,0,200,C
1.6127790082550002,-5.929138,16.703003,2.604278276245775,1.596611,6.782265340125666,0,200,9.095744414749998,0.2625885,19.390854,4.281588408215817,9.26502975,18.331999297368046,0,200,0.5782122029180001,-4.541733,13.976348999999999,2.8181223071446686,-0.0053634642,7.94181333802639,0,200,C
1.9435845203400008,-3.096405,11.079285,2.311242504301937,1.89375305,5.34184191369189,0,200,9.086052186249997,0.68992615,17.626526000000005,3.1480785157689413,8.861793500000003,9.91039834144598,0,200,0.42222694259499977,-4.7492523,10.427139,2.5448829766582146,0.086296082,6.4764293648847735,0,200,C
2.4327197297180003,-5.617447,14.663544,2.975585973800968,2.6277389500000004,8.854111887481055,0,200,9.3891673205,1.4583435,19.485626,3.2829995322980032,8.9095765,10.778085929068908,0,200,0.4993037450114998,-6.5183870000000015,7.181595,2.3820957264465594,0.25283814000000004,5.674380049954963,0,200,C
1.945054173750001,-3.807495,11.479919,2.012320095061047,1.80960085,4.049432164986501,0,200,9.107945349499996,0.47245790000000004,19.019257,3.953814976883917,8.991577000000001,15.632652871431565,0,200,0.7825465375685,-3.2133636,14.238204999999999,2.534944258508857,0.17758179000000002,6.425942393747017,0,200,C
2.035523832265,-5.8181458,9.214661,2.8480643410484547,2.0900955000000003,8.111470490751769,0,200,9.232094312999994,2.5188599,19.481308,2.9785056519239412,8.7742845,8.871495918542859,0,200,0.34973662816499995,-5.7426147000000025,10.30751,2.470088567551461,0.136528015,6.101337531548426,0,200,C
2.0844752535149995,-5.400405999999999,13.041122,2.5515470054403777,2.0521774500000003,6.510392120971758,0,200,9.097180930999997,1.7341766,18.904922,3.575560131896345,8.7453845,12.784630256806608,0,200,0.5721473734619998,-6.5522766,10.41832,2.9387949762742265,0.1325607275,8.636515912574634,0,200,C
1.691434635955002,-5.5770874,16.051270000000002,1.99238397687758,1.5053100499999998,3.96959391131852,0,200,9.131228597500002,1.7856445,19.029846,3.5051499583841035,9.505722,12.286076230760086,0,200,0.4973159000919999,-3.6549377,16.329193,2.8805070992139417,-0.29488372500000004,8.297321148621911,0,200,C
2.160158621385,-4.091812,11.66658,2.8248324366475432,2.1039429,7.979678295136098,0,200,9.263516040499999,3.6656342000000004,18.899276999999998,3.1967609993031902,8.575409,10.219280886665931,0,200,0.5330465728781503,-5.2914276,7.3050995,2.5307566666916803,0.18039703,6.404729306004382,0,200,C
2.031009477710982,-4.5303955,9.623795,2.1570601615757115,2.0018768,4.652908540657035,0,173,9.104388743930636,2.1089325,19.180236999999998,2.7538896813586877,9.244292999999999,7.583908377093851,0,173,0.3058701904624277,-5.1266174000000015,8.235458,2.5689812184008867,-0.11154175,6.599664500496504,0,173,C
1.3527922838450008,-0.7088623000000001,8.274826,0.7566625080665571,1.42683415,0.5725381511135724,0,200,2.0816763316249998,-0.60035706,9.626938,1.87969912829465,1.7146225,3.5332688129116674,0,200,8.521694446299996,-0.91638184,9.798737,1.4626966465953664,8.8979265,2.1394814799613298,0,200,D
1.4010189844999998,1.2175293,1.5692443999999999,0.03462733952691676,1.4044113,0.001199052642712372,0,200,1.7092152429999996,1.6188049,1.821579,0.029840210868014794,1.70560455,0.0008904381846475883,0,200,8.902442312499998,8.815628,9.027633999999999,0.02881270939781285,8.902656499999997,0.0008301722228428129,0,200,D
1.3879077145000005,1.3029785,1.4578857,0.028276014893119556,1.3903656,0.0007995330182359188,0,200,1.7086370090000005,1.6034546,1.7814789,0.026668644188309082,1.70856475,0.0007112165828426318,0,200,8.900754615000004,8.808517,8.968658,0.02688490559353223,8.902320750000003,0.0007227981487731407,0,200,D
1.3887967655000002,1.3225708,1.4394531000000002,0.017867702304264797,1.3880691500000002,0.00031925478563382947,0,200,1.6992349249999996,1.6387482,1.7519379000000002,0.019961757334961132,1.70088195,0.00039847175589987445,0,200,8.904076607499997,8.830826,9.0056,0.02573965963777557,8.903282500000003,0.0006625300782685329,0,200,D
1.3833234404999997,1.3200378000000001,1.4490508999999998,0.020944460125247925,1.3830185,0.0004386704099381003,0,200,1.7081454459999998,1.664093,1.7823639,0.01947890034566029,1.70713805,0.0003794275586761647,0,200,8.898171707500003,8.825378,8.962601,0.02605924332350536,8.897621000000003,0.0006790841625936585,0,200,D
1.382425539,1.3198395,1.4511871,0.02069432770125944,1.380043,0.00042825519900711385,0,200,1.708229061999998,1.6080475,1.793808,0.026119241109129502,1.7111740000000002,0.0006822147561168406,0,200,8.90179698,8.814926,8.982956,0.026137610665689284,8.900718499999998,0.0006831746913111543,0,200,D
1.3859934985000004,1.3215636999999998,1.4519196,0.023520558831265536,1.38571165,0.0005532166877350234,0,200,1.6932582095000004,1.609726,1.8013916,0.026183346405196813,1.6941756999999997,0.0006855676289745329,0,200,8.900764150000004,8.816757,8.962555,0.0264466605974892,8.902129999999996,0.0006994258567587878,0,200,D
1.383319393,1.2946472,1.4616394,0.02397103825052833,1.3834381000000002,0.0005746106748082924,0,200,1.6975376130000004,1.6456298999999999,1.7556458,0.023035162117657538,1.6957626499999998,0.0005306186937867651,0,200,8.900922050000002,8.825119,8.969543,0.025620575692675555,8.8994825,0.0006564138988241176,0,200,D
1.3801427469999996,1.324997,1.4734038999999999,0.024087517514575173,1.3786621,0.0005802085000149658,0,200,1.7062125414999998,1.6501006999999999,1.7874908,0.024699230258574,1.7055664000000001,0.0006100519753660575,0,200,8.896099097499997,8.816406,8.96434,0.027907945741793345,8.893264499999997,0.0007788534355268813,0,200,D
1.3770238480000003,1.2223206,1.4432526,0.027386506797775798,1.37862395,0.0007500207545846197,0,200,1.7036363979999984,1.5291595,1.8588103999999999,0.033801832202374524,1.7046508500000002,0.0011425638602374835,0,200,8.893890220000008,8.811127,8.982895,0.026769056024471747,8.894767750000002,0.0007165823604413071,0,200,D
1.378511427500001,1.306076,1.4590149,0.024636339193338776,1.37934115,0.0006069492088492403,0,200,1.7028051010000005,1.5890198,1.8255310000000002,0.028808426822454623,1.7015381,0.0008299254559847231,0,200,8.900392995000004,8.816696,8.975708000000003,0.02812006559867624,8.9006805,0.0007907380892738548,0,200,D
1.3686418175000006,1.2932281,1.4277343999999998,0.0242678988829132,1.36994935,0.0005889309161912997,0,200,1.6886001590000006,1.5939636000000001,1.7720642,0.027668368826806542,1.6865386999999998,0.0007655386335361997,0,200,8.90485816,8.811950999999997,8.984268,0.026541523438360592,8.90391525,0.0007044524664290445,0,200,D
1.3509146884999998,1.2498627,1.4290466,0.026949949950733743,1.3505858999999998,0.0007262998023470537,0,200,1.700669556,1.5920715,1.8288574,0.029239177483287058,1.7005539000000005,0.0008549294998991607,0,200,8.906126765000009,8.840988000000003,8.99469,0.024223027289494825,8.9068375,0.0005867550510676111,0,200,D
1.3466105649999998,1.2724915,1.442749,0.024071112715462015,1.3455353,0.0005794184673604772,0,200,1.696603929500001,1.5972443,1.8126221000000002,0.030488068312685444,1.6949462999999998,0.0009295223094389742,0,200,8.903641827499998,8.817001,8.9765625,0.028126806266983058,8.904044999999998,0.0007911172307803973,0,200,D
1.3466965454999995,1.279419,1.4614868,0.027703950978290412,1.34355925,0.0007675088998075185,0,200,1.705154567,1.6227875,1.8291473000000005,0.027703561809721097,1.7055129999999998,0.0007674873369450372,0,200,8.909149072500004,8.777863,8.990677,0.03045963215360877,8.90715,0.0009277891909331572,0,200,D
1.3493255635000003,1.2724915,1.4998627,0.02801373317001361,1.34794615,0.0007847692461207209,0,200,1.7062986740000001,1.6297760000000001,1.7861175999999999,0.02725660253391798,1.7078171000000002,0.000742922381691984,0,200,8.894969589999997,8.808456,8.974457000000003,0.0293261792182704,8.895073,0.0008600247875421147,0,200,D
1.3460588084999998,1.1482238999999999,1.5159302,0.04056121853784042,1.3448486000000002,0.0016452124492744493,0,200,1.7331238549999992,1.5319366,2.0724487000000003,0.06473657947299807,1.7241516000000003,0.004190824721863796,0,200,8.893684839999997,8.775497,8.994644000000003,0.03259878613845026,8.893317999999999,0.001062680857700417,0,200,D
1.315166320809248,1.243042,1.4075469999999999,0.029608419403357986,1.312027,0.000876658499565146,0,173,1.7092894647398842,1.6283264,1.8060150000000001,0.02959265041841442,1.7088165000000002,0.0008757249587864831,0,173,8.909657745664742,8.823196000000003,9.013107000000002,0.030276435746188293,8.9104,0.0009166625614930683,0,173,D
1.525432356500001,1.3714905000000002,1.7383422999999998,0.05038363969252408,1.52106475,0.002538511148666089,0,200,9.638797845000003,9.564331,9.738007000000001,0.031156315516259588,9.6395035,0.0009707159965487179,0,200,-1.3299948900000012,-1.5942078000000002,-1.1122742,0.093837852706444,-1.3111267,0.008805542600556283,0,200,E
1.5282080094999997,1.4288483,1.6723328000000002,0.032580420492427306,1.5300751,0.001061483799463377,0,200,9.643406912499998,9.5473175,9.725876,0.024990308951291455,9.643402,0.0006245155414809977,0,200,-1.2394044469999992,-1.3342133,-1.1123657,0.043452277855622265,-1.24504855,0.0018881004508422008,0,200,E
1.5079134359999995,1.4219666000000002,1.6496277,0.035668663661085495,1.50940705,0.0012722535673676408,0,200,9.645170005000008,9.579987,9.730087,0.02552666362544679,9.6468965,0.0006516105558467082,0,200,-1.2805755604999995,-1.3893280000000001,-1.1242065,0.03757160870731606,-1.2787857,0.0014116257808556678,0,200,E
1.4801707455000002,1.2782898,1.7281036,0.052287445098490114,1.4806366000000002,0.002733976914927618,0,200,9.648285702499997,9.550888,9.771438999999999,0.02804190881269571,9.646927,0.000786348649859541,0,200,-1.2601687655000002,-1.4017487,-1.1321411,0.044497621304274836,-1.2624587999999999,0.001980038301738654,0,200,E
1.4061820984999998,1.0340729,1.7566833,0.10584215199028983,1.41649625,0.01120256113793562,0,200,9.6646139925,9.541992,9.818253,0.041743503318302434,9.6634905,0.0017425200692851265,0,200,-1.2342885587499997,-1.5332489,-0.9573822,0.09643665225453947,-1.23762515,0.009300027898062974,0,200,E
1.4778250870000005,1.2635498,1.6157378999999998,0.06655189687412638,1.4834671,0.004429154977544352,0,200,9.651563857499998,9.532913,9.782242,0.037756076528122316,9.652878,0.0014255213147974296,0,200,-1.2438074515000002,-1.4446868999999998,-1.0587921,0.06390061125517359,-1.24289705,0.004083288118784818,0,200,E
1.7117911579999998,1.3710022,2.1966248,0.17695355125381418,1.7128142999999998,0.03131255930133624,0,200,9.6059760775,9.432343,9.939316,0.06630661500542487,9.604140999999998,0.0043965671934776355,0,200,-1.1694252024499998,-1.5077515,-0.88804626,0.11229009277766358,-1.15059665,0.012609064936016295,0,200,E
1.5680541989999983,1.4095917,1.7655945,0.059800195985535376,1.5583496,0.003576063439908441,0,200,9.635959860000003,9.508041,9.715347,0.031165913051555007,9.637222,0.0009713141363370867,0,200,-1.2035743735000008,-1.4440918,-1.0533295,0.07160666481580164,-1.20269775,0.005127514446042564,0,200,E
1.5128143330000006,1.4032593,1.6202393,0.03469952971905858,1.5130615500000002,0.0012040573627238294,0,200,9.6435187625,9.534531,9.725006,0.026587079356633472,9.6463165,0.0007068727887159258,0,200,-1.2737885269999998,-1.4250336000000001,-1.1238861,0.039381436585428566,-1.27355955,0.0015508975475321306,0,200,E
1.505784455999999,1.4451141,1.5978698999999998,0.026760519653975662,1.5017395000000002,0.0007161254121508179,0,200,9.649392277500004,9.579819,9.719543,0.02110435193091377,9.6504365,0.00044539367042386365,0,200,-1.243227768,-1.3424835,-1.0880127,0.04212304380748158,-1.2458190999999998,0.001774350819607012,0,200,E
1.6402292639999996,1.4758911,1.9052734,0.09363800226795084,1.64562225,0.00876807546873277,0,200,9.6205822725,9.4785,9.719986,0.03963926409752023,9.621979,0.0015712712581929561,0,200,-1.2403142527499993,-1.4373169,-0.8720398000000001,0.09874397353068602,-1.24832915,0.009750372308628822,0,200,E
1.7400404350000005,1.5219421,2.0052948,0.07841299640869315,1.73757935,0.0061485980057897245,0,200,9.6008634025,9.497955000000001,9.676422,0.0313878951079998,9.601097,0.0009851999593107977,0,200,-1.2555611450000002,-1.4096985,-1.0182648,0.07327818250096339,-1.26493075,0.005369692030644497,0,200,E
1.7737628960000016,1.0021209999999998,2.6617432,0.19374061526124767,1.7805176,0.037535426001806815,0,200,9.588481757499991,9.316925,10.005432,0.07665692523932971,9.5890655,0.005876284187148185,0,200,-1.3082080063,-2.127533,-0.48202515,0.2396360216066785,-1.29709625,0.057425422851476476,0,200,E
1.7065528875,1.5994415000000002,2.145752,0.07380841856659237,1.6930313000000001,0.005447682651301297,0,200,9.573961950000003,9.366408999999999,9.690872,0.036719750042975376,9.577385000000001,0.0013483400432185903,0,200,-1.62291199,-2.0809326,-1.5285950000000001,0.06545139917898958,-1.6176071500000002,0.0042838856544874385,0,200,E
1.6787452684999993,1.5788422,1.7466736,0.028630305613434368,1.6759795999999998,0.0008196943995186515,0,200,9.585870512500003,9.488678,9.656203999999999,0.022545691283109067,9.5841215,0.0005083081954332601,0,200,-1.5966876215000014,-1.6704558999999997,-1.51857,0.029658025784920043,-1.59697725,0.0008795984934589822,0,200,E
1.9227545965,1.6363372999999999,2.1938477,0.13996923862427535,1.98171995,0.019591387761059332,0,200,9.5414041975,9.458893,9.644302,0.032116905372729286,9.542229,0.0010314956107208477,0,200,-1.4839374550000004,-1.7834473000000002,-1.313324,0.113902749908293,-1.4429244999999995,0.012973836436671144,0,200,E
2.0272988079999976,1.8323975,2.1803436,0.062130986607635885,2.0259628000000003,0.0038602594968382303,0,200,9.527420340000004,9.394302,9.625397,0.032163489441323266,9.5275725,0.0010344900530421138,0,200,-1.3407158664999992,-1.5815735,-1.1726074,0.081541683091283,-1.3368988000000002,0.006649046081359227,0,200,E
1.7578348173410392,1.5623474,1.9350433,0.0769535185668916,1.7549591,0.005921844019824932,0,173,9.587995346820811,9.460419,9.713959,0.03560861581176922,9.586258,0.0012679735200301807,0,173,-1.3287323526011559,-1.4480743,-1.1065368999999998,0.054399003486216915,-1.3295135,0.00295925158029344,0,173,E
-0.5971480535150007,-1.3115691999999999,0.19386292,0.15084401915476445,-0.5939407299999999,0.022753918114762947,0,200,3.041350785000002,2.0552368000000003,3.6259308,0.25015728315487873,3.10866545,0.06257866631543019,0,200,8.681861864999991,8.481917999999999,9.042191,0.0818034867559993,8.663886999999999,0.006691810445438953,0,200,F
-0.6804792778999998,-0.9113312,-0.52841187,0.056010667382105084,-0.66856385,0.003137194860588809,0,200,3.1106795520000015,2.938385,3.2812195,0.04121526532069121,3.1068115,0.0016986980954549716,0,200,8.657149590000001,8.54921,8.731873,0.032809544880732566,8.659233,0.0010764662352808047,0,200,F
-0.6898886873999995,-0.83218384,-0.5152588,0.056369910591835534,-0.69293976,0.0031775668201315327,0,200,3.1084890754999988,2.996582,3.2133179,0.04924909062562685,3.110611,0.002425472927451207,0,200,8.660515437500003,8.580353,8.745132,0.03182652409733006,8.6604995,0.001012927636117931,0,200,F
-0.6558395370999999,-0.85198975,-0.5036621,0.04997311275121012,-0.6456299,0.002497311998045159,0,200,3.0469960740000004,2.9441222999999996,3.185791,0.035393361258830934,3.0494842999999996,0.001252690021198114,0,200,8.677161177499991,8.577805,8.757156,0.0320258433456834,8.6776505,0.0010256546420022534,0,200,F
-0.6461858381499997,-0.80493164,-0.49563599999999997,0.05011855643860669,-0.64488982,0.002511869699489804,0,200,3.025036924,2.876709,3.182022,0.04157165234687781,3.0245743000000003,0.0017282022788496715,0,200,8.6837638875,8.608276,8.773773,0.0313200593873756,8.685257,0.0009809461200287345,0,200,F
-0.6526330569000001,-0.8625946,-0.45765686,0.045983089993238434,-0.6485367,0.002114444565326264,0,200,3.0263334639999995,2.9515991,3.0976715,0.027299085630900177,3.0266952500000004,0.0007452400762832205,0,200,8.682260310000002,8.604675,8.739639,0.026099798291378696,8.685043499999999,0.0006811994708506543,0,200,F
-0.6807718672499999,-0.83343506,-0.5270691,0.05007805106688023,-0.6763534499999999,0.002507811198657064,0,200,3.031120146500001,2.940277,3.115982,0.028015048794929814,3.03271485,0.0007848429589822983,0,200,8.679349274999996,8.583160000000001,8.755585,0.0302588661250342,8.6806565,0.0009155989791727423,0,200,F
-0.6673706055000007,-0.81762695,-0.4532013,0.05499657910717341,-0.6593856999999999,0.003024623713491583,0,200,3.0287644225,2.9057007,3.11557,0.03567646565413248,3.02851105,0.0012728102015704948,0,200,8.681227669999998,8.528427,8.76004,0.03338293524646156,8.682541,0.0011144203656694458,0,200,F
-0.5861914072000005,-0.70059204,-0.44221497,0.06862916560958952,-0.5890502900000001,0.004709962372268465,0,200,2.921446839,2.7648162999999997,3.1174164,0.09435709920231257,2.88149265,0.008903262169875055,0,200,8.716964809999999,8.604507,8.809372,0.036766275467815336,8.717544499999999,0.00135175901177528,0,200,F
-0.5859903719000001,-0.7647705,-0.38113403,0.04937339148851851,-0.58172605,0.002437731787078512,0,200,2.878160937999997,2.7308044,2.9634552000000003,0.03563627040811875,2.8808898999999997,0.0012699437686005599,0,200,8.73354061,8.609863,8.808105,0.03428050619771028,8.734298500000001,0.001175153105171253,0,200,F
-0.5831615460499998,-0.7314911000000001,-0.40818787,0.04422210373971455,-0.584411615,0.001955594459166076,0,200,2.8723988369999995,2.7327728,2.9672241,0.036546839360185816,2.87580105,0.0013356714672192276,0,200,8.731711002499997,8.621124,8.844894,0.030894025320826413,8.7341615,0.0009544408005238633,0,200,F
-0.5807036602499998,-0.6705475000000001,-0.49775696,0.02605508594373661,-0.5787734999999999,0.0006788675035355013,0,200,2.877985153,2.7576294,2.954132,0.03104561212042128,2.87718965,0.0009638300319316487,0,200,8.726371904999997,8.643585,8.823959,0.030423132373087882,8.726928749999999,0.0009255669833904275,0,200,F
-0.5885339344,-0.76065063,-0.43554688,0.04791258070526912,-0.59295655,0.0022956153898389267,0,200,2.8765466344999995,2.7106323,2.9845123,0.04801224303687781,2.8862686,0.002305175481432222,0,200,8.726664737499998,8.64035,8.82196,0.033034483231111314,8.727249,0.0010912770823465743,0,200,F
-0.5434638981000002,-0.7358246,-0.38298035,0.0529871878739884,-0.534729,0.002807642078793344,0,200,2.7893772154999987,2.7011107999999995,2.9437103,0.04163479394352405,2.7825165000000003,0.0017334560667197072,0,200,8.753767080000003,8.647766,8.826767,0.03164329481791158,8.755035000000001,0.0010012981069332698,0,200,F
-0.5619008625499999,-0.70474243,-0.4916687,0.03013513168034651,-0.5626601999999999,0.0009081261613918238,0,200,2.808386385499999,2.7129517000000005,2.8987427,0.031002595302144994,2.8067474999999997,0.0009611609154685829,0,200,8.750010529999997,8.692444,8.860977,0.02994168962952753,8.745804,0.0008965047778709568,0,200,F
-0.5559107209499996,-0.68463135,-0.4490509,0.034355136982041484,-0.5548782299999999,0.0011802754370548339,0,200,2.7851050565000004,2.6588592999999996,2.944168,0.039030114009906365,2.7856445,0.0015233497996262884,0,200,8.755485415000004,8.6358795,8.85379,0.030600745968348133,8.757027,0.0009364056538193744,0,200,F
-0.5726311480999996,-0.86795044,-0.42729187,0.052421676150199804,-0.57150267,0.002748032130396427,0,200,2.7906341525,2.6565857000000004,2.9181366,0.0415872759810741,2.794754,0.0017295015235260227,0,200,8.753460789999998,8.606475999999999,8.842467999999998,0.03169216462120858,8.754333500000001,0.001004393298377785,0,200,F
-0.554201071213873,-0.64553833,-0.4756775,0.031140122949169638,-0.54678345,0.0009697072572894016,0,173,2.7712267335260115,2.6750792999999997,2.871292,0.03345674269073577,2.770874,0.001119353631474101,0,173,8.760295624277454,8.680664,8.827179,0.02649862674097338,8.762466,0.0007021772191574295,0,173,F
-2.9691033890000007,-3.5742035000000003,-2.6058502,0.16097825912311922,-2.95645905,0.02591399991031012,0,200,1.4630331405,1.0983733999999998,2.6348572,0.1726327910313856,1.47050475,0.02980208053928605,0,200,8.656790395,8.096297999999999,8.915619,0.09499798562018803,8.651252500000002,0.00902461727189345,0,200,G
-2.6396241049999998,-3.0484313999999997,-2.296051,0.1055839490259302,-2.633522,0.01114797029191023,0,200,1.239769440650001,0.91519165,1.5390472,0.1341063270652845,1.2487793,0.017984506958941056,0,200,8.772352129999998,8.555374,9.0190735,0.07642298067659753,8.763114999999999,0.005840471975495599,0,200,G
-2.5628022015000003,-2.755188,-2.3960571,0.0780743858838946,-2.5655975,0.006095609731147281,0,200,1.2596186035,1.0083008,1.5384521,0.11050704070491862,1.25705715,0.012211806045358542,0,200,8.791965015000002,8.609283,9.065933,0.06162268748400236,8.787918000000001,0.003797355612751021,0,200,G
-2.5074380544999992,-2.8225097999999997,-2.2363892000000005,0.11737790551307155,-2.5058365,0.013777572702635554,0,200,1.2462297838000005,0.9241790999999999,1.5386963,0.12255174954807438,1.24690245,0.015018931317293947,0,200,8.809755990000006,8.655197,8.985321,0.060638164895317974,8.804092,0.0036769870418717726,0,200,G
-2.4710412594999998,-2.727234,-2.2312927000000005,0.10859285588111536,-2.488739,0.011792408348416692,0,200,1.2152783205500002,0.9234314,1.4833068999999999,0.13625090419784833,1.2209473000000002,0.018564308894731242,0,200,8.819263990000003,8.674973,9.022308,0.06100342106866054,8.8102345,0.003721417382080297,0,200,G
-2.4627769425,-2.641388,-2.2390747,0.061703293550047715,-2.46669005,0.0038072964349233594,0,200,1.2382563033499998,0.99638367,1.5301818999999999,0.12052604242900546,1.2487488000000002,0.014526526903598418,0,200,8.82095474,8.705368,8.964981,0.04524139508515582,8.814964500000002,0.0020467838292511607,0,200,G
-2.452549973499999,-2.7414549999999998,-2.2358398,0.09947959966571186,-2.4677048,0.0098961907496503,0,200,1.26836731,0.9606476,1.5427856000000002,0.13045481502112632,1.27394105,0.017018458762196285,0,200,8.811293547499996,8.71138,8.929382,0.038028924329017035,8.81121075,0.0014461990856221038,0,200,G
-2.4826235224999995,-2.8577423,-2.2023772999999998,0.11516179068579402,-2.4917145,0.013262238033958634,0,200,1.3128443889999997,0.9768982,1.6246338,0.1582509928915499,1.3271866,0.025043376751161372,0,200,8.797818297499992,8.657028,8.975418,0.05163612642509776,8.7932285,0.00266628955218868,0,200,G
-2.483533255,-3.0296478,-2.0029296999999997,0.16334338296534814,-2.49248505,0.026681060758564388,0,200,1.3439185317500002,0.93385315,1.7362060000000001,0.1738981855449256,1.34835815,0.03024057893581736,0,200,8.795898130000003,8.624069,8.992569,0.056099898410952566,8.794128500000001,0.0031471986017191987,0,200,G
-2.472956161999999,-2.8735657000000003,-2.081833,0.12973639962700034,-2.47610475,0.01683153338817673,0,200,1.2576808909499997,0.8382415999999999,1.6057434,0.1841555303389984,1.29605105,0.033913259354437765,0,200,8.807847684999997,8.633575,9.024521,0.0620691987575383,8.804641499999999,0.0038525854344027928,0,200,G
-2.470091095000001,-2.6434173999999997,-2.3013916,0.07982146336522906,-2.4658356,0.006371466013766606,0,200,1.2386858362499995,0.8947754000000001,1.5639496000000002,0.17124832417517552,1.2284012,0.029325988532806,0,200,8.814453137500003,8.728850999999999,8.916718,0.03743324837130736,8.814865000000003,0.0014012480836279849,0,200,G
-2.4340278645000004,-2.6270447,-2.1710052,0.0933313453931538,-2.4420013,0.008710740032896173,0,200,1.2150714885,0.87931824,1.625885,0.17201853528755048,1.2214508,0.02959037648247425,0,200,8.818867657499998,8.714416499999999,8.956024000000003,0.04718218216462158,8.819831749999997,0.002226158313815535,0,200,G
-2.398272552,-2.9635773,-1.5513458,0.14760157794436213,-2.39788815,0.02178622581166561,0,200,1.3631368279499998,0.4920044,2.4557189999999998,0.27286067528315444,1.35044865,0.07445294811597905,0,200,8.806850625000003,8.149017,9.160889,0.10524350822097127,8.806213,0.011076196022657648,0,200,G
-2.391355057500001,-2.5624847,-2.2637023999999997,0.06995552317693242,-2.3857269,0.004893775222958331,0,200,1.4585757445000005,1.1172028,1.7414551,0.16795161193452954,1.46055605,0.02820774395140682,0,200,8.798571459999998,8.688324,8.910919,0.039850538863413436,8.800117499999997,0.0015880654477044252,0,200,G
-2.412614820499999,-2.8211212000000003,-1.9513855,0.1198102543740166,-2.41218565,0.01435449705316657,0,200,1.4687918119999994,0.9946746999999999,1.9490813999999999,0.16717054437049542,1.47446445,0.027945990905127772,0,200,8.785523294999997,8.633331,9.189528999999999,0.05965168850858376,8.782631000000002,0.003558323941925103,0,200,G
-2.4299033385,-2.6375122,-2.2419279999999997,0.07932117041106725,-2.4204025500000004,0.006291848075381571,0,200,1.5821511075,1.1950988999999999,1.941925,0.2022409941709284,1.57862095,0.040901419723245486,0,200,8.762549865,8.594711,8.893311,0.0481389432390517,8.76174175,0.002317357856172641,0,200,G
-2.4105284099999995,-3.6475372000000004,-1.7261810000000002,0.2923459931175043,-2.3392715500000003,0.08546617969185989,0,200,2.3052684785,1.1954498,3.5395203,0.4588139782175774,2.3476028500000004,0.2105102666078396,0,200,8.6107142665,7.621307400000001,8.979584,0.16734824214208974,8.6333315,0.02800543414804751,0,200,G
-2.247610631791908,-2.4394683999999995,-1.9181976000000005,0.07746903982184256,-2.2488556,0.0060014521309182285,0,173,2.3512085502890168,1.9630584999999998,2.7689056,0.1876529003921229,2.3486022999999996,0.035213611025576005,0,173,8.644039497109826,8.459488,8.831558,0.0560362482792232,8.645278999999999,0.0031400611212107445,0,173,G
-0.02693176296199998,-0.5777283000000001,0.49131775,0.2303036069634569,0.0027999878,0.05303975138037841,0,200,3.344098732,2.8615875,3.6606445,0.16016045381738755,3.3562698500000003,0.025651370966991528,0,200,8.551583772499992,8.423981,8.749695,0.060716427891564465,8.546417,0.003686484615911545,0,200,H
-0.035606994664500013,-0.28971863,0.23088074,0.11676068473835922,-0.030105591,0.013633057500570513,0,200,3.296626055,3.0266876,3.4712677000000003,0.06922888061529821,3.29705045,0.004792637911247211,0,200,8.571688842499997,8.484299,8.683867999999999,0.035331990220708175,8.571349999999999,0.0012483495329562182,0,200,H
-0.03999496460699998,-0.18609619,0.37724304,0.07839812391930008,-0.048370362,0.00614626583406593,0,200,3.3405984480000024,3.1274567,3.54245,0.0602383937063623,3.33797455,0.003628664076322709,0,200,8.556625309999998,8.427383,8.64447,0.03511144108752321,8.557175,0.001232813295242613,0,200,H
0.11812622069064994,-0.11714172,0.48806763,0.12252728593201123,0.097587585,0.015012935797864838,0,200,3.3683785230000014,2.8267822,3.6194153,0.14436365173056334,3.40248875,0.020840863940983386,0,200,8.5339829125,8.330948,8.730606,0.05951052057463381,8.527008,0.003541502059063914,0,200,H
0.2589527892349998,0.034210205,0.6247710999999999,0.0963320379503965,0.24595642,0.009279861535676632,0,200,3.385614020000001,3.110489,3.928711,0.1246057183833868,3.355835,0.015526585053839904,0,200,8.5236248775,8.300201,8.665894,0.05515206740667026,8.531203999999999,0.0030417505392299,0,200,H
0.28724281325,0.20303345,0.4461975,0.04224816887898783,0.28265381,0.0017849077736274753,0,200,3.3475385264999997,3.1548767000000004,3.4959870000000004,0.06360057893674152,3.3444138,0.00404503364108869,0,200,8.537434922499997,8.430389,8.642714999999999,0.037962051422258114,8.538872000000001,0.0014411173481861696,0,200,H
0.32440040574999995,0.23155212,0.389328,0.02859973810980027,0.32447052499999995,0.0008179450199491619,0,200,3.3361589809999983,3.2061157000000002,3.460785,0.050066548422401824,3.3348159500000003,0.0025066592709327064,0,200,8.542580267499998,8.42244,8.661697,0.03270265450057712,8.5438235,0.0010694636113841168,0,200,H
0.36026954639999986,0.26020813,0.7368469,0.06937369292991442,0.34187317,0.004812709270734058,0,200,3.316354673,2.8709717,3.491455,0.08233502618571016,3.3269347999999996,0.006779056537001577,0,200,8.5472116175,8.44693,8.769836,0.037317476012414405,8.544303750000001,0.0013925940159371245,0,200,H
0.2198004150649999,0.014801025,0.668396,0.08908761672013582,0.21159363,0.007936603452873824,0,200,3.1282061735,2.4797363,3.2432556,0.09284013353987296,3.14389805,0.008619290395701447,0,200,8.617490712499999,8.530594,8.794083,0.03651027024376107,8.613541,0.001332999833272465,0,200,H
0.22051254310000007,0.14828491,0.30244446,0.02746898341298142,0.218315125,0.0007545450497426484,0,200,3.148859637,3.02359,3.2467346,0.03676184428518749,3.1475754,0.0013514331952483721,0,200,8.6136350575,8.528381,8.729172,0.0290477644055484,8.6117095,0.0008437726169602443,0,200,H
0.19775070244300005,-0.6752014000000001,0.50135803,0.14042806684147915,0.223205565,0.019720041956834942,0,200,3.078306424000002,2.460083,3.4470214999999995,0.1495638215657912,3.1096267500000003,0.02236933672136383,0,200,8.636877085000004,8.4791565,9.252365,0.08331244220983806,8.6247635,0.0069409630269676075,0,200,H
-0.28216438260000004,-0.5778960999999999,-0.20439148,0.03585455067759147,-0.27899169999999995,0.0012855488042919749,0,200,2.768663028499998,2.5689545,2.86026,0.03845823068184663,2.77318575,0.0014790355071781294,0,200,8.7474510425,8.678664999999999,8.843369000000003,0.031209320008112888,8.745987,0.0009740216553687957,0,200,H
-0.2613368228500001,-0.34655762,-0.14370728,0.026914803090828467,-0.263412475,0.0007244066254180697,0,200,2.7513732150000005,2.6385956000000004,2.8907166,0.03960140453293138,2.74932865,0.0015682712409808787,0,200,8.747983157500009,8.670914,8.8120575,0.02736808921247796,8.75013725,0.0007490123071421526,0,200,H
-0.2512501531499998,-0.36421204,-0.19020079999999998,0.025729473377144832,-0.25082397,0.0006620058002652045,0,200,2.7740466299999986,2.70224,2.8898162999999997,0.030922659549345425,2.7711869,0.0009562108736047238,0,200,8.743134010000004,8.653427,8.822510000000003,0.029286882322136238,8.741829,0.0008577214761506559,0,200,H
-0.22007820100000025,-0.30230713,-0.13076782,0.02534827634630164,-0.219924925,0.0006425351137284753,0,200,2.764671402499997,2.6622467,2.8687134,0.03453160663883946,2.7630997,0.0011924318570595415,0,200,8.746565385000002,8.677322,8.820618,0.029974895338299175,8.7492675,0.0008984943505419894,0,200,H
-0.2062003327,-0.27540588,-0.14097595,0.022858077274067887,-0.20488739,0.0005224916966672589,0,200,2.7671208995,2.6441956,2.9984894,0.04362862471107646,2.7646865500000004,0.0019034568941799512,0,200,8.743779995000006,8.672775,8.8094635,0.026991371218525618,8.745078999999999,0.0007285341202562532,0,200,H
-0.20503952035,-0.29667664,-0.14294434,0.02162858307816956,-0.203956605,0.0004677956059692827,0,200,2.772521362000001,2.6539154,2.9568939999999997,0.04236330743420635,2.7709732,0.0017946498167650828,0,200,8.743657087500003,8.630478,8.81134,0.028490006935273787,8.744049,0.0008116804951719483,0,200,H
-0.2081343809248555,-0.25993347,-0.11729431,0.023684785382225085,-0.20982361,0.000560969058602063,0,173,2.7733682653179184,2.6757202,2.8969727,0.03774389315868997,2.7745056,0.0014246014707746028,0,173,8.742625494219652,8.671111999999999,8.810471000000003,0.027442254795243343,8.742279,0.0007530773482470563,0,173,H
-3.3911639355000016,-3.867752,-3.1537627999999995,0.10090646307238643,-3.3808517,0.010182114289778886,0,200,0.07144065890100001,-0.3996582,0.37869263,0.0962263480131657,0.080657957,0.009259510051950878,0,200,8.626298907499999,8.387924,8.788696,0.051219895659274164,8.628746000000001,0.0026234777113469322,0,200,I
-3.2899721520000016,-3.4890747,-3.0226592999999995,0.07608209242765711,-3.28738405,0.005788484788170559,0,200,0.107757644497,-0.004852295,0.36231995,0.05616433242236158,0.10052489999999999,0.003154432236449537,0,200,8.661233829999997,8.532928,8.787247,0.04248625319221098,8.6632535,0.0018050817103126586,0,200,I
-3.2126943195,-3.7699738,-2.6471252,0.14535817756415026,-3.2124786500000004,0.02112899978477104,0,200,0.3051938636950001,0.00944519,0.6512451,0.131752748401961,0.320960995,0.01735878671147044,0,200,8.677729277500003,8.502914,8.906311,0.0646982216831852,8.671852000000001,0.0041858598889665775,0,200,I
-3.266572416999998,-3.5430756000000003,-3.0427551,0.11392993769355535,-3.2319488000000005,0.012980030702857408,0,200,0.3722506708000001,0.23564148,0.6178589,0.0629233378377059,0.371520995,0.003959346444638071,0,200,8.65031181,8.515839,8.762192,0.04768138458743384,8.6553345,0.002273514436174773,0,200,I
-3.260706712500001,-3.539856,-3.016327,0.08650633287296508,-3.2571182,0.007483345627128239,0,200,0.3187660979850001,0.07293701,0.54418945,0.0802513469050718,0.332260135,0.006440278680078178,0,200,8.654306027499999,8.491638,8.780502,0.04475776564884994,8.656165999999999,0.0020032575858773714,0,200,I
-2.867550279999999,-3.5275116,-1.9135741999999998,0.5018147258813906,-3.1056747000000002,0.2518180191114153,0,200,0.060770492709999936,-0.7279053000000001,0.6419983,0.4404901967877114,0.22174835,0.1940316134660767,0,200,8.754951632500001,8.501311999999999,9.036377,0.13210822459920865,8.707985,0.017452583006754955,0,200,I
-2.393826901500001,-3.3136597,-1.6136627000000001,0.3411273093597737,-2.2591095,0.11636784119103875,0,200,-0.00023460523499999663,-1.6076813,0.7445526,0.5903280247072135,0.05166626,0.3484871767547205,0,200,8.8776473675,8.159332000000001,9.241408999999999,0.12539747046155678,8.904579499999997,0.015724525598157003,0,200,I
-2.1675875065000008,-2.408798200000001,-1.9039001,0.12326572691881152,-2.19349675,0.015194439432823016,0,200,0.7419316097999998,0.49987793,0.8904877,0.07263600391388073,0.737365735,0.005275989064577296,0,200,8.918213342499998,8.823425,9.04097,0.034697215807908084,8.917839,0.0012038967848205467,0,200,I
-2.111141506999999,-2.2700195,-1.9103394,0.06844178846498887,-2.1205139500000003,0.004684278408286285,0,200,0.8206701674999998,0.59695435,1.0435485999999998,0.062333700196255476,0.82123565,0.0038854901801566592,0,200,8.925132842499998,8.825194999999997,9.024506,0.03608470467008261,8.9243625,0.0013021059111270818,0,200,I
-2.123710563,-2.3200073,-1.9286499,0.08813593024830052,-2.1279678,0.007767942200733295,0,200,0.8983847036500002,0.6685028000000001,1.0889282,0.07104095650762239,0.89061737,0.005046817501517895,0,200,8.914231099999991,8.824478,9.020233000000001,0.03590813007117672,8.9125215,0.0012893938052085455,0,200,I
-2.0053658315000003,-2.3720703,-1.6615448,0.12361554957414565,-2.03105165,0.015280804096518052,0,200,1.0893808770999995,0.6799927,1.4048157,0.13909081537629367,1.105011,0.01934625492204221,0,200,8.912932284999991,8.777115,9.102554,0.04948975030447999,8.913795499999997,0.002449235385199777,0,200,I
-2.0019244404999994,-2.2706757,-1.6853943,0.12039120786536038,-1.99897005,0.014494042931280409,0,200,1.1023694595,0.78396606,1.510376,0.1660596387066972,1.07430265,0.02757580360739881,0,200,8.916674874999998,8.823058999999997,9.029617,0.03412743510989754,8.922516,0.0011646818271802675,0,200,I
-1.9972889710000004,-2.1373138,-1.8570708999999999,0.06256529373343113,-1.99198915,0.003914415979950514,0,200,1.1766452014999995,0.9870453000000001,1.3843079,0.06720249529447524,1.1720046999999998,0.004516175373803966,0,200,8.905956255000003,8.807571000000003,9.036224,0.03145389161073341,8.903961000000002,0.0009893472974597656,0,200,I
-1.9358229764999992,-2.2089232999999995,-1.7281494,0.11674113145699935,-1.9168167,0.013628491773860402,0,200,1.26028983835,0.7776947,1.5068053999999995,0.12829824206306625,1.29226685,0.016460438916473134,0,200,8.906973687499997,8.787139999999999,9.017136,0.03642857839206648,8.9058155,0.0013270413236669328,0,200,I
-1.9765187125000003,-2.2227936,-1.6402588,0.10740111568542933,-1.965683,0.011534999650474971,0,200,1.2833728795000008,1.1148987,1.4674835,0.07360860154412552,1.2888107,0.0054182262212818365,0,200,8.896664854999997,8.796814,8.986023,0.03589640178866596,8.897278,0.0012885516613733404,0,200,I
-1.9962081179999995,-2.4182587000000004,-1.7489624,0.1327425880423437,-1.95899965,0.017620594680179368,0,200,1.2067578874999996,0.9050598,1.6437683,0.1039317957247422,1.20869445,0.01080181816256954,0,200,8.902971587500002,8.770813,9.004669,0.04338876145401775,8.90368675,0.001882584620513656,0,200,I
-2.180490339500002,-2.7922516,-1.7836151000000002,0.2163789630857829,-2.1107102,0.04681985566607859,0,200,1.1714484397999996,0.73187256,2.0569153,0.18688625647551133,1.15961455,0.03492647285943061,0,200,8.867836244999994,8.544159,9.099747,0.08169146349962783,8.887710499999999,0.006673495208711024,0,200,I
-2.473610105172414,-2.759491,-2.1276245,0.10382880965421017,-2.4668502999999995,0.010780421714210205,0,174,0.9099503435057466,0.5467529000000001,1.7347259999999998,0.15837230561853338,0.8755645750000001,0.025081787186930143,0,174,8.835893580459764,8.645828,9.048325,0.05973570303246217,8.831261,0.003568354216782512,0,174,I
-1.8233647915000004,-2.2770080000000004,-1.5310516,0.19281238086750388,-1.7375564500000005,0.03717661421579537,0,200,3.138640591500001,2.4509735,3.6688385,0.2997701283661646,3.1606064,0.08986212986066681,0,200,8.477667547500005,8.199203500000001,8.731995,0.13009414099959932,8.487541,0.016924485522423625,0,200,J
-1.8790358745000004,-2.6467742999999997,-1.430603,0.4080832584145657,-1.68237305,0.1665319457982492,0,200,3.1357535529999945,2.721878,3.703415,0.2008974092251152,3.118225,0.040359769033363406,0,200,8.464258714999994,8.232269,8.724731,0.12730464945104353,8.5018465,0.016206473771853074,0,200,J
-1.8431816125,-2.279251,-1.3009186000000001,0.2574006804567322,-1.78026585,0.06625511029958876,0,200,2.9047816494999985,1.8659363000000002,3.7222137,0.3595509196118578,2.83811185,0.12927686379373265,0,200,8.554829219999998,8.251389,8.941574000000003,0.14539604862919772,8.5828855,0.021140010956984027,0,200,J
-1.6779817944999982,-1.9804993000000002,-1.1293792999999999,0.2521864871066772,-1.77319335,0.06359802427920623,0,200,3.0050743085000033,2.4648743,3.3034057999999997,0.10103466041366203,2.9960556,0.010208002604904006,0,200,8.552097859999998,8.409195,8.740738,0.0519362151130282,8.543968249999999,0.002697370440266739,0,200,J
-1.4391550440000005,-1.9039307,-1.0537566999999999,0.2016895956667696,-1.44966125,0.04067869300022499,0,200,3.0062728105,2.3389587000000005,3.646286,0.184681352513664,2.9957199,0.034107201966276236,0,200,8.586742349999998,8.280823,8.908707000000003,0.08784428220357783,8.591362,0.007716617915861821,0,200,J
-1.4516395579999994,-1.760315,-1.26091,0.15399400410238495,-1.37268065,0.02371415329948535,0,200,3.0288167585,2.7851868,3.3847504,0.10938499049931943,2.9917755,0.011965076146536208,0,200,8.5763335525,8.390625,8.683273,0.050280942016646825,8.578933750000001,0.0025281731300814004,0,200,J
-1.5323422270000011,-1.8756256000000002,-1.0953674,0.2446422558799527,-1.47994995,0.05984983336203225,0,200,3.0544596884999984,2.1861877,3.3622437000000005,0.22102971137070968,3.12645725,0.04885413330861922,0,200,8.5549548875,8.38562,8.797729499999997,0.08597315248646467,8.5311205,0.007391382948460906,0,200,J
-1.3655077360000003,-1.6910095,-1.0737915,0.16852282385090753,-1.32229615,0.028399942158684008,0,200,3.0948179659999977,2.7266235,3.4326019999999997,0.11709301271862238,3.12458805,0.01371077362752346,0,200,8.563106617499995,8.441895,8.693878,0.05169055695527641,8.549843,0.002671913678346675,0,200,J
-1.4499178330000004,-1.6577758999999999,-1.3529663,0.06743991062561447,-1.4325943,0.0045481415451908685,0,200,3.2048094939999987,3.0553741000000003,3.3519592000000005,0.05609522181304697,3.2096709999999997,0.0031466739102549404,0,200,8.521211234999999,8.452805,8.629425,0.031506071155820936,8.518684499999999,0.000992632519675652,0,200,J
-1.2847940052000002,-2.1110077,-0.53152466,0.3177594558393142,-1.37899015,0.10097107177529707,0,200,2.622199934500001,1.1204681,4.003647,0.7059589995744058,2.9864426,0.4983781090800959,0,200,8.679494535000002,8.017425999999999,9.201263,0.20950089959996526,8.610298,0.043890626933194746,0,200,J
-1.515808334449999,-2.2677155,-0.93045044,0.17771528827709768,-1.5435028,0.03158272368741193,0,200,2.3529100832999994,0.53256226,3.2717438,0.4475580016585429,2.3509827000000003,0.20030816484858827,0,200,8.750701905,8.451462,9.256348,0.11444410447538053,8.749770999999999,0.013097453049171813,0,200,J
-1.503442688000001,-1.6407623,-1.3762816999999998,0.04687225400493741,-1.5093383500000002,0.002197008195503372,0,200,2.3205047645000003,2.1505432,2.4787903,0.05957545404813206,2.31100465,0.0035492347250410954,0,200,8.7700176075,8.680481,8.875671,0.03357781281406769,8.7709505,0.0011274695133765686,0,200,J
-1.5478647609999998,-1.6878357,-1.4191284,0.03783813452560349,-1.5490111999999998,0.001431724424377667,0,200,2.2994474069999997,2.1410675,2.4028625,0.033848583226834934,2.2994613500000005,0.001145726586463971,0,200,8.772620730000005,8.687759,8.861023,0.02864634171930325,8.771202,0.0008206128938990937,0,200,J
-0.8504492166075006,-1.9790497,0.52796936,0.8517517950765029,-1.4330063000000002,0.7254811204160451,0,200,2.7031907685000003,1.4438171,3.574646,0.5076526847018341,2.47052765,0.2577112482849798,0,200,8.680631800999997,7.361313000000001,9.609711,0.2137580976134312,8.7451095,0.04569252429531317,0,200,J
0.3068242641000001,0.23165894,0.42332458,0.0305520627844292,0.30513001,0.0009334285403837037,0,200,3.4449153095000016,3.3187102999999993,3.579483,0.046829723920934166,3.44392395,0.0021930230425109137,0,200,8.484593285000006,8.363525,8.587418,0.03054825692205951,8.484656999999999,0.0009331960009761568,0,200,J
0.3554280093000001,0.19885254,0.45536804,0.04524085810723387,0.36041259,0.0020467352422788685,0,200,3.4920739750000007,3.3181152000000003,3.714096,0.0592771348719895,3.4925995000000003,0.003513778718632034,0,200,8.465212399999999,8.383408,8.558838,0.03226262443692065,8.4637145,0.0010408769355577897,0,200,J
0.48384460585,0.1330719,0.8970336999999999,0.1349035611885977,0.42155457,0.018198970821365724,0,200,3.4270409399999995,2.9452515,3.7584686,0.11236709265633148,3.4492264,0.012626363512036588,0,200,8.481274720000005,8.323181,8.692291,0.05339319398334227,8.479019000000001,0.002850833163742817,0,200,J
0.5704668515606934,0.29696655,1.0672302,0.12508857303920454,0.5481262,0.01564715110498442,0,173,3.5262950346820823,3.3189697,3.7648620000000004,0.08646167648556824,3.5093384,0.007475621500695063,0,173,8.431996592485548,8.284469999999999,8.567993,0.04274486070706508,8.432571000000001,0.001827123116866397,0,173,J
-0.5037644966999999,-0.7256012,-0.3507843,0.1196264680461194,-0.4460143999999999,0.014310491857189231,0,200,3.9693936935000016,3.8060913,4.2253419999999995,0.04787646350301666,3.9685135,0.002292155757555687,0,200,8.29814515,8.20993,8.447662,0.035308425201943015,8.295143,0.0012466848902412046,0,200,K
-0.3858874509000001,-0.67684937,-0.25108337,0.07796442211074246,-0.38529205,0.006078451115062029,0,200,3.906224749,3.7042847,4.124572799999998,0.07554200050028077,3.90850835,0.0057065938395844205,0,200,8.323339914999998,8.187744,8.430191,0.046451214019384415,8.320579500000001,0.0021577152838746557,0,200,K
-0.42197837825,-0.55311584,-0.3278656,0.03845597193368765,-0.42146301,0.0014788617773645722,0,200,3.887087252499999,3.7943877999999995,3.9933472,0.037598887585638535,3.8843842000000004,0.0014136763476774838,0,200,8.332224185000001,8.235519,8.397888,0.03091093093770316,8.3312375,0.0009554856514354542,0,200,K
-0.39009918175,-0.5129852,-0.230896,0.045220511015444366,-0.39335632,0.002044894616497925,0,200,3.877208705500002,3.735611,3.97937,0.04516357430075388,3.8778076,0.002039748443619716,0,200,8.338799737499992,8.220657000000001,8.425094999999999,0.034401537862008384,8.341178999999999,0.001183465807271197,0,200,K
-0.3895935055,-0.50927734,-0.22088623,0.05094106462614967,-0.38949585,0.002594992065245557,0,200,3.8810582015000006,3.766632,4.032196,0.05163618207861932,3.8773651,0.002666295299656327,0,200,8.335735289999997,8.225983,8.410721,0.03221113873197355,8.336791999999999,0.0010375574584104467,0,200,K
-0.3649025728,-0.47485352,-0.16494751,0.04774893833025756,-0.37076569,0.0022799611116667393,0,200,3.8691401719999985,3.6994934,4.000458,0.046388213435815256,3.86940765,0.0021518663457667517,0,200,8.341614560000004,8.258392,8.422791,0.029595466153502562,8.34226975,0.0008758916168431157,0,200,K
-0.3626988989000002,-0.4697876,-0.24656677,0.03733643903229504,-0.36333465,0.0013940096796122845,0,200,3.8610156260000013,3.7568053999999997,3.9735565000000004,0.044602220388715384,3.8555602999999996,0.0019893580636035388,0,200,8.344063052499997,8.217911,8.421478,0.033348222388394626,8.3474195,0.0011121039364658247,0,200,K
-0.3654203798000003,-0.55693054,-0.17640686,0.06364287798643874,-0.35691833,0.004050415918396728,0,200,3.859559937999997,3.6681366,4.0646973,0.06400747283468759,3.8579559000000003,0.0040969565786832685,0,200,8.344585547499994,8.173767,8.44165,0.04229623475554869,8.343445,0.0017889714744964847,0,200,K
-0.3879431912500003,-0.55410767,-0.2323761,0.047841287598408805,-0.3880844100000001,0.002288788799073664,0,200,3.870373462999997,3.5610657,4.106827,0.06716845264816493,3.8698197,0.004511601031148772,0,200,8.337876587500004,8.235306,8.505768,0.03977692239849731,8.340164,0.0015822035554960774,0,200,K
-0.4419744110350001,-1.0212708000000001,0.52215576,0.16927089495886846,-0.412940985,0.028652635880176275,0,200,3.745979457,2.537918,4.1378784,0.21869023959559736,3.78522495,0.04782542089437978,0,200,8.388571762500002,8.192474,8.924515,0.10026900232745686,8.366867,0.01005387282774355,0,200,K
-0.3789112848500002,-0.47492979999999996,-0.2753296,0.03194034659816358,-0.379211425,0.0010201857408108199,0,200,3.734398878999999,3.6131134,3.9007568,0.05195583984891293,3.73506925,0.002699409294405889,0,200,8.398480642500003,8.282196,8.503113,0.0334651501136119,8.399063499999999,0.0011199162721265783,0,200,K
-0.37191703800000014,-0.52975464,-0.21469116,0.04276205920879113,-0.37171936,0.0018285937077761574,0,200,3.749042510499996,3.6493683,3.850357,0.041745713722104186,3.7529449500000007,0.0017427046141678779,0,200,8.388870699999998,8.287063999999999,8.488632,0.03357818763616717,8.39050275,0.0011274946849296494,0,200,K
-0.34741745075,-0.54693604,-0.09643555,0.06018945364329131,-0.35591126,0.003622770329877913,0,200,3.7463047035000003,3.5917053,3.8510437000000004,0.052887029435408316,3.7502593999999996,0.002797037882501745,0,200,8.385470934999997,8.282471000000001,8.53801,0.035386694471458514,8.384697000000001,0.001252218145616352,0,200,K
-0.3493064884000001,-0.5812378,-0.1820221,0.05232104112987155,-0.34934998,0.0027374913449137108,0,200,3.7748912030000015,3.6256104,3.9055786,0.05678026922455062,3.7716599000000004,0.0032239989732124512,0,200,8.374521607499998,8.282242,8.476105,0.03658369383746898,8.3753815,0.001338366654793666,0,200,K
-0.3415587618500001,-0.46722412,-0.23872375,0.03941469287674846,-0.33988952,0.0015535180145684056,0,200,3.8078832284999984,3.6928099999999997,3.9255980999999998,0.05168598649944822,3.80835725,0.002671441200421144,0,200,8.364702157499998,8.268906,8.438538000000001,0.03187596999988571,8.368095499999999,0.0010160774634336142,0,200,K
-0.3603053281855001,-1.499054,0.12696838,0.13626953800701838,-0.34738159,0.018569386988646228,0,200,3.9935650580000033,2.5771637000000003,6.4734955,0.427882217336144,3.8264084,0.18308319191249514,0,200,8.275164632999997,6.5399475,8.731216,0.2199042076512517,8.349197499999999,0.04835786054272483,0,200,K
-0.45416397075,-0.6081238,-0.37005615,0.03612627715883068,-0.452087405,0.0013051079013566517,0,200,3.861013871999999,3.5785065,4.0165863,0.08698763511716649,3.87884525,0.007566848663277299,0,200,8.3356272125,8.250259,8.460892,0.04666119264473145,8.333458,0.0021772668990287397,0,200,K
-0.40212240877906985,-0.5254821999999999,-0.28457642,0.043327833901147916,-0.3977356,0.0018773011905654626,0,172,3.8846752249999987,3.7109985,4.0222473,0.05056113882756677,3.8854446000000005,0.00255642875954048,0,172,8.330550107558139,8.225739,8.4379425,0.03702851911775777,8.330932749999999,0.0013711112280541528,0,172,K
-0.3650102997705,-1.8102875,0.25451660000000004,0.5642263061843484,-0.042045593,0.3183513245904341,0,200,3.92925599,2.8255615,4.7827606,0.3768248488475149,4.001754849999998,0.14199696670895245,0,200,8.287350130000004,7.7061005000000025,8.828323,0.15149648659546386,8.2791365,0.022951185450769556,0,200,L
-1.8785008209999987,-3.8274383999999997,-1.2644196,0.2789441838272645,-1.84622955,0.07780985769105875,0,200,2.4755126179500007,0.79052734,3.4342193999999995,0.3780511523174282,2.4874572999999995,0.1429226737685353,0,200,8.660317947999998,6.4477997,11.282257000000001,0.3116497951332713,8.672050500000001,0.09712559480660997,0,200,L
-1.951253889,-3.0269775,-1.5726013,0.2759526682483511,-1.83942415,0.0761498751133845,0,200,2.6919838711500006,0.12843323,3.2617187999999997,0.7384346887134701,3.1274567,0.5452857894953594,0,200,8.5688417075,7.950577,9.328766,0.18848318742591305,8.4974825,0.03552591194223186,0,200,L
-2.290121230999999,-2.4606169999999996,-2.1792297,0.06274037687620694,-2.28285975,0.003936354890568483,0,200,1.553955688499999,1.4063263000000001,1.7355346999999999,0.0531801249095628,1.54387665,0.002828125685396702,0,200,8.7917935875,8.695572,8.886992999999997,0.03498916072740442,8.7943495,0.0012242413684081398,0,200,L
-2.221387405000001,-2.5538939999999997,-1.6282043,0.06390736630937607,-2.2181472999999996,0.004084151468600777,0,200,1.4809330760000017,1.2662506000000002,1.6311798,0.04543150469618104,1.4837418000000002,0.0020640216189591197,0,200,8.819340897500005,8.475342,8.976303,0.04437519744657886,8.821144,0.0019691581484228594,0,200,L
-2.2388932045000014,-2.323761,-2.1590576,0.03455165858731101,-2.2357406,0.0011938171111341026,0,200,1.5056039425000003,1.4131011999999998,1.5691223,0.026529586454018657,1.5078125,0.0007038189574212503,0,200,8.812635584999997,8.744949,8.898239,0.02766926002270025,8.812560999999997,0.0007655879502037981,0,200,L
-2.222958219500001,-2.3016357000000003,-2.1594696,0.02560963338325627,-2.2226181,0.0006558533220247937,0,200,1.4925109865,1.4234008999999999,1.5619353999999999,0.028526235503310276,1.49225615,0.0008137461119903193,0,200,8.817150344999998,8.748047,8.900757,0.02864974771427205,8.8175585,0.0008208080440914367,0,200,L
-2.2225957415,-2.6370544,-1.7705993999999998,0.09775397925276176,-2.2002867999999998,0.009555840459749372,0,200,1.4823786124999998,1.2687378,1.6754303,0.054703089314765314,1.48108675,0.002992427980579191,0,200,8.815627702499993,8.42746,9.253052,0.059367084966649886,8.8198165,0.0035244507774374275,0,200,L
-2.2224034145,-2.5192566000000003,-2.0497894,0.05954567896938085,-2.2269973999999997,0.0035456878839245642,0,200,1.533147885500001,1.2928162,1.7375029999999998,0.06750317082501157,1.5331116000000002,0.004556678071430695,0,200,8.814173902499997,8.630905,9.011688000000001,0.045857262349328215,8.817703,0.0021028885101751146,0,200,L
-2.278740313000001,-2.5065002,-1.9917908,0.1108749683217854,-2.30088805,0.012293258600356915,0,200,1.2139604155999997,0.8863373,1.7802734,0.21955658161701908,1.1407623,0.04820509253135075,0,200,8.841844582500002,8.709885,9.04068,0.052290704858559335,8.840644999999997,0.002734317814604961,0,200,L
-2.326816639000001,-2.418396,-2.2229614,0.030066866428425883,-2.3246154999999997,0.0009040164568248027,0,200,1.15600486595,0.92904663,1.2684174,0.04074900593191076,1.15551755,0.0016604814844388984,0,200,8.841441490000003,8.767853,8.91394,0.02911410219175687,8.842178,0.000847630946432062,0,200,L
-2.405306250999999,-2.7153167999999996,-2.1013336,0.08750783283628569,-2.3996659,0.007657620807703319,0,200,1.2049541457,0.8976593,1.543747,0.11001546548065874,1.19750215,0.012103402644926016,0,200,8.813053212500005,8.612305000000001,9.01326,0.06599525875673151,8.816879499999997,0.004355374178367947,0,200,L
-2.346458208000001,-2.5677947999999997,-2.113739,0.07535502474917634,-2.34887695,0.005678379754948979,0,200,1.1665029117499999,0.8213959000000001,1.4389496000000002,0.08654277104455099,1.17192075,0.007489651220069574,0,200,8.835395344999998,8.604828,9.084106,0.05791753075990996,8.838211000000003,0.0033544403693251163,0,200,L
-2.3577378035000014,-2.7045288,-1.9362183000000002,0.15495314561670828,-2.37974545,0.024010477336512803,0,200,1.19774299605,0.93107605,1.5592957,0.09951769515242999,1.1942214999999998,0.00990377164845199,0,200,8.8286947675,8.568024000000001,9.12677,0.07861233444763126,8.823814500000003,0.006179899127306232,0,200,L
-2.3719125374999988,-2.6789549999999998,-2.1095886000000004,0.09553939642590786,-2.3702544999999997,0.009127776269426777,0,200,1.1800897995,0.9220581,1.509079,0.09512271616761356,1.1792145,0.00904833113110437,0,200,8.827488507500004,8.597122,9.086426,0.07228167150816146,8.827430999999999,0.0052246400360137606,0,200,L
-2.3911947635,-2.6983794999999997,-2.1681824,0.09402904219579188,-2.3816071,0.00884146077625801,0,200,1.1660882553000005,0.9662780999999999,1.3894958,0.08613878738778709,1.15989685,0.007419890692638389,0,200,8.8262520475,8.616653,9.028792999999999,0.06843884776817688,8.834586999999997,0.004683875883835688,0,200,L
-2.388130414500001,-2.5607604999999998,-2.0825806,0.08048879701859472,-2.3815307999999997,0.006478446445500543,0,200,1.1622045897999995,0.6596221999999999,1.3738098,0.08959333136519698,1.16760255,0.008026965025113993,0,200,8.825380552500002,8.678879,9.042023,0.05886030835234095,8.826309249999998,0.0034645358993326573,0,200,L
-2.3883570884393057,-2.6568297999999997,-2.1444397,0.08119718520221411,-2.386673,0.00659298288476266,0,173,1.1310499764161843,0.7982178000000001,1.5319366,0.11659165773092645,1.1339569,0.013593614652445504,0,173,8.82975557803468,8.562546000000001,9.057404,0.07315991995298593,8.829819,0.005352373887527307,0,173,L
3.3601807423100003,-6.9493713,16.42389,3.82652207915345,3.4224625,14.642271222248844,0,200,8.423732450600001,-6.8053589999999975,19.278778,3.9037134317013713,8.776810000000001,15.238978556845698,0,200,1.2365359389599997,-10.182129,10.039992999999999,3.1816080740418053,0.78347777,10.122629936808003,0,200,M
2.674527590956002,-10.902481,18.873276,4.419189748225682,2.8208084,19.52923803082296,0,200,8.912722707500002,-3.1270905,19.302398999999998,3.3649711133331315,9.0891495,11.323030593566413,0,200,0.938553463645,-6.290344,12.0242,3.1470119955019027,0.78865813,9.903684499832867,0,200,M
2.3061794247800016,-13.765717,19.004272,3.890550722010384,2.33284,15.136384920535516,0,200,8.984725150980001,-5.011093,19.454742,3.3982987503663336,9.322174,11.548434396741388,0,200,0.3148883760824999,-7.3472137,13.29834,2.8689602503702933,-0.126762392,8.230932918204775,0,200,M
2.121812985285001,-10.993439,17.505875,3.41999629251782,2.06649785,11.696374640835634,0,200,9.10561821265,-5.017639,18.632873999999997,3.3486360765266654,9.5066985,11.213363573015899,0,200,0.5193263239035,-5.2916718000000005,13.32576,2.9174115216361343,-0.12471008,8.511289986575266,0,200,M
2.191283713854999,-7.401992999999999,18.823257,3.44101360879242,1.79199985,11.840574655894633,0,200,9.179485149500005,1.9822540000000002,19.243454,2.7623240389039365,9.42472075,7.630434095906558,0,200,0.4186823303299998,-8.692551,14.177139000000002,3.0277360743600474,-0.15493011,9.167185735981189,0,200,M
1.24195320357,-17.553558,16.67865,4.325145771218496,1.3357544,18.706885942289244,0,200,9.063905560299998,-0.45146179999999997,19.613052,3.4775637203093286,9.1304245,12.09344942881166,0,200,1.1699692511624995,-9.492752000000001,13.362549,3.429597134813537,0.739837635,11.762136507121227,0,200,M
1.2759877761335001,-8.836014,18.787384,3.324040323222178,1.1163558999999998,11.049244070407,0,200,9.239990453899999,0.44726563,19.294173999999998,2.7251985450227107,9.5281525,7.4267071097939015,0,200,0.5470353713499996,-7.578842,11.585129,2.9763946001651376,-0.0032653799999999983,8.85892481589219,0,200,M
1.5312658703,-8.529388,15.601166000000001,3.2243644621193637,1.0394745,10.396526184578288,0,200,9.149039415500004,-1.9503326,19.565292000000003,3.454663884627053,9.5151675,11.934702555746483,0,200,0.3158628154900001,-8.628342,13.165604,3.3545276445700254,-0.193283085,11.252855718184524,0,200,M
0.9229727856575006,-15.912888,17.172516,3.705026725849902,0.7537002500000001,13.727223039262045,0,200,9.401916416500006,-1.2761688,18.743927,2.8909490381238108,9.6684035,8.357586341028988,0,200,0.42896361648,-14.781051999999999,15.678177,3.6804729068678497,-0.158294675,13.545880818188284,0,200,M
1.1096554557899998,-11.114609,17.395737,3.726491056346641,0.8775482299999999,13.8867355930315,0,200,9.283933089199996,-2.5862122000000003,19.099594,3.2090469615191823,9.517242,10.297982401235496,0,200,0.39403152121,-7.3292847000000005,16.17308,3.151533277557577,-0.205818175,9.932161999552807,0,200,M
0.9317057050650002,-17.869644,18.889404000000006,4.282864378467981,0.5930481,18.342927284349933,0,200,9.285717955950002,-5.588867,19.613052,3.96311173545308,9.493583999999998,15.706254627685919,0,200,0.30972954447099993,-8.033980999999999,16.03592,3.678306355553024,-0.31162262499999993,13.529937645301766,0,200,M
0.5925950615950001,-13.059128,16.513641,3.272337177540148,0.350677485,10.70819060351142,0,200,9.464332200500005,0.7957306,19.613052,3.2371772991121395,9.6501465,10.479316865886966,0,200,0.5191587825799998,-7.1715089999999995,18.262024,3.5114633727185365,-0.283905035,12.33037501794384,0,200,M
0.6134694034400001,-13.099472,18.745635999999998,4.6549029647945845,0.521942135,21.668121611653408,0,200,9.067495215350004,-9.467209,18.230194,3.8061589406234684,9.575836500000001,14.48684588128796,0,200,0.25387794421000004,-12.727675999999999,13.969695999999999,3.6075162772190668,-0.21004486,13.014173690400519,0,200,M
0.050824825111000005,-15.290695000000001,18.546692,4.353420754831719,-0.149383545,18.952272268599568,0,200,9.063754556869998,-10.341263,19.613052,4.3122462107053945,9.430411999999999,18.595467381743042,0,200,0.7091152915299999,-10.711212,15.815261999999999,3.798803902415642,0.491241455,14.43091108900831,0,200,M
0.16856018596500008,-11.058914,19.105835,3.63215898095524,-0.222206115,13.192578862933807,0,200,9.14482627035,-8.6766205,19.487106,3.406080147023864,9.588966500000002,11.601381967950106,0,200,-0.35656905933499994,-16.043076,9.739319,3.37196948327702,-0.72538755,11.37017819615149,0,200,M
-0.27902977582500005,-16.351059,17.255005,3.6353672089911364,-0.377563475,13.215894744208008,0,200,9.353899077225,-0.071762085,18.632355,2.8167524500543792,9.61306,7.934094364887347,0,200,0.10698188767999986,-8.229141,8.077042,2.7019665121497844,-0.51228332,7.300623032778871,0,200,M
-0.21733902221499984,-17.312057,13.921234,3.6154578448512216,-0.165138245,13.071535427896242,0,200,9.2349120718,-14.009857,18.454071,3.5045537179107304,9.59747325,12.28189676172192,0,200,0.2212474041825,-11.862915,15.728485000000001,3.075093374463428,-0.37291718,9.45619926166887,0,200,M
-1.3378412401098263,-16.981827,16.532425,4.1503821208440455,-1.3061523000000002,17.22567174902192,0,173,9.282908343468208,-2.3110352,18.761398,3.5129405022944584,9.544312,12.340750972660842,0,173,0.10852782410867068,-12.181244,8.92157,3.1786372680465265,-0.33450317,10.10373488181428,0,173,M
3.6209180341500007,0.59033203,7.3269350000000015,0.9674212233925836,3.5516739,0.9359038234704036,0,200,8.9653449035,5.585708599999999,13.372253,0.7477677581771797,9.0141445,0.559156620169325,0,200,-1.2930165859449994,-3.7881775,2.3605042000000003,1.058072404612846,-1.48158265,1.1195172134032103,0,200,O
3.8344440455000015,1.4011383,7.446426400000001,0.782299487962157,3.84142305,0.611992488865853,0,200,8.8507493315,6.615082000000001,10.015625,0.3542405071546884,8.84967,0.12548633690921085,0,200,-1.8500228833499992,-3.5487976000000003,0.5022888,0.6070048316282036,-1.7635880000000002,0.3684548656199838,0,200,O
3.5884268188000004,0.11172485,7.572342,1.1085071733917755,3.5500107000000005,1.2287881534610243,0,200,8.965293651999998,5.7215576,12.862122,0.7761393107773471,8.920921499999997,0.6023922297339352,0,200,-1.22325561674,-3.5443572999999997,3.1990355999999998,1.085998828390592,-1.34682465,1.1793934552657388,0,200,O
3.674303052500002,1.602478,6.379944,0.7356113395703533,3.74314115,0.5411240429044896,0,200,8.944377659999997,7.5571899999999985,9.828125,0.3324724467044073,8.917793,0.11053792781761496,0,200,-1.6659776293000004,-3.0878906,0.8183136,0.5434363480181696,-1.65119175,0.29532306434732514,0,200,O
3.5194306919999985,1.0796508999999999,5.2241364,0.6250967378737571,3.60394285,0.39074593170041255,0,200,8.981700827500003,8.147491,9.60437,0.23782205992737404,8.948982,0.056559332188099484,0,200,-1.7880594600849995,-3.0764313,0.033981323,0.4626388177408244,-1.7990112,0.21403467568062773,0,200,O
3.6833064240000017,1.5713959,6.6107024999999995,0.7081978373579679,3.7210617,0.5015441768385027,0,200,8.905987496500002,7.445831299999999,9.616287,0.3237538630160769,8.912971499999998,0.10481656381783266,0,200,-1.8215069601000005,-3.233841,-0.18341064,0.5247976272950788,-1.87973025,0.2754125496145445,0,200,O
3.7527468175,1.8447418000000002,8.231292999999999,0.8446202878818313,3.6402665,0.7133834307015875,0,200,8.904579873000001,6.976471000000001,11.151276,0.4478114014385801,8.924743749999998,0.20053505125838508,0,200,-1.4085369842299988,-3.4145508,1.1733246000000002,0.7319165440997428,-1.4256897,0.5357018275269109,0,200,O
3.6868392955,1.2162018,5.8955230000000025,0.7300557758785464,3.7817687999999996,0.5329814358936265,0,200,8.907234742500002,8.051331,10.432816,0.31244970456279725,8.866844500000001,0.09762481788137928,0,200,-1.8231393424800009,-3.5125732000000003,0.14056396,0.6196592828163973,-1.8698349,0.3839776267805318,0,200,O
3.629069896,2.1208953999999998,6.0886383,0.5614652956795628,3.6210479,0.3152432782525389,0,200,8.929602745000002,8.184616,9.715485000000001,0.2168044274595894,8.935310500000002,0.04700415976608036,0,200,-1.8191333014500004,-3.0816956,-0.30500793,0.4791140844796616,-1.8835373,0.22955030594678436,0,200,O
3.5362751785000004,1.3755188,5.639435,0.690002910382759,3.5387878500000003,0.4761040163366777,0,200,8.986536558500001,7.488052400000001,10.535919,0.3954579977425372,8.978821,0.1563870279785365,0,200,-1.6118563099800014,-3.1989593999999997,0.7079314999999999,0.7679793423367195,-1.8471069,0.5897922702559403,0,200,O
3.6466431530000003,2.0562897,6.1748199999999995,0.7055274330213918,3.67884065,0.4977689587457544,0,200,8.919827888,6.024032599999999,10.030899,0.4986340646499845,8.951415999999998,0.2486359304293649,0,200,-1.718984528000001,-3.1549225,1.8580474999999999,0.7254510794659195,-1.8811798,0.5262792686982678,0,200,O
3.636952216500001,1.6924286,5.6959230000000005,0.6940370297341325,3.6324767999999996,0.4816873986421771,0,200,8.944099277499992,8.009399,9.9665985,0.3115383865940034,8.971877999999998,0.09705616632159472,0,200,-1.7868741580999998,-3.5362089999999995,-0.4121399000000001,0.4832327777189045,-1.8200836,0.23351391746192815,0,200,O
3.632293477500001,1.4611359,6.1484528,0.7155404896049222,3.6235199000000002,0.5119981922640519,0,200,8.934868295000003,8.0625305,10.638687,0.3174549165389461,8.917732,0.10077762403474924,0,200,-1.8404054284000009,-3.5696106,-0.14868164,0.505884076998159,-1.82366945,0.2559186993602792,0,200,O
3.6924714669999994,1.3544922,7.449264500000001,0.8293674057415784,3.6871262000000002,0.6878502937065161,0,200,8.914242017000001,7.309784,9.815399000000001,0.3994777162051005,8.9220585,0.15958244574444286,0,200,-1.6674797829549994,-2.96521,0.7561493,0.7266570742919891,-1.8933563000000002,0.5280305036185934,0,200,O
3.7139871290000017,1.111969,6.470688,0.8051501629093905,3.7607269999999997,0.6482667848330179,0,200,8.924814097,6.1254425,11.302338,0.4916476373358393,8.9255675,0.24171739929791294,0,200,-1.477975611645,-2.8944243999999997,1.3478851,0.7310837921179385,-1.59430695,0.5344835110975451,0,200,O
3.8633240570000016,1.75737,5.784286499999999,0.7355789517690079,3.8646087999999996,0.5410763942855924,0,200,8.841918626999998,7.326416,9.908386,0.3772658055327344,8.860358999999997,0.14232948802426293,0,200,-1.7801267998499992,-3.4296722,0.13282776,0.5954803752675973,-1.7879943999999999,0.3545968773288385,0,200,O
3.9111251035,1.7542725,7.628784,0.8319504383318712,3.8308868500000006,0.6921415318405927,0,200,8.827588363499999,7.466873,9.799789,0.3731430022616404,8.83651,0.1392357001368306,0,200,-1.65695999272,-3.5105438,0.61154175,0.6512607155392488,-1.6932601999999999,0.4241405196046943,0,200,O
3.6612911896551696,1.4095764,6.5289307,0.7951689137073835,3.707847600000001,0.6322936013265803,0,174,8.920244236206898,7.949859599999999,10.200867,0.3646839263009543,8.9167785,0.13299436610227985,0,174,-1.8351457961494253,-3.0812836,1.2729796999999998,0.6692517761300758,-1.8783646,0.4478979398532612,0,174,O
4.111580742349998,-0.8136444,11.095581,1.895000644539738,4.130333,3.5910274428060225,0,200,8.646515968000005,3.5268402,16.802292,1.357755478129396,8.800316,1.843499938390385,0,200,0.08321518138900003,-6.6939545,6.6125490000000005,1.5447167686381094,-0.14730835,2.3861498953117617,0,200,P
4.751823890599999,-0.31416320000000003,10.694015499999999,1.2701964548445452,4.7606047999999985,1.6133990338996511,0,200,8.424882981000001,3.4579926,13.934311,0.8800425138540362,8.45912175,0.7744748261905315,0,200,-0.45638816615500005,-2.7427368,2.4526062,0.9594174800719878,-0.58825683,0.9204819010676829,0,200,P
5.079819791500001,1.9315643,15.71582,1.4424631809898112,4.881957999999999,2.080700028511244,0,200,8.320895456500006,4.239456,19.157776000000002,1.150172552212355,8.318977,1.3228968998626824,0,200,-0.2942875681400001,-3.6559752999999997,18.102370999999998,1.7866594296874978,-0.55833435,3.1921519176912545,0,200,P
4.906968698999998,2.6414185000000003,9.724563999999999,1.114822539426075,4.7951660500000015,1.2428292944124024,0,200,8.2805543575,5.916931,11.030533,0.7308597818370336,8.2600785,0.5341560207068763,0,200,0.1719589991750002,-1.9600677,5.206085,1.191637653801474,-0.06048584,1.4200002979574822,0,200,P
4.802524412500002,1.1873016,7.91597,1.199700901146415,4.7745362500000015,1.4392822522115205,0,200,8.346759543500001,5.77623,10.528244,0.7200564079399064,8.347472999999999,0.518481230615321,0,200,-0.042371978075999975,-3.0303955,4.754318,1.2662206350561958,-0.18192291,1.603314696642116,0,200,P
4.932555018199997,0.07029724,14.768723000000001,1.6316272720642298,4.836387650000002,2.66220755494376,0,200,8.244482336999999,4.042999299999999,12.274216000000001,1.070359820165069,8.244896,1.1456701446237991,0,200,0.03490562275499998,-3.2427063,3.9284515,1.40544585131646,-0.0904312125,1.975278040982649,0,200,P
4.830185688649999,-1.3161469,16.184143,1.7405756974109408,4.551994349999998,3.0296037584175832,0,200,8.330141199999991,-5.725357,19.613052,1.7520041890470135,8.521721000000001,3.069518678438284,0,200,-0.4782757572889999,-11.253296,7.318511999999999,1.6593370902971758,-0.61659241,2.7533995792358974,0,200,P
4.4279969017499985,-1.6340332,14.701035000000001,2.149983472391306,4.2879181499999985,4.6224289315557785,0,200,8.563339982,1.8763580000000002,17.583389999999998,1.5424897263733517,8.630585,2.3792745559673367,0,200,0.011892704233000144,-3.3681183,8.71843,1.5902719803500232,-0.235557555,2.5289649714863844,0,200,P
4.221666187000002,0.8175659000000001,8.959671,1.3965317840712481,4.2111434999999995,1.9503010239212228,0,200,8.589436276000002,5.6402434999999995,12.871002,0.9123198479954608,8.63551325,0.8323275050464606,0,200,0.5418769818045,-3.390976,4.822998,1.3959831420217568,0.275611875,1.9487689328089368,0,200,P
4.826395561279999,-3.2084045,13.290039000000002,2.4888951920759004,4.673446700000001,6.194599277138534,0,200,8.386504706999999,1.833664,19.472519000000002,1.8776430649303884,8.418114,3.5255434792811826,0,200,0.2945777126765,-5.153427,11.197174,2.0738097512946583,0.08167266749999999,4.3006868845648105,0,200,P
4.371535040650001,-4.746582,13.678741,2.709566387344612,4.43663015,7.3417500074277315,0,200,7.862670144250001,-1.6494598000000005,15.472992000000001,2.695512483352638,8.151123,7.265787547909904,0,200,1.7609426902074998,-3.7460327000000007,19.246399,3.073415956224565,1.3555145,9.445885639975758,0,200,P
3.803922724520002,-3.198944,9.69133,2.0760738804973737,3.69076535,4.310082757283425,0,200,8.5751735845,1.7886505000000001,18.11148,2.0087771474145004,8.695984,4.035185627974738,0,200,1.1882417307249993,-2.7111816,8.369644000000001,1.744399133926821,0.8720169,3.042928338444643,0,200,P
3.8243418864000023,-2.3032074000000002,15.695205999999999,1.7525149227311518,3.565094,3.071308554395375,0,200,8.794751344499996,3.7780762,17.358917,1.1969060529599271,8.7685545,1.4325840996121115,0,200,1.0648248306150006,-2.683426,13.5685425,1.5051488509931903,1.02613065,2.2654730636461218,0,200,P
4.41871780692,-6.398407,10.650466999999999,2.3744001106132324,4.68219,5.63777588528013,0,200,8.253750183500001,1.537674,16.707275,1.9113271320867844,8.174293500000001,3.653171405851092,0,200,0.7379508978975001,-5.125534,11.627686,2.3601916681402924,0.383529665,5.570504710358857,0,200,P
4.697483205850001,-1.4704895,13.804260000000001,1.8707039232009013,4.59901415,3.4995331682792448,0,200,8.203365411999997,-1.8371277,18.067932,1.8343815966071704,8.362465,3.3649558419710712,0,200,0.4151863839994997,-4.8087615999999995,11.333603,2.08787052312306,-0.018562317,4.359203321326159,0,200,P
3.693542254929998,-11.21257,13.903702,3.1268102304190117,3.95211025,9.77694221705299,0,200,8.141108485401352,-3.2285614,18.724686,2.9063171277524433,8.228576499999999,8.446679247067209,0,200,1.6916723623199987,-8.270233000000001,16.830841,3.5478118281181508,1.3190231,12.586968767735055,0,200,P
4.7702170518,-2.4965057,15.855667,2.3499892146412718,4.578483599999999,5.522449308930298,0,200,8.211403636000002,-1.8363953000000002,14.273330999999999,1.8153166534497984,8.42731475,3.295374552292175,0,200,0.4354193934200001,-5.472824,9.300446,1.8544924619348582,0.18572998,3.4391422913732104,0,200,P
4.594540907710983,-0.25065613,8.019318,1.5082809205893972,4.6633453000000005,2.274911335414,0,173,8.375725550867053,4.1996459999999995,11.823303,1.2246582081564834,8.430313,1.4997877268050488,0,173,0.23714839385404626,-5.6157227,5.4665833,1.8053454379651688,0.23207092,3.2592721503816477,0,173,P
2.6569177253042997,-1.5665741000000002,5.605789,1.2527936705443272,2.9231644,1.5694919809559282,0,200,5.4795792979999955,2.0799866000000002,10.16217,1.8883814922786248,4.65528875,3.5659846603804453,0,200,6.179742812020002,-1.0381316999999999,8.053405999999999,2.4887899503328406,7.373825099999999,6.194075416877745,0,200,Q
2.8646718590000013,2.6759186,3.0354004,0.05504873669146868,2.8705292,0.0030303634113266497,0,200,4.632797465,4.513091999999999,4.813431,0.050385738947956636,4.628776550000001,0.002538722689331635,0,200,7.426111603000003,7.3279877,7.5342100000000025,0.03395151484862315,7.4279785,0.0011527053605162785,0,200,Q
2.8694620554999988,2.74852,2.9915771,0.04034828869077769,2.87277985,0.0016279844002743387,0,200,4.616929771999999,4.501343,4.7745514,0.040980773069908674,4.6185227,0.0016794237614073519,0,200,7.433590019500003,7.327896000000001,7.507492,0.031927480755635486,7.432083199999999,0.0010193640274014744,0,200,Q
2.8634620665000026,2.7524261,2.9883118,0.04875432802774346,2.86602785,0.002376984501436812,0,200,4.607431869499999,4.488861,4.733383,0.04612017559166872,4.606636049999999,0.002127070596606355,0,200,7.442216106000003,7.359665,7.518509,0.030301592331341987,7.44521335,0.0009181864978148436,0,200,Q
2.945834351,2.7653198,3.4989166,0.1438992297809193,2.896904,0.02070698833154181,0,200,4.516077874,4.0078278,4.742874,0.18277574874472927,4.588867199999998,0.033406974329196405,0,200,7.454203488000001,7.3123320000000005,7.708252000000001,0.058628896784060615,7.443893400000001,0.0034373475381160325,0,200,Q
3.1637130705000014,3.0341797,3.2791748,0.04603102172704248,3.1627121,0.0021188549612354566,0,200,4.2252458915,4.091797,4.3413544,0.0486977389878856,4.2254868000000005,0.0023714697825322336,0,200,7.525531697500003,7.4267883,7.620559700000001,0.035578902941315924,7.5251923,0.0012658583345075789,0,200,Q
3.1459843450000022,3.015686,3.277649,0.044986522337827316,3.14640805,0.002023787192051836,0,200,4.228687824,4.090912,4.3444366,0.039996005811369965,4.227767850000001,0.0015996804808631395,0,200,7.5265036865000035,7.4471893,7.6024323,0.033342316525582436,7.525024299999999,0.0011117100712921275,0,200,Q
3.1474264580000018,2.9784088,3.4029846,0.061000670539503726,3.1448364,0.003721081806269079,0,200,4.204631121000002,4.0522614,4.352249,0.051122446217080175,4.2058716500000015,0.0026135045072182552,0,200,7.544371040500003,7.4054720000000005,7.666351299999999,0.041648673332363634,7.548095700000001,0.0017346119903459368,0,200,Q
3.1188047764999984,2.9489593999999997,3.2673035,0.06169644294028315,3.12232975,0.003806451071483615,0,200,4.2139256255,4.095337000000002,4.330536,0.046482044159164994,4.215141200000001,0.002160580429214565,0,200,7.550412432499994,7.4535522,7.635162400000001,0.034303602678418366,7.54948435,0.0011767371567187911,0,200,Q
3.1168859875000012,3.0030517999999997,3.2454834,0.052018224088182186,3.1144104,0.0027058956372883387,0,200,4.280919655,4.1424866,4.4313965,0.05366035361757121,4.27465065,0.0028794335503627877,0,200,7.516786732000005,7.40654,7.6043243,0.03668341414223497,7.521285999999999,0.0013456728731307249,0,200,Q
3.133996810000001,2.9636536,3.3001404,0.0553631680088412,3.137619,0.0030650803719751768,0,200,4.298343346000001,4.1386414,4.4199980000000005,0.049793811446655775,4.2972412,0.0024794236583851074,0,200,7.4997354874999935,7.4071655,7.583313,0.034852902105906684,7.498825099999999,0.0012147247852039142,0,200,Q
3.126161881,2.9649353,3.2513885,0.0597405276561146,3.13311765,0.003568930644630993,0,200,4.2924114924999985,4.1595917,4.4221954000000006,0.0488192562322105,4.29132085,0.002383319779066224,0,200,7.5046647639999975,7.4009399999999985,7.6052856,0.03655179366660749,7.506156850000001,0.0013360336202462475,0,200,Q
3.082149124499998,2.71875,3.5533142,0.0925642425274775,3.07598115,0.008568138994685674,0,200,4.210261301499998,3.8168792999999996,4.436844000000002,0.12715544328708872,4.1619338500000005,0.01616850675753603,0,200,7.5637142139999956,7.233795,7.8059387000000005,0.08315168105266914,7.574531499999999,0.0069142020618848145,0,200,Q
3.023357395499997,2.8763428,3.152588,0.046140727865380114,3.0263977000000004,0.002128966767947065,0,200,4.113127819500002,3.9549255,4.2025604,0.03370154261916256,4.117424,0.0011357939749112305,0,200,7.6379632499999985,7.542633,7.7187652999999985,0.032550683002879735,7.63790135,0.0010595469639539641,0,200,Q
3.040554960500001,2.8395843999999997,3.22995,0.057193377641418075,3.0384445,0.0032710824460338607,0,200,4.103992534000002,3.9153595,4.255066,0.04850570660642713,4.10316465,0.0023528035733887892,0,200,7.637228006000003,7.5539703,7.7461243,0.03564850109933941,7.63869475,0.0012708156306296032,0,200,Q
3.0108854714999995,2.7792664,3.2722778,0.0761753682128413,3.0105057000000004,0.005802686722361952,0,200,4.092601780999998,3.9080962999999995,4.23674,0.04866803984476262,4.09532935,0.0023685781023314017,0,200,7.653880451499998,7.488571,7.751373299999999,0.0409716795991767,7.65367135,0.001678678529177592,0,200,Q
2.9914346365000006,2.8189545,3.1463165,0.05092017228350697,2.9919586,0.0025928639453820317,0,200,4.081579657500002,3.9794617,4.2153625,0.04024100591186236,4.081626850000001,0.0016193385567985414,0,200,7.666170650999996,7.564742999999999,7.762389999999999,0.03181824679753648,7.663001999999999,0.0010124008292689405,0,200,Q
2.9963816494252877,2.7680664,3.1185303,0.053838131445096686,3.00202945,0.002898544397499509,0,174,4.079622109195402,3.9823456,4.1832275,0.041008567722136666,4.0810623,0.0016817026266210692,0,174,7.663784244252871,7.5798645,7.7567444000000005,0.0322164189292102,7.66141515,0.0010378976486223733,0,174,Q
2.1199722320000003,1.9784851000000003,2.2885437,0.07119508920188243,2.11758425,0.005068740726463995,0,200,2.4902614575,2.2686462000000005,2.7184296000000003,0.11094321339067424,2.48337555,0.012308396597448678,0,200,8.516293257500005,8.4039,8.630005,0.03723280764923149,8.514984250000001,0.0013862819654446707,0,200,R
2.22545586,2.0319977,2.3835602000000002,0.07290337633254525,2.2355804500000005,0.005314902280684718,0,200,2.4461924715000007,2.221054,2.7684479,0.0834719504370622,2.43673705,0.006967566509767369,0,200,8.500474857499995,8.370331,8.625214,0.04139782779390374,8.5017625,0.001713780146053709,0,200,R
2.27250374,2.1691895,2.3456268,0.031564444958853674,2.271881,0.0009963141855605028,0,200,2.4079357864999995,2.3241882,2.5095215,0.03504323704370466,2.40940855,0.0012280284625012748,0,200,8.4955923625,8.405594,8.576126,0.031577112384766015,8.496772499999999,0.0009971140265601429,0,200,R
2.2678617894999995,2.1570435000000003,2.3593903,0.033037334893139425,2.2665710999999997,0.0010914654968414476,0,200,2.3911556254999997,2.3027344,2.5023804,0.04006785871660813,2.3913193,0.0016054333021340702,0,200,8.504356845,8.390778,8.598647999999999,0.03719530344131411,8.501731750000001,0.0013834905980914332,0,200,R
2.2803467575,2.183548,2.3640442000000004,0.035877753359761295,2.28171545,0.0012872131861438626,0,200,2.3526904255,2.206665,2.4535522000000003,0.05117977992242581,2.36188505,0.00261936987290794,0,200,8.509983509999998,8.397797,8.5985565,0.03663407116545577,8.515510500000001,0.0013420551701556784,0,200,R
2.4063753464999995,2.173584,3.1968842,0.15881635994775742,2.3439712000000004,0.02522263618705565,0,200,2.435907819500001,1.8758392,3.2573395,0.23907279285650976,2.32615665,0.057155800284211626,0,200,8.451628732499998,8.037842,8.76947,0.11657521347800268,8.4958265,0.0135897803974419,0,200,R
2.565128327499999,2.264801,2.7419738999999996,0.07008848829132723,2.5741501,0.004912396190963514,0,200,2.9687872324999987,2.3315887,3.7149962999999997,0.3287039345797437,3.07759855,0.1080462766082044,0,200,8.235625747499997,7.936111500000001,8.527313000000001,0.10235646811104973,8.2249835,0.010476846564168337,0,200,R
2.5759257545,2.4867096,2.6873627,0.035687513087112016,2.57597355,0.001273598590342792,0,200,2.9859824394999994,2.8009949,3.1702423,0.06506391282491186,2.9886856,0.004233312752087731,0,200,8.228403777499999,8.081389999999999,8.329925999999999,0.039600557997207526,8.2290265,0.001568204193690197,0,200,R
2.637039339499999,2.495514,2.7785797000000003,0.05498251208989973,2.6441269,0.0030230766357159703,0,200,2.880505596000002,2.6744689999999998,3.12883,0.09301861787676914,2.87432865,0.008652463271704396,0,200,8.245210949999995,8.156113000000001,8.334640499999999,0.03501910331120865,8.245391999999999,0.0012263375967211051,0,200,R
2.6962785370000004,2.4144134999999998,2.9204865,0.06695514391516331,2.7054748500000008,0.004482991296700232,0,200,2.75056679,2.4484406,3.1086883999999997,0.11112359355379324,2.7461624,0.01234845304430864,0,200,8.267223579999996,8.128372,8.395980999999999,0.04804687690145439,8.267509500000001,0.002308502379983511,0,200,R
2.7239630894999993,2.6103058,2.8166656000000003,0.03940817805310806,2.72660065,0.0015530044974654679,0,200,2.6905870045000007,2.4846191,2.8977356,0.07305600436975176,2.68706515,0.00533717977447319,0,200,8.276824627499996,8.1484375,8.385391,0.0464424906342408,8.280754,0.002156904936311544,0,200,R
2.7295715335,2.6009827000000003,2.8411713,0.039390824191358316,2.73597715,0.0015516370304745,0,200,2.659819490999999,2.4729614,2.8795013,0.08506997925013507,2.65642545,0.007236901369618409,0,200,8.287391747499996,8.172195,8.427933,0.04439403535032515,8.2870635,0.0019708303746859192,0,200,R
2.7281625385000017,2.6272888,2.8235474,0.03840616861273874,2.72441865,0.0014750337875101185,0,200,2.6466673305000006,2.463272,2.861847,0.09420749835020216,2.6399383000000003,0.008875052745403341,0,200,8.286895235000005,8.177139,8.393951,0.04104757725239371,8.28965,0.0016849035982912295,0,200,R
2.711156619500001,2.4061584,2.9064026000000003,0.06130652111204383,2.70957185,0.003758489530861475,0,200,2.596134566000001,2.0513763,2.959381,0.12663454915111666,2.57984165,0.016036309038706575,0,200,8.311576554999995,8.196472,8.4566345,0.04134597219400957,8.31724525,0.0017094894166678131,0,200,R
2.7251716585000008,2.6263428,2.8638763,0.03310679409029532,2.7253952,0.0010960598149372133,0,200,2.559722135499999,2.4370117000000002,2.7162017999999994,0.0364345983558892,2.5604019,0.001327479957354964,0,200,8.3171100475,8.237122,8.402298,0.030203346129045787,8.3178865,0.0009122421173909453,0,200,R
2.7183514445000028,2.612915,2.7931976,0.03631437491190756,2.7182007,0.001318733825242581,0,200,2.558855285499999,2.3824767999999996,2.7921906,0.05905923428175626,2.55384065,0.003487993153947375,0,200,8.317590430000001,8.21843,8.413208000000001,0.032703902208504436,8.316436999999999,0.0010695452196634217,0,200,R
2.7435526275,2.5562286,2.9420776,0.07671141576810474,2.74782555,0.005884641309147028,0,200,2.5912896725000003,2.384262,2.7445679,0.061345160867979524,2.5893631,0.0037632287619182867,0,200,8.295707390000004,8.024429,8.459197999999999,0.0430684076613044,8.2975845,0.0018548877384803035,0,200,R
2.8001665529069766,2.7072754,2.9466095,0.04482470815599614,2.7944336,0.0020092544612702267,0,172,2.5506632569767445,2.4161224,2.7145537999999996,0.05673628797542143,2.54894255,0.00321900637322995,0,172,8.29314748546512,8.222610000000001,8.374725,0.031956045015145776,8.291664,0.0010211888130100231,0,172,R
1.1083595282700005,-0.45648193,2.11911,0.508303334497308,1.16855625,0.25837227986108224,0,200,9.692061975,9.256989,10.192078,0.13609344010331711,9.688156,0.018521424439155162,0,200,-1.0964611043,-2.0749054,0.42311096,0.4365628699172573,-1.1485519000000002,0.1905871393903921,0,200,S
1.27614357015,0.04914856,2.7327728,0.3982443589223351,1.2677611999999998,0.15859856941346165,0,200,9.684970777499998,9.226044,10.897140499999999,0.13550145180974812,9.68779,0.01836064344254949,0,200,-0.9310187526569996,-1.800415,0.07067871,0.3406839764799243,-0.958549485,0.11606557183017364,0,200,S
1.36154671005,-0.35169983,2.5501556,0.417175344710017,1.3749695,0.1740352682339215,0,200,9.648719085,9.18895,10.007538,0.12590692464845782,9.6655425,0.01585255367443244,0,200,-1.1911896533999993,-3.6622925000000004,-0.31137085,0.6453561790839109,-0.95947266,0.4164845978817848,0,200,S
1.2821279920500004,-0.68647766,3.4647675000000002,0.4798454175113773,1.26074215,0.23025162470666805,0,200,9.669229439999997,9.255173,10.12973,0.12679772886364646,9.6643295,0.016077664044978804,0,200,-1.0728168486349998,-3.2291412,-0.044143677,0.5493518080196274,-0.93523407,0.3017874089744335,0,200,S
1.4069994392350005,-0.10673523,3.3444672,0.5064597896421933,1.33410645,0.2565015185244147,0,200,9.641583585,8.992691,10.040466,0.1568444923735605,9.648926,0.024600194787919867,0,200,-0.9120208727750012,-3.0698090000000002,0.2538147,0.7445626550407578,-0.7478180000000001,0.5543735472813426,0,200,S
1.568094940599999,-0.92285156,4.587463400000002,0.7020035768247774,1.5076064999999998,0.4928090218747813,0,200,9.635145100000004,8.809952000000003,10.458588,0.20335371276222344,9.6350095,0.04135273249418087,0,200,-0.8278012092649999,-2.806076,1.1889801000000002,0.6469196212686155,-0.661384575,0.4185049963823288,0,200,S
1.5498542787,0.48519897,3.5316162,0.4440351579904013,1.5411377,0.1971672215315606,0,200,9.610435904999996,9.012146000000001,10.120697,0.14505117168267226,9.6306075,0.021039842406516053,0,200,-1.1708558654499996,-3.4782257000000003,-0.34500122,0.7477028016727133,-0.933860775,0.5590594796292249,0,200,S
1.5504905726500002,-0.78907776,3.017746,0.6126231244877091,1.5769271999999999,0.3753070926570831,0,200,9.612445315,9.233322,9.974578999999999,0.15153842737174714,9.6275785,0.022963894970302285,0,200,-1.0924576542799995,-3.0842438,0.16119385,0.5826592395553245,-0.98997497,0.339491789439189,0,200,S
1.5891162068499998,0.6039429000000001,2.7212372000000005,0.4066639394600827,1.5553436,0.1653755596571938,0,200,9.6206304175,9.223189999999999,10.061264,0.14158056594952353,9.618332,0.020045056654587383,0,200,-1.08515037245,-3.3602295,0.29118347,0.4576883128664862,-1.0526886,0.20947859173457054,0,200,S
1.6621874996500012,0.16233826,3.7559204,0.5694202879761843,1.6684570500000002,0.32423946435888057,0,200,9.590402057500002,9.072235000000001,10.036178999999999,0.16597336182515302,9.591987499999998,0.027547156835543152,0,200,-1.1111853026499996,-3.664795,0.7342377,0.76415261947585,-0.8906555199999999,0.5839292258518032,0,200,S
1.8156702376,-0.6243744000000001,3.743042,0.5377503362436665,1.8596953999999999,0.2891754241301764,0,200,9.581038112499998,9.046783,10.015625,0.16516064107798975,9.573486500000001,0.02727803736129256,0,200,-0.8034015660100003,-2.633789,0.97203064,0.5881904708834254,-0.766433715,0.34596803003806564,0,200,S
1.6647663102500003,-1.2407226999999998,4.171524,0.6717293729825565,1.66551205,0.4512203505275386,0,200,9.590969414999996,8.745560000000001,10.070114,0.20203815206273512,9.602562,0.04081941488892488,0,200,-1.1858621991999998,-3.4176483,0.8009033,0.6654954011432483,-1.11382295,0.4428841289428131,0,200,S
1.5858004776800008,-1.0632476999999998,3.898056,0.5711572845604823,1.5821991000000002,0.32622064370650383,0,200,9.5998352475,8.887939,10.421036,0.1928385429236713,9.6199645,0.03718670363692463,0,200,-1.0864939118399994,-4.6775208,0.8991699000000001,0.8290776859468241,-0.957962025,0.6873698093349405,0,200,S
1.8253632368700008,-0.104385376,3.1150208,0.4371215802460098,1.88087465,0.1910752759167688,0,200,9.554941415,9.130844,9.898346,0.13347527073788995,9.5542985,0.017815647898553024,0,200,-1.1964503467299998,-3.9392699999999996,0.16246033,0.7139969975942952,-1.0434799000000001,0.5097917125736681,0,200,S
1.6587165859000004,-0.50341797,4.2531586,0.5653616360366667,1.6141434,0.31963377950205635,0,200,9.60151471,8.655075,9.933394999999999,0.1574022737284322,9.611084,0.024775475774880304,0,200,-1.209126511425,-4.6629944000000005,0.47836304,0.7122179114727328,-1.0105133,0.5072543534225816,0,200,S
1.7695397164499993,-0.6516876,3.6280365,0.5662615555635419,1.8011322,0.3206521493092422,0,200,9.5542027325,8.609573,10.388900999999999,0.1866861149856205,9.5486375,0.03485170552842433,0,200,-1.3990277854000002,-4.335418700000001,0.24078369,0.7372338966079217,-1.1937637,0.5435138183076997,0,200,S
1.6960572052500005,-0.99697876,3.6582489999999996,0.5338783119121812,1.7322540000000002,0.2850260519302002,0,200,9.571180509999998,9.090973,10.201813000000001,0.13725276191156094,9.5601425,0.01883832065235164,0,200,-1.5119876073500007,-4.654358,-0.13375854,0.6194050263249481,-1.4596787,0.3836625866366097,0,200,S
1.5946191326589596,-0.17004395,3.4972076000000003,0.4779513648616479,1.5741882,0.2284375071731121,0,173,9.611247829479767,8.781372,10.309677,0.16103566343353273,9.615646,0.025932484897478028,0,173,-1.2063738889595372,-4.103714,1.4107361,0.7043085387225481,-1.084732,0.4960505177174909,0,173,S
