x_accel_mean,x_accel_min,x_accel_max,x_accel_std,x_accel_median,x_accel_variance,x_accel_zero_crossing,x_accel_mean_crossing,y_accel_mean,y_accel_min,y_accel_max,y_accel_std,y_accel_median,y_accel_variance,y_accel_zero_crossing,y_accel_mean_crossing,z_accel_mean,z_accel_min,z_accel_max,z_accel_std,z_accel_median,z_accel_variance,z_accel_zero_crossing,z_accel_mean_crossing,Activity_ID
7.808245970834999,-0.37140054,16.014517,3.934247440315637,8.896554,15.478302921630135,0,200,-4.398381955050001,-12.114212,1.1568483,2.839387023654936,-3.62078115,8.062118670100036,0,200,0.6133166570514995,-9.377041,7.643339,3.694640751339693,1.0509049,13.650370281459924,0,200,A
10.318805789499995,5.7888803,16.086342000000002,1.846623567915112,10.2408985,3.4100186015795386,0,200,-3.1052975561,-8.364892,1.3819033,1.512007710222519,-2.8965352,2.286167315772344,0,200,2.463184642215,-0.45385087,6.5683427,1.784575840545831,2.24441445,3.1847109306598593,0,200,A
9.9221344535,4.3212347,13.728053,1.6462542526690906,10.0421795,2.7101530644310663,0,200,-2.6241468166,-11.518056,0.40985740000000004,1.3253114995810804,-2.4153006,1.756450570921852,0,200,3.0538820810499967,-0.47061026,7.861211999999999,1.7265660568008996,2.511368,2.9810303484970078,0,200,A
9.788633762999998,3.0259717,15.341745000000001,2.0424096278030865,9.890148,4.171437087742742,0,200,-2.7016231800614987,-7.3617215,-0.0067336923,1.2767234170387425,-2.6080339,1.6300226836150826,0,200,2.881762912450001,-0.5208885,7.0807020000000005,1.669183435534093,2.3497592999999997,2.7861733414613994,0,200,A
10.2882557885,4.09618,16.751929999999998,2.0779092033446225,10.623971,4.317706657344283,0,200,-2.5015876205999983,-7.232434299999999,4.5039425,1.4459887220452412,-2.4476223,2.09088338428203,0,200,3.0067761523600005,-2.4554036,8.421453999999999,2.111125341273932,2.4790462000000004,4.456850206568974,0,200,A
10.134368534000004,5.499182,13.787908999999999,1.7517568395933247,10.3869445,3.068652025061993,0,200,-2.6358664270500016,-7.7447934000000025,0.5822399,1.3373759691508276,-2.4691701,1.7885744828621155,0,200,2.9487766297244997,-0.13063364,7.4805335999999985,2.0058224497862023,2.3916578,4.023323700066324,0,200,A
10.236038242000001,5.3507414,13.751995,1.8283969876817776,10.442011,3.3430355445637985,0,200,-2.522668584965001,-5.5493107,0.4074632,1.1891502569796788,-2.4979005,1.414078333674836,0,200,2.9586886202999985,-0.98536366,8.33287,2.2186114561571593,2.31504345,4.922236793391789,0,200,A
10.211198418500002,5.118504,14.829385999999998,1.851434015446699,10.3450465,3.427807913553088,0,200,-2.433676102700001,-6.741623,4.262128,1.3608650674205176,-2.5086744000000003,1.8519537317254495,0,200,2.993787606250001,-1.2223896,10.322451,2.254371643228747,2.4586954,5.0821915057938805,0,200,A
10.228340954500004,4.036325,14.489409,1.812008095393968,10.34744075,3.283373337773275,0,200,-2.54995050308,-9.365668,0.5415385,1.228451614798717,-2.4787468999999995,1.5090933699015754,0,200,3.0148087144899995,-0.30301616,7.344064,1.9898627972803435,2.4132056000000004,3.959553952000353,0,200,A
8.809417263500002,-0.35224690000000003,15.054441,3.0968374903679465,9.701006,9.590402441748443,0,200,-3.7164774171299975,-13.146111999999999,4.1591773000000005,2.8625241332867435,-2.9276598,8.194044413649022,0,200,3.003867208825,-1.0500071000000002,8.72073,1.747937384909589,2.67177935,3.0552851015645723,0,200,A
10.230184438500007,4.8527474,13.905223999999999,1.4731180427573023,10.2875855,2.170076767897106,0,200,-2.8272589168000013,-11.072734,2.5047839,1.7933061733561326,-2.6331729999999998,3.2159470313972154,0,200,2.8134802881250014,0.111180745,7.2770267,1.6784133225611768,2.3282116000000004,2.8170712813508496,0,200,A
10.148602015999998,6.2916627,13.953107999999999,1.5100218319581131,10.116400500000001,2.2801659329901347,0,200,-2.4720551530999995,-7.4431243,2.5526679,1.1774560973901944,-2.3123500000000003,1.3864028612813468,0,200,3.222804979950001,-0.6238391999999999,7.499687,1.7099116154327128,2.7555766000000004,2.923797732591709,0,200,A
10.445064075500005,6.3706713,14.965856,1.4912828289334024,10.317513,2.2239244758716112,0,200,-2.5887605271299994,-8.525303,-0.071377136,1.3186742567849572,-2.4715643,1.7389017955073591,0,200,3.0351713873165007,0.0010474633,7.0639424,1.8885891095974423,2.64424615,3.566768824890061,0,200,A
10.388824292000004,6.0235124,14.348151000000001,1.5436364939356095,10.36060875,2.3828136254098213,0,200,-2.4456471194000007,-6.849362400000001,2.1576247000000004,1.337705075101294,-2.4176947999999996,1.7894548679517583,0,200,3.246627285830003,-0.49934068,8.21316,2.189698778866696,2.66818815,4.7947807421703,0,200,A
8.692652045000003,0.9501988000000001,13.174992999999999,2.9070604630158923,9.226954,8.451000535630174,0,200,-2.116264804150001,-8.554034,1.5471032,1.7216866854250192,-2.3027732000000003,2.9642050427697884,0,200,4.290487277950002,0.37454292,13.11409,2.7408227773980087,3.3828572999999995,7.512109497103735,0,200,A
10.328502321999995,6.078579,14.771925,1.4926735271186429,10.3378635,2.22807425856081,0,200,-2.498092092684998,-6.720075,0.26381109999999997,1.2386465654731418,-2.3925557,1.5342453141584098,0,200,3.2200037641000003,-0.67890584,7.3320932,1.9075027528450204,2.8142345,3.6385667521113314,0,200,A
9.615952012000005,2.2909517000000004,14.630668,2.3057483169374318,10.0302085,5.316475301059801,0,200,-2.354966715485,-6.878092999999999,1.8200423,1.5335620398268472,-2.3386862,2.351812529997881,0,200,3.7174470396749992,-0.59989715,11.0455,2.221804306786836,3.2032921,4.936414377656531,0,200,A
10.105446536999995,6.1360397,13.558065,1.4259987079644298,10.076895500000001,2.033472315116223,0,200,-2.3982419168999987,-6.404041,1.9565116999999999,1.1616576548552802,-2.2680571,1.3494485070838689,0,200,3.1956188260199987,-0.11866262,6.9585977,1.7634806255345097,2.917185,3.1098639166355846,0,200,A
5.928432401030003,-18.909704,19.552547,10.029097505127416,6.46045415,100.58279676735296,0,200,-5.677950898450001,-19.952827,16.211588,9.40924923904696,-5.0608935499999985,88.53397124250581,0,200,0.3998256853250001,-14.510209,13.638420000000002,4.925792174101582,1.18019185,24.26342854244039,0,200,B
5.250140079194999,-19.527409,19.552547,9.983022710695176,6.61727425,99.66074244225571,0,200,-7.652891906000004,-19.952827,16.982521,10.110834586736557,-7.305457649999999,102.2289760403482,0,200,-0.3933972388299998,-17.416769,17.339857000000002,5.842574167195673,-0.8931869,34.135672899182204,0,200,B
4.316081245150001,-19.673454,19.552547,10.455506089004382,6.4173584,109.31760757720778,0,200,-6.9351580517299976,-19.952827,13.882030499999999,10.481815735709745,-5.84499465,109.86846111737238,0,200,1.1608466440500005,-8.912564999999997,19.57604,5.596895066378501,1.0413280999999999,31.325234384052,0,200,B
4.4564053668499986,-16.620848000000002,19.552547,9.266984940751547,6.25814385,85.87700989211598,0,200,-7.566401355449999,-19.952827,12.672958,10.019366593204603,-5.98026715,100.38770692902443,0,200,-0.0904948561999997,-15.515773999999999,16.640749,4.84553780980713,-0.054019175,23.47923666627048,0,200,B
5.279609788630001,-16.481983,19.552547,9.21212033184066,7.0338655,84.86316100831208,0,200,-7.398735477665001,-19.952827,11.265168,9.630503083381448,-7.20011265,92.74658963901956,0,200,2.827510314149998,-7.3754880000000025,14.742147000000001,5.1206647530802485,3.30863715,26.221207513438397,0,200,B
4.788977937535001,-16.994343,19.552547,9.841442993553613,6.1923035,96.85400019536544,0,200,-6.854258025844997,-19.952827,13.4678335,10.02091607859952,-5.98146425,100.41875905433443,0,200,1.6013917389349992,-8.057836,18.570477,4.9894561899487755,2.165405750000001,24.894673071418143,0,200,B
5.182494930449999,-15.655984,19.552547,10.240360434986506,6.80521925,104.86498183843702,0,200,-7.125149940899999,-19.952827,12.701689,10.374226326230133,-6.3070755,107.62457186784631,0,200,0.7231027974300003,-10.789619,19.57604,5.014904185104366,0.366163225,25.14926398577729,0,200,B
4.616338070400001,-19.673454,19.552547,10.006334520872082,6.663961199999999,100.12673054359631,0,200,-7.038647471050005,-19.952827,13.422343,10.533122095221161,-6.0161801,110.9466610728362,0,200,0.97628961391,-7.339575,19.142689999999998,4.832416378883831,0.744447115,23.35224805890472,0,200,B
3.904972854015,-18.066945999999998,19.552547,10.246896961132943,6.007949850000001,104.99889733207552,0,200,-6.818704133410003,-19.952827,16.541988,10.595556534841608,-5.07525865,112.26581828302471,0,200,1.2922883163650007,-8.843134,19.57604,5.4122038846599265,1.4267945,29.291950889128014,0,200,B
4.2714592966749985,-18.778023,19.552547,10.389430945442433,6.7286046499999985,107.94027537011681,0,200,-6.509241568427499,-19.952827,16.601843,11.03849025007473,-5.411644150000001,121.84826700099491,0,200,0.9914209665999992,-9.061005999999999,19.57604,5.511658493895056,1.24722945,30.37837935332552,0,200,B
4.2715191092449984,-19.673454,19.552547,10.982220791064158,6.528689,120.60917350368184,0,200,-6.778685020379998,-19.952827,19.051111,11.356708753842213,-6.0496987,128.97483371959638,0,200,0.021745337799999976,-10.380211,15.431678,4.6895265870948695,0.7492354999999999,21.99165961106965,0,200,B
4.730589392200002,-19.673454,19.552547,11.817049071521804,7.00633225,139.6426487587543,0,200,-6.217669712299999,-19.952827,19.273173999999997,11.84956468010703,-5.236867150000001,140.41218310803995,0,200,0.6669228447550006,-14.045732999999998,19.57604,6.61409551328255,0.36616321,43.74625945882435,0,200,B
5.517623308380001,-19.673454,19.552547,13.902001656821241,9.5190465,193.26565006626052,0,200,-6.67764063481,-19.952827,19.273173999999997,13.376926014562711,-8.4427035,178.9421495990847,0,200,0.32176275425,-19.356073000000002,19.57604,7.879904721278522,2.1306899500000003,62.092898416427566,0,200,B
5.41414890095,-19.673454,19.552547,13.00535353174554,8.497919750000001,169.13922048568622,0,200,-6.472287077249996,-19.952827,19.273173999999997,12.39700210253823,-7.6478283,153.68566113033737,0,200,0.3597287929849995,-19.649960999999998,19.57604,9.021407136389232,0.66304423,81.38578672049456,0,200,B
5.207684930200003,-19.673454,19.552547,11.430635437110247,7.881412700000001,130.65942649612057,0,200,-6.6197399263,-19.952827,19.273173999999997,12.168590120350304,-6.3106667000000005,148.07458551708703,0,200,0.3747823268950002,-14.888492999999999,16.870592000000002,5.864844658239753,0.93478615,34.39640286528336,0,200,B
4.669468377000003,-19.673454,19.552547,11.645192650780608,7.388206999999999,135.6105118737947,0,200,-6.345570933999995,-19.952827,19.273173999999997,11.747742386141882,-5.39727885,138.00945117115455,0,200,1.563695015620001,-11.924471,19.57604,6.7074690188261386,2.37370145,44.99014063851248,0,200,B
4.5813766995,-19.673454,19.552547,10.998489834918542,7.1439985,120.96677864880651,0,200,-6.882569405799999,-19.952827,18.20117,11.222361199172763,-6.313061,125.94139088469835,0,200,1.2801138374700003,-10.490344,17.98629,5.819220561737069,1.4615105,33.863327946143485,0,200,B
5.842743927350003,-15.758935000000001,19.552547,8.38011839778796,6.069002149999998,70.22638436094424,0,200,-5.462448908184999,-19.952827,13.386431,7.945068897259307,-4.3438300000000005,63.1241197821972,0,200,3.8511632053499985,-7.765743,19.57604,5.592147596439013,4.39081645,31.272114740358624,0,200,B
8.01278258115,-2.1718402,17.695246,3.77531674481165,8.1375925,14.253016523655232,0,200,-4.203553785685002,-19.952827,5.337124299999998,3.201511574832812,-3.7069724,10.249676363788467,0,200,1.0744428913000004,-19.649960999999998,13.015928,3.232408135232764,1.6626234000000002,10.448462352718954,0,200,C
8.699146340999999,0.9909002,19.552547,3.4636364237014368,7.90176345,11.996777275591281,0,200,-3.0585627468550003,-7.6969094,2.5885808,1.6840284556324567,-3.013851,2.8359518393798373,0,200,3.381265243249997,-3.4968812000000007,7.9617679999999975,1.9196807458501204,3.3385646,3.6851741659876738,0,200,C
7.984016233500001,1.4434042999999999,15.988179,2.478249234346366,7.6922707,6.141719267538348,0,200,-3.9552271848750014,-10.225186,4.642806,2.325466519821751,-3.8039377,5.407794534811886,0,200,3.8424962143750014,-1.8855834999999999,11.509975,2.3946086153592847,3.8305731,5.73415042075291,0,200,C
8.428332186,4.689941999999999,14.771925,1.970003107605224,8.203433,3.880912243974238,0,200,-2.557875316330002,-8.419958,1.8248307000000001,1.5354755642196467,-2.5757122000000003,2.357685208315642,0,200,4.061110741100002,0.36496612,8.809316,1.439461667945128,3.9323266,2.0720498934833698,0,200,C
8.923872111999993,3.3491888,18.135778,2.9406388080062102,8.0334445,8.647356599152188,0,200,-3.4576761692499995,-9.942671,3.2565632,1.9047083595874392,-3.44361025,3.627913935082273,0,200,3.0088830579000008,-1.4067432,8.490886999999999,1.487295247715983,2.9231706,2.212047153878548,0,200,C
8.4971176205,3.8950669999999996,14.728829000000001,2.1734714178318284,8.287230000000001,4.723978004131898,0,200,-4.2156804158500005,-9.631425,2.3515549,1.6646839229517676,-3.9607577,2.7711725633340865,0,200,1.890611314749001,-3.2143655,8.538771,1.7960190473725528,1.8146553,3.2256844185250118,0,200,C
8.327006573500006,3.1432877,19.552547,2.5114660164072933,7.652766499999999,6.307461551568718,0,200,-3.4471536386359,-9.238775,0.22550388,1.6170568864092034,-3.405303,2.614872973883428,0,200,3.577122889,-0.5328595,8.129362,1.6136572264875493,3.403208,2.60388964459549,0,200,C
8.285158917000004,3.9836524,14.503775,2.3593422923149103,7.613262200000001,5.566496052305776,0,200,-3.625234383999997,-9.506926,1.0562918,1.6101772545023247,-3.38974075,2.592670790916644,0,200,3.78321575388,-0.33892918,10.865934,1.6238649484940866,3.6067152,2.6369373709477024,0,200,C
8.546940958500002,3.1744122999999997,16.332945000000002,2.2705842573435358,8.1842795,5.155552869696294,0,200,-3.74945753625,-18.494759,3.4289457999999997,2.040173383451959,-3.363404500000001,4.162307434545813,0,200,2.6360100814450003,-2.7953799999999998,7.4206786,1.454306870614987,2.4646809000000003,2.1150084739179578,0,200,C
8.706718019499997,4.218284,17.348085,2.7090059579764167,7.87782125,7.338713280351724,0,200,-2.9801286909699987,-8.297854,6.4480343,1.9189275854420171,-3.06412935,3.682283078170331,0,200,3.660716434795,-0.24555531,10.700735,1.6554677902920911,3.5265095000000004,2.7405736046945792,0,200,C
9.2988998145,4.9604864,14.815021,1.6957768240981803,9.101258,2.8756590371485107,0,200,-3.1386009086499995,-8.508544,2.8327894000000002,1.5300004263028317,-2.9839235,2.3409013044868474,0,200,2.061198174590001,-5.4912515,4.4039845,1.207858834285031,2.1151276,1.458922963560394,0,200,C
8.458068183999996,3.2342672,16.074371,2.4945190608217405,8.0334445,6.222625344802977,0,200,-2.9688520066750046,-6.9978027,0.55829793,1.4763871282781382,-2.8247092,2.179718952545368,0,200,3.89369621125,0.20694882,7.6122146,1.4574767418375425,3.7192428,2.124238452997378,0,200,C
8.690245849500005,4.407426,16.507720000000006,2.4507823573730354,8.0490065,6.0063341632109335,0,200,-2.931107416750001,-8.194903,0.6109703000000001,1.5936382541207366,-2.5900773999999998,2.539682884996989,0,200,3.75301292255,-0.21921909,7.447014999999999,1.1945049067435405,3.5552398999999997,1.426841972234394,0,200,C
8.600786555999997,2.58065,17.422306,2.8104854809745383,8.2118125,7.898828638768682,0,200,-3.5743097041699974,-16.861914000000002,1.8990508000000001,1.9135237973679884,-3.39572615,3.6615733230936063,0,200,2.6098414828830023,-4.8783355,8.514828999999999,2.4014090538044313,2.5532665000000003,5.766765443693893,0,200,C
8.442864997999994,2.1185691,15.909170999999999,2.631712380237244,7.87183575,6.92591005229398,0,200,-2.45498449135,-7.558046000000001,1.5375264,1.500870267355192,-2.3781905,2.2526115594308456,0,200,4.309401450000003,0.51340663,12.067824,1.7336877713697558,4.1549873,3.0056732885970314,0,200,C
8.864866964500006,4.7689505,16.821362,2.489815451612485,8.587702499999999,6.199180983088282,0,200,-3.285305624300002,-9.145402,1.4657003999999998,1.6089055313991036,-3.23172335,2.588577008966632,0,200,2.984198832695001,-1.653346,9.063101,1.7690884948643333,2.75078815,3.1296741026613524,0,200,C
8.806388624999997,4.1153336000000005,17.649755,2.2167259624657003,8.4835545,4.913873992669487,0,200,-3.2315557864900004,-11.015272999999999,2.9285576,1.8407474742796452,-3.22573785,3.3883512640668934,0,200,2.727085533925001,-1.7898154,9.438991,2.150045038494287,2.66579385,4.622693667553898,0,200,C
8.862760117499997,3.5838205999999997,17.94903,3.128787127382464,8.065766499999999,9.789308888474206,0,200,-2.9484175043845,-11.07034,2.921375,1.8696152692083592,-2.8211179,3.495461254857045,0,200,3.5452680322000014,-0.46342766,9.939378999999999,1.666956510305435,3.3708862999999996,2.7787440072496725,0,200,C
-0.7918582734149999,-11.692982,3.1151557,1.388749184212133,-0.7969699,1.928624296649864,0,200,-3.7145261332499997,-9.878027000000001,7.7265377000000015,3.772257148751123,-4.6371197,14.229923996303954,0,200,8.188552895000003,2.3693619,19.593248000000006,1.6830121326736391,8.547599,2.8325298387266717,0,200,D
-1.0293750457500004,-2.5375544999999997,0.7616554,0.5683962417006869,-1.20159,0.3230742875794657,0,200,-5.262281760500002,-7.7088804,-3.4424129999999997,0.5611491289639718,-5.17102665,0.3148883449370243,0,200,8.2652870905,6.1522007000000025,12.099397999999999,0.4619388757047425,8.309376,0.2133875248873615,0,200,D
-0.9257180889500004,-3.5311482000000005,2.808698,0.8586060708874714,-1.0878653999999999,0.7372043849648215,0,200,-5.321717808199999,-14.2761755,1.1999440000000001,1.4386404032938138,-5.4870614999999985,2.069686209989387,0,200,8.169147857000004,6.264728,9.810541,0.38603333824906505,8.141782000000001,0.14902173823971707,0,200,D
-1.4182532568500006,-2.2622212999999998,-0.59346277,0.3708728697253952,-1.3272855,0.13754668549834995,0,200,-5.079328824,-5.839009,-4.18701,0.3875482063752485,-5.2512324,0.15019361226467215,0,200,8.336658111000002,7.990947200000001,8.831311999999997,0.17692561912220986,8.280646,0.031302674701777264,0,200,D
-1.0369407281849998,-3.2151136,0.3450643,0.44535305415727466,-1.0136452,0.19833934284721244,0,200,-5.394956447499998,-8.724022,-3.940407,0.7108345635204973,-5.40446165,0.505285776695376,0,200,8.1656403055,5.6422358,9.537600999999999,0.5762313138346923,8.1956515,0.3320425270436557,0,200,D
-0.6965211560499998,-0.9334394,-0.45699325,0.07726599314303899,-0.7012018,0.005970033696380149,0,200,-4.554364238999999,-4.8166847000000015,-4.201375,0.10683615978294214,-4.570082,0.011413965037166345,0,200,8.739314962499991,8.587104,9.010878,0.06397067007059756,8.73315,0.004092246629281248,0,200,D
-0.6143042703084997,-2.140117,0.7520786,0.351497650149075,-0.580294635,0.12355059806032155,0,200,-4.488978556000001,-6.3322144,-0.8351274999999999,0.7298818289609887,-4.5628996,0.532727484247438,0,200,8.741972626,7.4235215,12.298117,0.5035033799204489,8.723573,0.2535156535913159,0,200,D
-0.7786422801000004,-2.0754735,0.25887305,0.22322384135743534,-0.7790134,0.04982888335036945,0,200,-3.6952288666999977,-4.912453,-0.74175364,0.3166921878316703,-3.66627095,0.10029394183360994,0,200,9.131892273999997,7.150583,10.737097,0.2775821233958663,9.1293905,0.07705183522895795,0,200,D
-0.611574879,-1.1584944,-0.11462241,0.14341480971681006,-0.61022216,0.02056780764610883,0,200,-3.7663246855000017,-5.7121162000000005,-3.0569467999999995,0.2969516957198277,-3.7333086000000004,0.08818030959088112,0,200,9.108417090000003,8.022072,9.520843,0.1590035456130444,9.130588000000001,0.025282127517519484,0,200,D
-0.5773258232500001,-1.1273698,-0.18644845,0.15837133305614265,-0.5719149,0.025081479133979658,0,200,-3.8060205430000003,-5.1925745,-2.0394108,0.37112661178660655,-3.7991492999999994,0.13773496197620658,0,200,9.08491805,8.108263,9.999682,0.19885439599967225,9.0958715,0.039543070808394455,0,200,D
-0.5879800217100001,-1.2207435,0.732925,0.23075474322391004,-0.59226567,0.053247751520332655,0,200,-4.273105358999998,-5.5397339999999975,-2.3626282,0.4626059023359633,-4.2049662,0.2140042208760708,0,200,8.880165889999997,7.928698,9.724349,0.24540360025286556,8.903138,0.060222927017068224,0,200,D
-0.7285076926000003,-1.1082162,-0.5551555,0.08397857244976538,-0.71556705,0.00705240063070049,0,200,-4.269729457999999,-4.7424645,-3.8877347,0.13438488644552846,-4.303128500000001,0.018059297704977575,0,200,8.881219469999998,8.546402,9.135375999999999,0.07623002253409965,8.874408,0.00581101633554934,0,200,D
-0.7461170453499999,-1.0986392,-0.48811787,0.11625844852157168,-0.72514385,0.01351602685264293,0,200,-3.881342117799999,-5.6187425000000015,-0.94765496,0.856135304148387,-4.0553288,0.7329676590092512,0,200,9.00981199,8.046014,9.877578999999999,0.3106840029072989,8.971372999999998,0.09652454966250247,0,200,D
-1.0321403518000003,-2.6428995,0.1798644,0.2249476017372172,-1.0292075,0.05060142352732568,0,200,-3.838414094,-4.407276599999999,-1.8071734,0.19454790822473333,-3.8470332999999997,0.03784888859461926,0,200,9.039990822,7.2056494,10.765827,0.21398462246059086,9.0360165,0.045789418649601586,0,200,D
-0.7992084744500006,-1.1680712,-0.6485294,0.08035796260828572,-0.7873931,0.006457402154554646,0,200,-3.7317164875,-4.251653,-3.3562220000000003,0.11737633263438753,-3.7177462999999995,0.013777203462698388,0,200,9.115072947500002,8.831311999999997,9.362825,0.0721553028451436,9.115025,0.005206387728674388,0,200,D
-0.7672698205199999,-1.3045406000000002,0.057760115999999986,0.13877076009294131,-0.76105684,0.019257323856772673,0,200,-3.8905837324999983,-4.594024,-2.6212020000000003,0.26278781646206417,-3.9056911,0.06905743648089953,0,200,9.045461648,7.550414599999999,10.342053,0.1994689031525574,9.042002,0.03978784332488433,0,200,D
-0.7462966138500002,-2.5303720000000003,0.9771335999999999,0.2212598740447932,-0.73711485,0.04895593186231775,0,200,-4.229985753,-6.099977,-1.6587328999999995,0.4214114632973113,-4.189404,0.1775876213983812,0,200,8.889192085000003,5.424363,10.897509,0.3724051396447683,8.922292,0.13868558803383935,0,200,D
-0.7374260967250001,-4.8934489999999995,-0.014065935,0.3335052649629221,-0.71796125,0.11122576175798887,0,200,-4.517708966000002,-7.586776299999999,-0.7992145,0.5457025026699663,-4.432415799999999,0.29779122142026465,0,200,8.736741308499997,5.8074355,10.375572,0.3877355995059734,8.813355999999997,0.15033889512425666,0,200,D
-8.070626546650002,-9.808745,-0.6988076,2.058522027476474,-8.71459525,4.237512937605852,0,200,-3.2299756172499987,-8.726417,1.3292309,1.4026599896672851,-3.32150605,1.967455046613428,0,200,3.6394738805,1.9336171000000002,9.666888,1.6303992181875149,3.1498716,2.6582016106664605,0,200,E
-8.815378822999998,-9.595661,-7.9245085999999985,0.1813648124879546,-8.807969,0.032893195208790936,0,200,-3.0994317640000006,-4.309114,-1.826327,0.2623769519489421,-3.09645105,0.06884166491401747,0,200,3.1568626859999984,2.6949732,3.6742017,0.21773321920759345,3.1414919,0.04740775474650194,0,200,E
-8.820262962500006,-9.423278999999999,-8.168717,0.1932907981376722,-8.83789625,0.03736133264469834,0,200,-2.9021854739999977,-4.6730328000000005,-0.9117419,0.3973442022365818,-2.9168859,0.1578824150510256,0,200,3.300299309499999,2.3549967,4.1338887,0.2758155404936843,3.2576107999999997,0.0760742123778232,0,200,E
-8.8697631125,-9.420884,-8.058583,0.15388416334846106,-8.875005999999997,0.02368033572945584,0,200,-2.8226381219999994,-3.4950855000000005,-2.1686978,0.2176305534481855,-2.8115411000000003,0.047363057794163534,0,200,3.2666847334999978,2.0533273000000003,3.841796,0.18500193956564015,3.2767644000000002,0.034225717643048784,0,200,E
-8.793483892500001,-9.186253,-8.226177999999999,0.12782971127381318,-8.791209,0.01634043508434644,0,200,-2.833388089,-3.1694741,-2.4799439999999997,0.13453307526271624,-2.8330889,0.018099148339643677,0,200,3.4578976519999998,3.118747,3.817854,0.1387596584265762,3.48865105,0.0192542428066601,0,200,E
-8.949490046000001,-10.278008,-7.7760677,0.3275182994775389,-8.931269999999998,0.10726823649265886,0,200,-2.9509433805,-4.644302400000001,-1.1320084,0.506084328349718,-3.0102596000000004,0.2561213474011851,0,200,2.840397099999999,0.5330092,4.3373957,0.5884894494349998,2.9667151,0.34631983209630923,0,200,E
-8.85778011,-9.88536,-8.125621,0.2338517509781638,-8.875007,0.054686641435553136,0,200,-2.937643588,-3.940407,-1.7305589,0.268177017193304,-2.97434665,0.07191891255069767,0,200,3.1996710070000005,2.2592285,4.447529,0.3668784105656807,3.1379006,0.1345997681392002,0,200,E
-8.829013871499999,-9.34427,-7.9987288,0.20918335781942127,-8.86543,0.043757677188608034,0,200,-2.9274562705000013,-3.6147957,-2.3698107999999998,0.18329066763913535,-2.9168859,0.033595468843599985,0,200,3.283420179999999,2.8673558,4.0405145,0.263747796582195,3.2001498,0.06956290020196293,0,200,E
-8.949525877500003,-9.159917,-8.630797,0.062282055111006825,-8.956408999999997,0.0038790543888504907,0,200,-2.7016232020000017,-3.0737062,-2.14715,0.13099388820765182,-2.7133787,0.017159398747758785,0,200,3.1495244609999977,2.8505964,3.6191351000000003,0.1250279791312469,3.1283237999999995,0.01563199556564351,0,200,E
-8.968571792499993,-9.29878,-8.436867999999999,0.10634426702086117,-8.9695775,0.011309103128204216,0,200,-2.583098246999997,-3.3274915000000003,-2.135179,0.15293061795036236,-2.5948658,0.02338777390667969,0,200,3.1749628479999985,2.644695,3.7627873,0.14319539505471174,3.166631,0.02050492116487496,0,200,E
-8.883529742499997,-9.34427,-8.424896,0.14501389439454515,-8.895357,0.021029029567472296,0,200,-2.8935184640000005,-3.85661,-2.2524947999999996,0.2621427113093212,-2.8235121000000003,0.06871880109260213,0,200,3.156371872,2.4938602000000003,3.7508163,0.1852872454708689,3.1558571,0.03433136333418202,0,200,E
-8.631180975999996,-9.207801,-6.2294135000000015,0.6007778825472967,-8.803181,0.3609340641580134,0,200,-3.2016522000000016,-5.3314379999999995,-0.8399158999999999,0.6397301290162688,-3.22573785,0.409254637971172,0,200,3.307374159999997,2.4100633,7.0428433,1.009041458992752,3.0433297,1.0181646659662216,0,200,E
-8.857049919999994,-9.411307,-8.503905,0.11013399381465494,-8.870218,0.012129496593566451,0,200,-2.9456522074999985,-4.079271,-2.59726,0.1376174291589528,-2.930054,0.018938556808319396,0,200,3.1758846159999994,2.8577790000000003,3.7077205,0.14374264518362134,3.1570542,0.020661948044384457,0,200,E
-8.826128825500001,-11.364975999999999,-7.4432740000000015,0.31795830133865266,-8.822333500000001,0.10109748139016143,0,200,-3.138912164499999,-9.506926,2.5933692,0.9385311684777368,-3.035399,0.8808407542041856,0,200,2.9415162048499983,-4.116530399999999,4.0165725,0.961977783629866,3.1295209,0.9254012561974296,0,200,E
-8.778412307500002,-10.215759,-7.428909,0.4120452148862089,-8.815151499999997,0.16978125911062206,0,200,-2.9679661651999987,-4.857386,-0.40656537,0.6162703310439968,-3.059341,0.3797891209250774,0,200,3.2704675534999983,1.5409681,6.130653,0.7203583107023608,3.1283237999999995,0.5189160957979589,0,200,E
-8.868170965499996,-10.242096,-7.491158,0.3139261850714478,-8.880991999999997,0.09854964967351293,0,200,-3.202837332,-5.3984760000000005,-1.8526631999999998,0.4903264217331323,-3.1563060500000004,0.24041999984961754,0,200,2.9117802255000016,1.0884638999999998,6.121076,0.5294711898570349,2.8589761000000005,0.28033974088862434,0,200,E
-8.835921064999997,-9.823111,-8.111256,0.2622118890267337,-8.853458,0.06875507474696811,0,200,-3.0505302069999995,-5.9874496,-1.8215386000000002,0.4443689842901883,-3.0210335,0.19746379419909368,0,200,3.1398398984999982,1.8498201,5.647024,0.4612156094900259,3.0684688,0.21271983843725606,0,200,E
-8.902635511000002,-9.571719,-7.883806699999999,0.2695372534957455,-8.903737,0.07265033102202978,0,200,-3.0855573790000013,-9.078364,-0.7896376,0.644615940270706,-2.9767408,0.4155297104510864,0,200,2.9262771169500006,-0.3552397,3.6742017,0.5180317618009079,3.0636804,0.26835690623455266,0,200,E
-0.4834252347079998,-8.008306,9.783008,1.6751907475114354,-0.111031105,2.8062640405479216,0,200,-3.99279219515,-9.770288,3.3236008000000004,2.4772470974561114,-4.06370855,6.136753181854727,0,200,8.511829971000003,4.059668,13.638869,1.4334009790191982,8.940248500000001,2.054638366653196,0,200,F
-3.0877660143800005,-7.4193320000000025,1.4679448999999998,1.3757414846473788,-2.82605575,1.8926646325797736,0,200,-5.4699189155000045,-19.971981,-1.0506057,2.846627718805399,-5.02019215,8.103289369471229,0,200,6.783683186499998,1.6199768,12.937368,2.490876650194544,7.9083475000000005,6.204466486484393,0,200,F
-1.7791193144499993,-2.7530327000000003,-0.46896425,0.3858643145385589,-1.7893665,0.1488912692343119,0,200,-4.643428507000001,-9.353697,-1.541417,1.827125887898368,-4.1008186,3.3383890102283997,0,200,8.240554932499998,3.2767644000000002,9.580697,1.3872620335600778,8.8061735,1.9244959497572436,0,200,F
-1.4218445656,-2.4154503,-0.19602527,0.39148212193588977,-1.4134768,0.15325825179542688,0,200,-5.128816994999998,-9.612271,-1.0410289000000001,1.9723167937618729,-4.3977,3.8900335349551134,0,200,7.9344323649999975,3.4084453999999997,10.236709,1.61226375992169,8.745120499999999,2.5993944315568247,0,200,F
-1.5814659919000005,-2.3867197,-0.72514385,0.3199336681511842,-1.6157868999999998,0.10235755201667204,0,200,-3.592481688899998,-8.858097,0.15128362,1.8630018458765658,-2.7241526,3.4707758777394924,0,200,8.844803574000005,4.902426999999999,10.097845,1.0212421777992775,9.312547,1.0429355857162108,0,200,F
-1.3780785426499995,-2.1018097,-0.5431845000000001,0.2403873680982149,-1.4314333,0.05778608674118666,0,200,-3.5832759964999985,-5.9132295,-1.2612954,0.7532535742787946,-3.34185675,0.5673909471637796,0,200,9.076562275499999,7.780257700000001,9.8273,0.33303640014302416,9.1688945,0.1109132438202245,0,200,F
-1.3879546259999995,-2.3962967,-0.5551555,0.25730399501027085,-1.3787608999999998,0.06620534584824547,0,200,-3.3528101219999997,-6.8086604999999984,0.26381109999999997,1.017057260477224,-3.0904655,1.034405471089436,0,200,9.134490059000006,7.6437883,9.879972,0.4330349940117988,9.277831,0.18751930603879866,0,200,F
-1.3868532914999991,-2.9325978999999998,-0.5455787,0.3234162779738225,-1.3727753999999999,0.1045980888584408,0,200,-2.83609351825,-7.4359417,0.5918167,1.1819607481523362,-2.6259904,1.3970312101728302,0,200,9.307902024000004,6.7794814,11.168053,0.4969017195872328,9.42268,0.2469113189287489,0,200,F
-1.8400158345000008,-5.9205613,-1.0483611,0.5002511347849876,-1.8049288,0.2502511978536679,0,200,-2.71339068425,-7.969848599999999,-0.62443775,1.459061454189898,-2.242918,2.1288603271027395,0,200,9.194728093500007,6.133047,11.409867,0.7376291334932166,9.398738,0.5440967385779535,0,200,F
-1.889168799699999,-3.1265283,-0.84485394,0.3349993044142386,-1.8887259,0.11222453395802368,0,200,-3.49682134785,-8.599524,0.07466917,1.9646242362404915,-2.8678048,3.8597483896235354,0,200,8.787175122999995,4.765958,10.090662,1.1901121153941066,9.221567,1.416366847207835,0,200,F
-2.1417570721999994,-6.2437787,0.20620061,0.6059436657454295,-2.1089923,0.3671677260570088,0,200,-3.9538146142499984,-11.130195,1.7553988,2.094644760544787,-3.4843116000000003,4.387536672877728,0,200,8.436699939999992,3.5425207999999997,10.361207,1.4156290142638428,8.864830999999997,2.0040055060256194,0,200,F
-2.0083042785,-3.6245222000000004,-0.9023148000000001,0.2857044432708982,-2.0491373999999998,0.0816270289047339,0,200,-3.310552472600003,-8.503756,2.1648072999999997,1.8411872545861985,-2.669086,3.3899705064506622,0,200,8.878717413999999,4.8880620000000015,10.445003999999999,0.9979889947602448,9.27424,0.995982033662564,0,200,F
-2.0151995805,-2.6883892999999994,-1.4529811000000001,0.19484993992185784,-2.0132244,0.037966499087551606,0,200,-2.3100874015000006,-4.8597803,-0.24854806,0.7141672725736892,-2.3745992000000005,0.5100348932153421,0,200,9.3634954025,7.83293,10.320506,0.27383997090485657,9.383176,0.0749883296651727,0,200,F
-2.2943275819999998,-3.5479076000000003,-1.1273698,0.3632068728440534,-2.243067700000001,0.1319192324811564,0,200,-2.7290966454999994,-4.5245924,-1.1056721999999999,0.6081433843773101,-2.7229555000000003,0.36983837596188857,0,200,9.1949555275,8.263886,10.169671000000001,0.262094936888599,9.237129,0.06869375594263867,0,200,F
-2.5707740735,-5.6667760000000005,-0.9094974,0.4969776550696702,-2.5507226000000003,0.2469867896385481,0,200,-1.9487784230614984,-4.723311,0.8240543,0.929691808243582,-2.017863,0.8643268583152215,0,200,9.257492100500004,2.6638486,10.105027,0.5762939199942405,9.343672,0.33211468222232804,0,200,F
-2.730036377000001,-4.4337620000000015,-1.6325463,0.3575303849066578,-2.79612825,0.12782797613150287,0,200,-1.6386814246499994,-4.493468,1.3435961,1.0257090606660606,-1.4995184,1.0520790771324524,0,200,9.309613927500003,8.582315,10.028413,0.2827067086641244,9.3317,0.0799230831237021,0,200,F
-2.24908914135,-3.3659482000000005,-0.51205987,0.4331375760942075,-2.1772272999999998,0.1876081598247654,0,200,-2.085080337854999,-5.7528176,0.9748889999999999,1.0086000596879865,-2.099266,1.01727408040261,0,200,9.344653044500005,7.7682867,10.320506,0.3819777554205853,9.37120475,0.14590700563614847,0,200,F
-2.2037070424999987,-3.2821512000000004,-1.3524247,0.3609543309566112,-2.2011693,0.1302880290363348,0,200,-2.7547146157650007,-7.1845503,-0.049829322999999995,1.2921360134127784,-2.6056397,1.6696154771582676,0,200,9.136932111999995,6.346131,10.227132000000001,0.5954481114874323,9.262269,0.35455845347394954,0,200,F
-9.055170115,-10.506057,-7.6737156,0.5044499593693433,-9.135375999999999,0.2544697615077321,0,200,0.6732914140800003,-3.739294,3.5342906000000003,1.5402193977682794,0.8084919749999999,2.3722757932616814,0,200,3.4631588916000005,0.10878654,8.141334,1.625720695410723,3.1877298,2.642967779486725,0,200,G
-9.174975946000004,-10.19481,-7.518092599999999,0.4777824242393812,-9.222764,0.2282760449120601,0,200,0.8774809051000001,-2.6068368,5.1168580000000015,1.5332608505323613,0.88031802,2.35088883577522,0,200,2.9933686283300007,-1.4474446,7.435044,1.773659718376036,2.9231706,3.145868796589759,0,200,G
-9.3435038425,-10.525210000000001,-8.418312,0.29251474091756346,-9.341277,0.08556487365406927,0,200,1.3027031038949997,-5.2739773,5.0019364,1.6061262312910192,1.42739315,2.5796414708410924,0,200,2.349531882470001,-1.6557401000000005,5.0815434,1.1238491381451432,2.4096142999999994,1.2630368853095808,0,200,G
-9.473221617499998,-10.415076,-8.2794485,0.3595341053521653,-9.4861265,0.12926477291138191,0,200,0.8197686789591002,-5.8342204,7.0992570000000015,2.4028552134351786,1.1221324,5.773713176732618,0,200,1.4577875156699998,-3.4920928,4.4949639999999995,1.4700833706867018,1.6638205000000001,2.1611451167695748,0,200,G
-9.161101572,-10.429441,-7.297826299999999,0.5503471390800491,-9.2024135,0.3028819734935949,0,200,2.66512357627,-4.366575,8.327482,2.5703203596871678,2.84835185,6.6065467514223695,0,200,0.8983344047999998,-3.2359133,6.1158385000000015,1.4827461876790329,0.8809165999999999,2.198536257076705,0,200,G
-8.137352908999993,-9.797373,-5.320215,0.6832521850128908,-8.1142495,0.4668335483248895,0,200,4.835407575025002,-2.324321,10.048913,2.155681026169988,5.182698499999999,4.646960686589291,0,200,-0.9470923256620002,-9.448867,5.766285,2.3701842118431475,-0.736366665,5.6177731980705214,0,200,G
-8.81510350000001,-10.455778,-6.835745299999999,0.6114458115577383,-8.8444805,0.3738659804715012,0,200,3.42402566245,-3.868581,9.991452,2.3180016718592857,3.1991023999999997,5.373131750742444,0,200,-1.0277769283204998,-6.456114299999999,6.2211833,1.9496256669447969,-1.2594997499999998,3.801040241209943,0,200,G
-8.651914722,-10.525210000000001,-7.2858550000000015,0.6022351048762027,-8.7163905,0.3626871215452508,0,200,4.22820209615,-4.6802154,9.713725,2.168551223989818,4.3339539,4.702614411067739,0,200,-0.7418374124699999,-6.0969844,5.493346,1.8422582135620855,-0.9338883,3.3939153254369683,0,200,G
-9.166476541999998,-10.49648,-7.7311764000000025,0.5168943708494858,-9.2850135,0.2671797906158857,0,200,3.0281563699999987,-5.5469165,8.93561,2.4315152024855213,3.0231285,5.912266179918202,0,200,0.450642627534,-3.5711013999999994,4.3680715999999995,1.4797033592916593,0.381725535,2.189522031499021,0,200,G
-8.97373133900001,-10.652102000000001,-7.3696523,0.6130094890198179,-8.998906,0.3757806336283382,0,200,2.6669072620500005,-5.3314379999999995,8.787169,2.6168393456003027,2.8351837000000004,6.8478481606818224,0,200,1.8705000039495001,-3.9805099999999998,6.403143,2.0082350141478478,2.3282115,4.033007872049404,0,200,G
-8.761581142999999,-10.300155,-7.1972694000000015,0.6699456107841875,-8.779836999999999,0.4488271214089981,0,200,3.088083254449998,-3.382558,9.732878999999999,2.4275683844131986,2.9824271,5.893088261002506,0,200,2.3317190307200018,-3.9613563999999997,8.356812,1.993972920565039,2.32342315,3.975928007946672,0,200,G
-8.590814708000003,-10.139744,-7.0943190000000005,0.5607951832832697,-8.69603975,0.3144912375937161,0,200,2.3267510586099984,-5.343408999999999,9.474305000000001,1.9274106773931088,2.444929,3.714911919328962,0,200,3.757825252499997,0.36257192,9.192388000000001,1.5866799498961368,3.5360862999999996,2.517553263402407,0,200,G
-8.673175235500006,-10.21157,-7.2236056,0.5257296937414917,-8.670900750000001,0.27639171088152265,0,200,2.9126002340349983,-2.7073932000000003,8.617181,2.395427749602514,2.969259,5.738074103565764,0,200,2.9326037997100003,-0.5065233,8.131757,1.6769932643869292,2.8561330000000003,2.812306408799129,0,200,G
-8.295657500999999,-9.756671,-6.5173163,0.6833462690548082,-8.512884,0.4669621234311263,0,200,2.352943620115,-3.2413,8.18383,1.9209222506336685,2.316839,3.6899422929795183,0,200,4.561331329,1.8134582,8.560319,1.1748620717292741,4.4099699999999995,1.3803008875880018,0,200,G
-8.065287402500008,-18.435651999999997,-1.7767968999999997,1.2843336595963502,-8.366837,1.6495129491721534,0,200,2.35414070631,-1.8694226999999999,7.963564,1.9340793716368083,2.25937825,3.7406630157910303,0,200,4.603241810149999,-0.55201316,8.979303999999997,2.0619642995242864,4.715230499999999,4.25169677251268,0,200,G
-7.984243735499997,-9.8955345,-5.6769514,0.7546344078726835,-7.9251070000000015,0.5694730895453557,0,200,4.86565830385,-3.1886277,8.631546,2.0808028001870853,4.8594812,4.329740293266417,0,200,0.9089287383650004,-5.867141,9.003246,2.4400896044556943,0.39010523,5.954037277772748,0,200,G
-8.090055440499999,-11.293749,-6.076783,0.5942287010827378,-8.08073,0.35310774919047794,0,200,2.9299103042500003,-1.3067852,8.310723,1.8154538301082848,2.7693431,3.2958726092548427,0,200,4.3744638825,0.6546645000000001,8.73749,1.5957688020363756,4.824167000000001,2.546478069552609,0,200,G
-8.311866262999997,-10.529999,-6.124667,0.626928754105189,-8.2387475,0.3930396627238846,0,200,4.136755561514998,-1.3953707,9.354595,1.6753977868051313,4.21903235,2.8069577440315316,0,200,2.9502251169150004,-1.3085809,7.451803,1.4395972620067259,2.9674633999999998,2.0724402767772623,0,200,G
-2.5712648774999978,-5.4279547,-0.77123225,1.1557989588656123,-2.3514054,1.3358712333148333,0,200,-7.274081567500002,-13.787759,-2.4416368,1.7397048344595183,-7.524527099999999,3.02657291104182,0,200,5.603287908,0.6331167,8.732700999999999,1.6019244946373454,5.7375545500000005,2.5661620865191153,0,200,H
-2.650345360949999,-5.51654,-0.3163339000000001,1.4254453728230754,-2.5537155,2.0318945109027164,0,200,-7.709790378000003,-11.934647,-2.6619034,1.6382655798959775,-7.830985149999999,2.683914110271904,0,200,4.852418382500002,1.4758757,9.223513,1.7961915496122836,4.91873785,3.2263040828985767,0,200,H
-2.2049400562999986,-4.980239,-0.5342063,1.373709398955781,-1.4392145,1.887077512779453,0,200,-8.799654933000001,-11.949012,-3.0569467999999995,1.521395917182511,-9.4734075,2.314645536819614,0,200,2.5796625527999995,0.5780501,8.814103999999997,1.82167908608241,2.0636523,3.318514692670045,0,200,H
-2.042301933250001,-5.2124763,-0.76883805,0.9262647628811368,-1.7636288,0.8579664109552488,0,200,-8.122359218500003,-10.852468,-3.4232595,1.4761344423555476,-8.4834045,2.178972891908323,0,200,4.563498084499999,0.6426935,8.622568,1.8694879459381344,4.421941,3.4949851800079856,0,200,H
-2.382541945099998,-5.535693599999999,-0.5030816,1.2039776209432664,-2.5285764,1.4495621117322075,0,200,-7.6097486359999955,-11.0200615,-2.59726,1.7562792288654152,-7.973439999999997,3.0845167297440974,0,200,5.062916584499999,1.1789947,8.730307,1.7131954587788392,4.951059600000002,2.9350386799804364,0,200,H
-2.1202930480000006,-5.162198,-0.4456208,1.2723779584150896,-1.8665795,1.6189456690605513,0,200,-8.70145671,-11.065552,-4.431218599999999,1.3177373428447103,-9.2315925,1.7364317047274376,0,200,3.126713701149998,0.44876320000000003,7.703194,1.9349803763563391,2.44552735,3.74414905688412,0,200,H
-2.54142116585,-5.7966614000000005,-0.80953944,1.626154345737282,-1.61997675,2.644377956160248,0,200,-8.109945251000001,-11.877186,-4.780771700000002,1.2911747801986615,-7.85373,1.6671323130210616,0,200,3.9993164234849985,-0.020500353,7.7462896999999975,1.9907596208499945,3.6845267,3.963123868006814,0,200,H
-2.682714973899999,-5.9881980000000015,-0.79517424,1.6172555194217464,-1.9683331,2.615515415100103,0,200,-8.856816461999998,-11.553968,-5.8773165,1.042061355422223,-9.2196225,1.0858918684644001,0,200,2.3304620596500003,0.60917467,5.9602156,1.1688042857807983,2.1917419,1.3661034584595626,0,200,H
-2.3298335894999997,-5.18614,-0.8598177,1.1648185160267934,-1.8989011999999998,1.3568021752788608,0,200,-8.948406691499999,-11.30976,-5.2883425000000015,0.8990243412935706,-9.127445,0.8082447662383385,0,200,2.593692561325001,-0.26710314,6.8197339999999995,1.4478369806656246,2.830994,2.0962319225829518,0,200,H
-2.341541243605001,-4.8485580000000015,-0.014664485,0.6453718830543461,-2.4244285000000003,0.4165048674371124,0,200,-8.592951527499999,-10.720786,-1.8167502,1.7307602058391176,-9.13223375,2.9955308901162647,0,200,3.2180046038499985,0.7863456,9.656863000000001,2.047661825299839,2.43355625,4.192918950790268,0,200,H
-2.620513609,-5.3992242999999975,-0.9412205,1.21137721612407,-2.025794,1.467434759744502,0,200,-9.130234336499994,-14.08464,-5.0393457,1.1135123299370278,-9.5296715,1.2399097089217883,0,200,1.3522391359049997,-1.0500071000000002,6.4893339999999995,1.3501098514839365,0.81028765,1.822796611073976,0,200,H
-2.500169065,-5.705682,-0.8358757,1.1603807101135335,-2.061707,1.3464833924035888,0,200,-8.312973615000006,-10.811766,-4.9675198,0.9618897344785732,-8.357709,0.9252318612952596,0,200,4.098843376199998,0.49664719999999996,7.923461,1.6319999851868752,4.4039845,2.6634239516499605,0,200,H
-2.566608157850001,-6.5412583,-0.32351652,1.2743020360593391,-2.0509331000000004,1.6238456791049771,0,200,-7.514555196409996,-12.31293,0.007631518,2.2118915944777546,-8.242787499999999,4.892464425721345,0,200,5.0644368989999995,0.6426935,10.2913265,1.7253695731379803,4.928314749999998,2.9769001639103365,0,200,H
-3.2362065220000007,-7.5204869999999975,-1.6259622999999999,1.2063012287484844,-2.8553848,1.4551626544801033,0,200,-7.712447935499999,-10.21561,-1.079336,2.1113031903041595,-8.661773,4.4576011613885225,0,200,4.211047639849998,0.15906477,9.54673,1.9963995618982375,3.4020109,3.985611210747476,0,200,H
-2.662017086,-4.604349,-1.2285248,0.834139408546253,-2.4998457000000003,0.6957885528898928,0,200,-8.196878716,-11.482142,-2.4057237999999996,1.7039909508364082,-8.628254,2.9035851605323657,0,200,3.9673299063000025,0.48467619999999995,8.584261,1.863008320280549,3.8090252999999996,3.4708000014345526,0,200,H
-2.89378779765,-5.1191025,-0.90770173,1.1353388378387452,-2.5429416000000002,1.2889942767050326,0,200,-8.196124541,-15.971271,-3.7919667,1.72454682748131,-8.615086000000002,2.974061760175851,0,200,3.825198103749999,-0.15696985,7.741501299999999,1.8284706579032084,3.4606687999999997,3.3433049468129914,0,200,H
-2.751895443849999,-5.0975547,-0.27563247,1.3152231485382726,-2.5429416000000002,1.7298119304509272,0,200,-7.558345117649998,-13.917046,2.5263317,2.758076466396489,-8.1913125,7.606985794490143,0,200,4.2269571120999965,-0.27667993,9.561095,2.4135449634027704,3.0309098,5.825199290366879,0,200,H
-2.4101710296500007,-5.0831895,-0.41210195,1.0862745230791682,-1.9503765,1.1799923394908742,0,200,-8.476617278500001,-15.221885999999998,-2.3841759999999996,1.6220567338157872,-9.205257000000001,2.6310680477171395,0,200,3.5436040535000006,1.2867336999999999,9.09662,1.6382861141133698,2.82261415,2.683981391696685,0,200,H
-1.3110768132500001,-8.585308,11.712734,5.0666086118723985,-0.9262568000000001,25.67052282589955,0,200,-4.973205830025002,-19.971981,3.302053,3.446386565068256,-4.680215400000002,11.877580355882971,0,200,5.4051258198885,-2.5004444,19.593248000000006,3.736197707277311,5.8613050000000015,13.959173307864235,0,200,I
-2.849782371034997,-9.921272,0.7281366,2.7505652621714067,-2.1472998,7.5656092614640595,0,200,-5.34220022382,-10.241946,2.7609633999999996,2.760500824601204,-6.054487300000001,7.620364802623925,0,200,5.735621405025,-6.74297,11.170447,4.119154427513445,7.02249265,16.967433197703613,0,200,I
-2.7529309119999983,-8.908525,0.3402759,1.766971184603347,-2.2741922999999997,3.1221871672185553,0,200,-6.0833852121000005,-16.497995,0.38112697,1.8090875010858865,-6.473472599999999,3.2727975865851766,0,200,6.7175538485000015,1.2273277,9.832088,1.6546656016557522,6.784269999999999,2.7379182533027926,0,200,I
-2.41967601788,-8.868422500000003,1.3069348,2.2914906314486863,-2.0688896,5.2509293140171,0,200,-6.393613880500001,-11.367221,0.5175965,1.5115206719597072,-6.599168,2.2846947417615247,0,200,6.33189137662,-0.59510875,11.378294,2.179917691463325,6.868815250000001,4.752041141554792,0,200,I
-3.3770813633450003,-9.079112,2.0611083999999997,3.0300923047511934,-2.0401592,9.1814593753124,0,200,-5.002738310549999,-16.316035999999997,-0.20784664,2.3332571897701118,-4.85379485,5.444089113613918,0,200,6.667247221999999,2.2300491,19.231276,2.389197348946308,6.40673425,5.708263972212068,0,200,I
-1.36118746922,-8.478168,2.923021,2.375688159377979,-0.57730186,5.643894230608732,0,200,-5.230702227749999,-10.78543,2.3324013,3.3503019928090967,-5.6558525,11.224523443020603,0,200,6.262543304615001,-2.7498902999999997,19.130717999999998,3.6901139678372727,7.414692999999999,13.61694109562774,0,200,I
-0.03040635969100001,-1.8151041,2.5710732999999997,0.6608677273918605,-0.11522096,0.4367461531080825,0,200,-5.6624725486499985,-11.017667999999999,-0.76569563,3.2151862654728225,-4.354604,10.337422721685074,0,200,6.661345500500003,1.5812206,19.57604,3.438429319824856,8.697985249999999,11.822796187431221,0,200,I
-1.0935875428000006,-8.14298,8.582913000000001,2.4508806498127282,-0.55934536,6.006815959626456,0,200,-6.031694340479997,-19.952827,4.8151884,4.079689505517338,-8.909573,16.643866461428303,0,200,5.3496222455,1.1646295,19.57604,3.421902892117986,3.5851674,11.709419403085434,0,200,I
-3.0939909167174995,-9.873987,0.17926586,3.107343750098372,-1.433229,9.655585181275415,0,200,-3.5277185248499983,-10.162937,9.215732000000001,3.74810164811342,-3.916465,14.04826596459053,0,200,6.7595316825,1.3777133999999998,12.558636,2.7919233483851067,7.436240999999999,7.794835983257908,0,200,I
0.7240784198650005,-7.230788,6.8854246,1.4317770161149312,0.3875614,2.0499854238749764,0,200,-6.05046490465,-15.092599,1.6141409,3.5402702286873398,-8.132654500000001,12.533513292129905,0,200,5.4957164081500025,-7.559841599999999,19.57604,4.361584218001234,4.7152305000000005,19.02341689071743,0,200,I
-2.641211476590002,-9.986514,2.9158385,4.514966790456564,0.510862775,20.38492511892564,0,200,-2.0007086648150008,-19.952827,3.4528877999999996,3.1368486911194764,-1.185878,9.839819710977972,0,200,6.1052083263000005,-7.715464599999999,15.108460000000001,4.750211832149802,9.42342825,22.564512450295968,0,200,I
-4.865975523750005,-9.356839,-0.77841485,3.1701484162032454,-3.5377322,10.049840980755944,0,200,-1.8272248048900004,-8.728810000000001,3.7066731,1.825243750155358,-1.9975123,3.3315147474811946,0,200,7.152312473499999,2.3904607,11.249007,2.6903742222982383,8.4537765,7.23811345600685,0,200,I
-2.449471827875,-9.615414,4.3547535,4.80290590906479,-1.47033915,23.067905171329475,0,200,-1.9545125473540004,-15.636083,4.642806,2.7292192025824678,-1.5952865000000005,7.448637455744878,0,200,6.730944952900004,-8.70427,18.27599,4.049695301001441,9.00324625,16.400032030953152,0,200,I
-1.930564550575,-9.354445,3.0379426,4.085225342117438,-1.72292735,16.689066095878538,0,200,-2.688526892600001,-11.319336999999999,1.8368016,2.4236015364115544,-2.3853731,5.8738444072964455,0,200,7.5277711398000005,-4.8567877,14.114866000000001,3.003503058500678,9.2725935,9.021030622422927,0,200,I
-0.9643844500995004,-8.538022999999999,0.74669164,1.6493922257693585,-0.5222353,2.7204947144283977,0,200,-4.257243780849999,-14.915427,2.543091,3.605650438818941,-3.2987611000000006,13.000715086955225,0,200,6.620967305500004,-4.9501615,17.481113,4.582995809357962,8.938602000000001,21.00385058859265,0,200,I
-2.705675379675001,-8.50211,4.2565913,2.6292743777686702,-1.6774375,6.913083753590825,0,200,-3.299012410700002,-19.055001999999998,6.8502600000000005,3.6074527283755415,-3.16827705,13.01371518746414,0,200,6.860519150399997,-6.9493199999999975,18.302326,4.035413464882608,8.560319,16.284561832555855,0,200,I
-1.9145233820650007,-8.846874,6.5262947,2.84888638275725,-1.2500726,8.11615362185969,0,200,-2.257570600275,-10.6776905,6.404938,3.1053214541784766,-2.3291093999999997,9.643021333781126,0,200,8.177485748100002,-0.19527708,19.57604,2.7753994167740395,8.889521499999999,7.702841922629676,0,200,I
-1.5161641464949998,-8.114249000000001,2.4298154999999997,2.262794652635098,-0.81432784,5.120239639993993,0,200,-1.9843921810249991,-13.814095000000002,6.1990370000000015,3.6354291769299487,-1.85266325,13.216345300473563,0,200,8.467375697,-0.5424363,17.51224,2.324219187480207,9.1756285,5.4019948314511534,0,200,I
-5.334808122000001,-8.77026,-3.1367035,1.827195767054522,-4.382885699999999,3.3386443711419638,0,200,-5.624859671199998,-10.074352000000001,0.8192659,1.759974088302842,-5.5337484,3.097508791497419,0,200,5.074959416999002,-1.3444938999999998,14.105289,2.4391657522470385,5.71600685,5.949529566934862,0,200,J
-3.916075985999998,-4.7815199999999995,-3.0265703,0.35157369206960304,-3.8693292,0.12360406095545205,0,200,-6.305231933499996,-9.4039755,-3.1838393,0.9209774911539554,-6.4088292,0.8481995392122341,0,200,6.416765830000003,4.5069349999999995,8.76622,0.6736849532959239,6.392369,0.4538514162973312,0,200,J
-5.142745245000003,-8.202834,-3.0768485,1.3687878292499955,-4.88686515,1.8735801215029144,0,200,-5.636447602,-9.612271,-1.5318402,1.4739382080020091,-5.57804115,2.172493841008173,0,200,5.35855263278,-1.8592471999999998,10.52117,2.588596070936432,6.19604425,6.700829618467532,0,200,J
-4.012909492500001,-6.3090205,-2.6219501,0.8967577699034179,-3.6526539,0.8041744978821517,0,200,-6.70726627775,-9.940275999999999,0.12973579999999998,1.7494711496250293,-7.2001126000000015,3.060649303370321,0,200,5.6594199560000025,2.9291560000000003,8.117392,0.9872809647397592,5.4849665000000005,0.9747237033374696,0,200,J
-3.753174535999999,-8.789413,-2.4328082,1.38136984485582,-3.32105715,1.908182648276992,0,200,-6.973621250499997,-11.709592,-1.6611271,1.6345394390942087,-7.4922054000000005,2.6717191779544103,0,200,5.318713122650001,-0.17851767,9.300127,1.544193167607206,5.1832970000000005,2.384532538884777,0,200,J
-5.678663358999997,-8.782231,-1.9180548,1.7357811571779933,-5.0664301,3.012936225614174,0,200,-5.003600240999998,-10.596288000000001,1.1496657,1.570132448669366,-5.02258635,2.4653159063644594,0,200,5.6796270308500025,0.43679217,9.369558,1.8056424902371933,6.04640675,3.2603448025499726,0,200,J
-5.273492587999998,-9.452607,-2.7464485,1.7047334128767395,-5.0101664,2.9061160089783766,0,200,-4.5071146166,-9.468618,-0.33713353,2.3308109216809565,-4.4048821999999985,5.4326795526272305,0,200,6.2346987775,1.1957541999999999,10.47568,1.7221493549872608,6.40434,2.9657984008830387,0,200,J
-4.386488755,-9.45979,-2.3370402,1.0400319312256474,-4.2308536,1.08166641796895,0,200,-4.966322506149998,-10.146177999999999,1.901445,2.678395916630082,-5.839008700000001,7.173804686220697,0,200,6.6409229685,1.4806641,13.837139,1.5516492418657697,6.610241200000001,2.4076153697826173,0,200,J
-4.026436722000003,-4.932355,-3.4383729,0.2957945295291672,-3.9818567000000002,0.08749440369938136,0,200,-6.696504344500003,-8.786271000000001,-1.8861821,1.1646019388590112,-6.9989998500000015,1.3562976759941685,0,200,5.834651592500002,3.7240312000000007,10.111761,1.0396949973470644,5.548412700000001,1.080965687508512,0,200,J
-5.849489661999999,-8.760683,-3.2564137000000004,1.7088770945983702,-5.3190183,2.920260924442968,0,200,-4.61418332688,-10.54601,3.088969,2.6410547856835644,-5.1159601499999985,6.975170380982058,0,200,5.522902570999998,1.0784383,13.995156,1.629552357472528,5.609465,2.655440885744274,0,200,J
-5.633879814499996,-8.966584,-3.416825,1.8198915873577064,-4.6199113500000015,3.3120053897353525,0,200,-5.659120686600003,-8.659379,0.5678747,1.5311693132751618,-6.1191306,2.344479465915531,0,200,4.817570758049999,-0.88480717,11.447726,2.4178010105476595,5.456236200000001,5.845761726605284,0,200,J
-3.0887117335000003,-4.6330795,-2.0641012,0.5853507907192272,-2.93319625,0.3426355481956245,0,200,-6.0806198955000035,-9.3560915,-1.2612954,1.8031786415387532,-6.69254175,3.2514532133015424,0,200,6.803453327999996,4.5620017,9.415049,1.168664279715268,6.6497455,1.365776198682406,0,200,J
-3.843675360500001,-7.568371000000001,-1.8007389,1.6028151611714725,-3.0936079000000003,2.5690164408811333,0,200,-6.959172189999998,-9.909152,-2.2093992,1.3509604874990393,-7.143848899999997,1.8250942387836424,0,200,5.076790970674999,-0.20485388,14.153173,2.2431422220659853,5.408352000000002,5.031687028415126,0,200,J
-5.350358459999998,-7.649773599999999,-3.4503438,1.0592459740875757,-4.914398499999999,1.1220020336207366,0,200,-4.930888328961498,-8.604312,0.6373066,2.1637084102730797,-5.088426850000001,4.681634084686456,0,200,6.143443778999998,3.4893994,9.350405,0.9720685888715854,6.1146414,0.9449173414707952,0,200,J
-4.549354324499999,-5.765537,-3.4886510000000004,0.40933304293655465,-4.518158000000001,0.16755354003969927,0,200,-6.272407421499995,-7.9411182,-2.6403556,0.8656694957807953,-6.303484,0.7493836759253765,0,200,6.012864003000004,3.9969702000000007,7.7343187,0.7382674904157963,6.006902500000002,0.545038887404838,0,200,J
-6.445370530499997,-8.5739355,-2.8996775,1.1589449763204918,-6.4215484000000025,1.343153458138505,0,200,-2.727899555161502,-10.543614999999999,5.270087,2.9618377711165564,-2.491915,8.77248298241269,0,200,5.949070476000003,1.2460323999999998,10.147675,2.10087122475932,6.51686735,4.413659903021727,0,200,J
-5.8831521445,-6.9339075,-2.7871501,0.612123320429154,-5.9965775,0.3746949594132127,0,200,-2.9226918053500004,-10.936264,0.4074632,1.5577829940367232,-2.6343701,2.4266878565100165,0,200,7.228160775499999,3.3385646,11.316044999999999,0.8230763644818305,7.2530842,0.6774547017686271,0,200,J
-4.973702640000001,-7.4965449999999985,-2.7703907,0.7234494518345239,-4.94672015,0.5233791093596731,0,200,-3.6275447821500015,-7.239617,0.24705169,1.7544831263515637,-4.0744823,3.0782110406523566,0,200,7.466300052500002,4.3776484,9.491663,0.7220423959311938,7.528417500000001,0.5213452215220589,0,200,J
-4.9684713175000015,-7.230788,-1.9731215,1.751570672578347,-4.362534799999999,3.067999821036563,0,200,-3.328772339514998,-13.9338045,4.106505,4.776124168222265,-5.5576903999999985,22.811362070276818,0,200,5.995350419999998,0.9874586,8.584261,1.1897217573133598,6.260687600000002,1.4154378598247892,0,200,K
-3.2067817850000013,-7.1517797000000005,-2.0233998,1.036975125841656,-3.03255575,1.075317411614318,0,200,-7.227837553770004,-10.167726,0.9365818000000001,1.8516338707383588,-7.620295,3.4285479912655177,0,200,5.3360471030000065,2.0337248,7.971344999999999,1.2215963150880709,5.294627200000001,1.4922975570367536,0,200,K
-4.643242942000003,-7.252336,-2.1311388,2.0353837773526218,-3.3928831,4.142787121110229,0,200,-2.2441869958000003,-7.6969094,5.418527,5.385673405524992,-6.4615017,29.005478030979155,0,200,6.069450930499996,4.5859437000000005,7.6409449999999985,0.691979241854478,6.15534285,0.4788352711574982,0,200,K
-5.227895030000002,-7.4247190000000005,-2.8541877,1.886909287665512,-6.3736643,3.5604266598783685,0,200,-1.5958372007049997,-8.96823,5.6842837,5.048453626720468,-2.3195325,25.486884021147045,0,200,6.150530607,4.3297644,10.219501,0.9286850150759812,6.409128400000001,0.8624558572266752,0,200,K
-4.355316260499999,-6.852504700000001,-1.8558056,1.74275413890665,-3.5161845,3.037191988676259,0,200,-2.2056283854400007,-8.187721,6.2876224999999994,5.307720174983949,-5.829432,28.17189345593163,0,200,6.4197705424999985,4.217236499999999,8.952967999999998,1.0132874503035794,6.679672999999998,1.026751456942729,0,200,K
-2.724876873500001,-6.119879,-1.3530233,0.8771115455295588,-2.4866778,0.7693246633012514,0,200,-6.480272001050003,-9.619453,1.3483844999999999,1.4498955753357663,-6.2520087,2.1021971793782335,0,200,6.655096605500003,3.1159039,8.96015,1.0474495350704762,6.920290500000001,1.0971505285193568,0,200,K
-3.4980603645,-6.467038,-1.1997943000000002,1.6933190090734456,-2.4040778,2.867329266489476,0,200,-2.3602938151499995,-8.702475,6.1535473,4.711649456364132,-5.222502,22.199640599656416,0,200,7.290984644499999,4.648193,10.320057,1.115113202503231,7.712771000000001,1.2434774543970126,0,200,K
-4.006708506499999,-7.0799537,-1.3793594999999998,1.9100824038210011,-3.0193875,3.648414789386613,0,200,-2.6134207929000017,-11.836484,6.4767647,5.732378744300128,-5.576844000000001,32.86016606810391,0,200,6.0550378575,1.9427451,9.048736,1.484916849074006,6.2690674999999985,2.204978048663875,0,200,K
-4.297101238999998,-7.558794,-1.3266870000000002,2.0101496596795365,-4.1087495,4.040701654309757,0,200,-2.7550019233750014,-10.795007,4.882226,4.5469657137578805,-5.2272903500000005,20.674897202089713,0,200,6.777572049000006,3.2284314999999997,10.29372,1.016657624315006,6.6820672000000005,1.0335927250778318,0,200,K
-4.482723694500001,-8.961796000000003,-1.3721769,2.1639138521422097,-5.17536615,4.682523159492937,0,200,-2.768481294349998,-11.101464,5.973982299999999,4.963900151399941,-5.5840266,24.64030471306836,0,200,6.202748113000001,2.2539914,11.665598,1.7102520425425731,6.2463224,2.9249620490210444,0,200,K
-3.0665893038200007,-5.952285,6.1599817,1.8313034364262848,-2.6638486,3.3536722762667215,0,200,-1.3893971460050003,-17.520319,7.563732000000001,5.366312996500458,-3.6914101,28.797315176409725,0,200,7.368760295000002,1.7081133000000002,19.57604,1.8395386580802509,7.8085395,3.38390247457169,0,200,K
-0.8341757915149999,-2.5189996,2.5734675,0.7061646627342227,-0.80834234,0.4986685308945385,0,200,-5.394980373999996,-9.820566,1.4082395,1.7981962812246826,-5.0800471,3.233509865810278,0,200,7.971656147499999,4.8995843,12.053459,1.2046417083411642,8.3735705,1.4511616454751188,0,200,K
-3.1599512036000017,-6.5604119999999995,0.23912089999999997,1.9983473095094109,-2.7656023,3.9933919694235023,0,200,0.5003941285499983,-9.545233999999999,7.489511999999999,4.864767608411642,-2.3710077999999997,23.665963883851127,0,200,7.440227186500001,3.8605006,11.584195,1.9888594093459917,7.8432553,3.9555617501440863,0,200,K
-1.4238676683050009,-5.6769514,0.9621698000000001,1.5700796705367297,-0.9519945,2.465150171832725,0,200,-5.133904665100002,-9.973794999999999,5.282058,3.1194770843591573,-6.0461075000000015,9.731137279841908,0,200,7.471926447999997,3.3936312000000006,10.071060000000001,0.8914750415010794,7.524826200000001,0.7947277496193512,0,200,K
-2.5108232738500007,-5.8397574,0.07152677,1.8018636648566189,-1.62237095,3.246712666730526,0,200,-2.3883418868,-7.522133,6.479158999999999,4.628239186342183,-4.0373724000000015,21.42059796599336,0,200,7.627346011000001,4.56679,11.617714,1.4208842925361964,7.887547999999999,2.0189121727760875,0,200,K
-3.3565271342000007,-6.7854667,-0.47674543,2.3464181287072714,-2.7344775,5.505678034726134,0,200,-2.120502524199999,-10.766276,7.108834,6.172030013781882,-6.61473035,38.09395449102436,0,200,6.029886763,3.3289877999999997,8.689606,1.1469722264933624,6.452223999999998,1.3155452883471408,0,200,K
-1.9424517559999999,-5.1765633,0.32770637,0.7534182091729204,-1.8103156999999999,0.5676389979133304,0,200,-6.5079489811999975,-9.559599,-0.66513914,1.1669042028421024,-6.888866800000001,1.3616654186105626,0,200,7.018991330499997,5.0647839999999995,9.209147,0.7642011181999397,6.8245225000000005,0.5840033490580383,0,200,K
-6.003101644999999,-8.327332499999999,-2.1311388,1.9657311592350832,-6.76870735,3.864098990387705,0,200,-0.4528931737999997,-10.000132,6.754492,4.608565140544114,-1.06497085,21.238872654638392,0,200,5.737901914499996,2.546084,8.397511999999999,1.5501062728376052,6.0344357,2.402829457090492,0,200,K
-3.5875077446500008,-8.822932000000002,-0.66828156,1.7833767807036318,-3.1486745000000003,3.180432741952849,0,200,-7.642800606950008,-12.901904,1.9158102,2.803137690678605,-8.7383875,7.857580912902981,0,200,1.94170356137,-4.2702084000000005,8.131757,3.477119464051148,1.9032407,12.090359767283347,0,200,L
-7.857781946500003,-9.332897,-2.9595325,1.215838781311995,-8.049605,1.4782639421422374,0,200,-0.19732410474399995,-10.438271,5.8231473,2.652840113803089,0.34281975,7.037560669402789,0,200,5.210136049500001,2.2468088,8.914660000000003,1.219785183945744,5.4801782,1.4878758949735515,0,200,L
-6.619656475499995,-9.517251,-2.7225064999999997,2.0711351514883325,-7.380426249999998,4.289600815730598,0,200,-2.6272113881359007,-10.964994,5.1336174,3.4616203926882965,-2.1363761,11.982815743075475,0,200,5.263802088000002,1.1981483999999998,10.056695,1.9473754045632572,5.3437087499999985,3.7922709662979104,0,200,L
-1.9247945127000001,-8.272266,0.20560206,1.0950392063937315,-1.7444752000000003,1.1991108635394132,0,200,-4.290547102975,-7.8812633000000005,0.045938745,1.2666952144891923,-4.456357700000001,1.6045167664098208,0,200,8.488456625499994,3.5301008,12.546664,1.0223216321106938,8.56391,1.0451415194814728,0,200,L
-3.8132091461500006,-7.970597,-0.5270236999999999,2.2936004344943406,-2.5644894000000003,5.260602953112629,0,200,-5.0291822907000014,-11.582699,1.4178163000000001,2.3939691577012288,-4.7137341500000005,5.731088328024732,0,200,6.581271426274999,-0.8393173,10.346392999999999,2.2377976282092886,7.00289035,5.007738224819119,0,200,L
-3.225731881750001,-7.963414,1.1608886,2.1970053028262257,-2.2723967000000003,4.826832300646557,0,200,-5.046947257699999,-10.534039,4.321983,1.7506894798267032,-5.090821,3.0649136547758924,0,200,7.213472379,1.6123452,19.57604,2.135006746457027,7.46138,4.558253807417022,0,200,L
-4.353269228284999,-9.268253999999999,0.49051207,2.809524988601149,-4.329016,7.893430661574288,0,200,-1.34547550947,-9.210045,6.392967,3.2064648755351093,-1.5366285999999998,10.281416998040383,0,200,7.370998858150003,0.755221,15.367034,2.814773989293723,7.74150135,7.922952610804501,0,200,L
-1.8616594151999992,-5.6697690000000005,3.8376059999999996,1.0669443778121341,-1.9012953999999997,1.1383703053449217,0,200,-4.560481399625001,-11.510873,0.23029228,2.3363195311047957,-4.974702400000001,5.45838895142173,0,200,8.046020095774997,0.046537295,10.3152685,1.6427572430281807,8.355614,2.698651359521549,0,200,L
-3.5812947905000003,-7.7670894,-1.2979566,2.137406073686458,-2.5309706000000003,4.5685047238317615,0,200,-3.6078644528500012,-8.98499,0.15128362,1.6374683725052377,-3.228132,2.6813026709549512,0,200,7.9306554895,4.210054,11.213094,1.4645668436096986,8.42744025,2.144956039400875,0,200,L
-4.330129254000002,-8.892364500000003,-1.1854291000000001,2.089160463796249,-3.5054107000000005,4.36459144348936,0,200,-2.38591178648,-11.5132675,3.845537,3.1039611179196944,-2.6427498,9.63457462155728,0,200,7.544327087999996,2.953098,14.521881,2.187303857545396,8.3448405,4.7842981652329675,0,200,L
-5.550142662244999,-8.499715,-0.005087679,1.8799676098103768,-5.621885,3.53427821393614,0,200,-2.4468202641729997,-7.8405619999999985,1.2382511999999999,1.890003467360184,-2.5026889,3.572113106633517,0,200,7.249337511499996,2.5293245,13.470826,1.3736969948538218,7.436240799999999,1.887043433670421,0,200,L
-2.8088055987999985,-15.450083,-0.8885481,2.321235610482953,-2.2077532000000004,5.388134759374168,0,200,-4.547911832959997,-9.937882,3.0626328,2.5964646964871,-4.951957500000002,6.7416289201038495,0,200,7.428351954499996,2.5891794999999997,10.660033,1.8681542951335768,7.988104300000001,3.4900004704260312,0,200,L
-2.450118290125,-8.559569999999999,2.1832127999999997,2.4524402742113254,-1.3111247,6.014463298573721,0,200,-4.4954907759500005,-8.8150015,3.4648587999999996,1.988383406049365,-4.92203,3.9536685694524745,0,200,7.778408246500001,3.5660138,11.861922,1.4295827231605978,8.061128,2.04370676235927,0,200,L
-5.80027682525,-8.691252,-0.68982935,2.2489206068030447,-6.623858199999999,5.057643895703375,0,200,-1.7541298227925008,-7.759158599999999,5.078551,2.4811513650242216,-1.5438112,6.15611209616156,0,200,6.8834675735,2.000206,10.904242,1.5988327927155972,6.958597750000001,2.556266299062756,0,200,L
-5.940445383749998,-12.050317,5.652411,3.771355950819773,-8.715193,14.223125707783707,0,200,-0.08696338318499905,-8.4486885,5.272481,3.2521140044140258,1.2214918,10.57624549770583,0,200,5.453087654554999,-2.1513397999999997,15.917701000000001,3.3416345402855554,3.7312138,11.166521400829453,0,200,L
-4.467137438544998,-10.410288000000001,1.0866683000000001,3.0293280194474765,-4.107552200000001,9.17682824940957,0,200,-2.618783819424998,-11.247511,5.1000986,3.963389758120299,-2.1567268000000004,15.70845837477288,0,200,6.145802057749995,-2.1034558,11.217882000000001,3.19539942730878,6.716783100000002,10.210577500045275,0,200,L
-1.7621085004264998,-5.0975547,1.4242507,1.4327455596289091,-2.1036055,2.0527598386363564,0,200,-3.628071505155,-14.745439999999999,0.9341876,2.788190797466177,-3.4136827500000004,7.774007923075076,0,200,8.142901428035001,-4.6437040000000005,11.517158,2.603574167082893,8.919449,6.778598443501378,0,200,L
-7.587464629499997,-9.735124,-4.034529,1.112083901478638,-7.9418664,1.2367306039279489,0,200,-0.4247972141904999,-6.2388406,4.381838,1.906983705692043,-0.012719196299999999,3.636586853774955,0,200,5.793016428000004,2.9890112999999996,9.350405,1.1941913955173762,5.5711577000000005,1.4260930891277386,0,200,L
-7.178116,-7.178116,-7.178116,,-7.178116,,0,0,-1.1535563,-1.1535563,-1.1535563,,-1.1535563,,0,0,5.6872764,5.6872764,5.6872764,,5.6872764,,0,0,L
9.164968190999998,5.0969562999999996,16.742353,1.5416506002407586,9.200617999999999,2.3766865732226914,0,200,-2.3477721446250017,-8.882039,3.0865748,1.7782766187692158,-2.5745151,3.162267732861276,0,200,3.0945116764950016,-0.55440736,14.404565,1.6568517918112595,3.10153865,2.7451578600281814,0,200,M
9.105328600000002,1.5894506000000002,14.917972,1.7740776577180009,9.048586,3.1473515356141877,0,200,-2.9679182590499997,-12.638542,10.95871,2.209715506376062,-2.8989293999999997,4.882842619118816,0,200,3.1396423825999995,-0.5208885,12.5442705,1.5483254814591565,3.0392895,2.397311796535728,0,200,M
8.900408921500004,2.2957401,19.179651,1.7766555641280144,8.88578,3.156504993547033,0,200,-2.683965942899,-9.808596000000001,4.714632,1.8003476122583844,-2.7732337000000005,3.2412515249644662,0,200,3.3984675551,-1.464204,10.420613000000001,1.424224947691801,3.2415996,2.0284167016277133,0,200,M
9.253661365,5.4369326,14.630668,1.2756876355899358,9.1036525,1.6273789435970412,0,200,-2.8048970762,-18.43251,3.6037226,2.031171119515914,-2.8474541,4.125656116755532,0,200,2.5528235533295005,-0.4873697,9.790938,1.3123139891093558,2.5568578,1.7221680060121105,0,200,M
9.106154628500004,4.9964,13.00261,1.5531065401847157,9.0833015,2.412139925164539,0,200,-2.5859712705000004,-14.726285999999998,12.05286,2.2947422579311056,-2.7217584,5.265842030334749,0,200,3.12850933745,-2.5104702000000003,17.019033,1.8464613815922155,2.8106432,3.409419633711433,0,200,M
9.049771152499996,5.254973400000001,15.241189000000002,1.2483802902621657,9.060557000000001,1.5584533491150483,0,200,-2.709955002949999,-10.186879,4.8630724,2.0028073230378785,-2.7349265,4.011237173214154,0,200,3.0806612223000003,-1.2726678999999999,15.309573,1.5489832818427114,2.85493585,2.399349207428217,0,200,M
9.048777606749994,0.71556705,14.843751000000001,1.528034338736926,9.0294325,2.334888940359195,0,200,-2.8981632041500007,-10.356867999999999,8.700978,2.0066921670246134,-3.0461728999999997,4.0268134531979385,0,200,2.7105176365499983,-1.7706618000000005,19.57604,1.9671493070061783,2.607136,3.869676396054887,0,200,M
9.130491740000004,5.5877676,15.028104999999998,1.3971588939588244,8.971971500000002,1.9520529749682451,0,200,-2.45770191715,-10.852468,2.3922565,1.6007954355815028,-2.6499324,2.5625460265785733,0,200,3.1280065620500013,-3.5687072,13.557017000000002,1.8093532366956968,2.9794345,3.2737591351411948,0,200,M
9.285408524,5.8702830000000015,15.387235,1.23799512630814,9.272444,1.532631932762708,0,200,-2.1816265161399997,-11.0679455,11.14067,2.3574999021474268,-2.5386019,5.55780578862513,0,200,2.59462631002,-1.25112,19.57604,1.7534552338170577,2.25159705,3.074605257000432,0,200,M
7.9988842702499925,-10.76463,18.650532000000002,4.7832618368104525,9.028235,22.879593799487296,0,200,-2.1901498712200005,-19.323153,8.614787,3.0036685252147066,-2.2644659000000003,9.022024609365491,0,200,3.2917819231499994,-1.0069114,19.57604,2.45013724244256,2.9064112,6.00317250680403,0,200,M
7.99740880575,-9.586683,19.552547,4.3476248357693486,8.886977499999999,18.901841712598454,0,200,-3.032441993203,-12.923451,5.3514895,2.3923030163374004,-3.00427415,5.723113721977023,0,200,2.6789860001,-2.3931541000000003,12.886641000000001,1.5621274676554393,2.80705185,2.440242225203596,0,200,M
9.37780074,2.355595,16.864458,1.887542222950634,9.2125895,3.5628156434214207,0,200,-2.341511306385,-6.6314898,8.806322999999997,1.725173675696229,-2.7588685,2.9762242113152384,0,200,3.175076575000003,0.9898528,19.57604,1.7718501899463093,2.90880535,3.139453095612772,0,200,M
9.1477269345,1.2566566000000001,19.552547,4.064395804731055,8.8510645,16.519313257515403,0,200,-3.23385421866,-19.952827,8.473529,3.9828830583168218,-2.9611785,15.863357456227158,0,200,2.7607120794545006,-8.479215,19.57604,3.1047413270897883,2.90162275,9.639418708139262,0,200,M
9.057743873999996,6.274903299999999,13.474267999999999,1.3344613792336562,8.926482,1.780787172666192,0,200,-2.866224546900001,-11.094282000000002,6.632387599999999,1.82002477532475,-2.9049148999999996,3.3124901827959072,0,200,3.2201474116999984,0.50622404,10.770166,1.3665157555441279,2.9854198500000004,1.8673653101503391,0,200,M
9.267233496000001,4.5606550000000015,19.552547,1.870496413165852,9.077316499999998,3.4987568316663182,0,200,-3.1869039305444997,-8.307431,2.4257752999999997,1.8428303967297623,-3.228132,3.3960238711111743,0,200,2.46793712432,-3.6956,16.183456,2.0328355419483857,2.32462025,4.132420340608586,0,200,M
9.103125966000004,4.512771,13.127108999999999,1.0209674011554999,9.095273,1.042374434222216,0,200,-2.2414456530500004,-9.413552000000001,8.739285,1.7163247888413302,-2.2249615,2.9457707807912366,0,200,2.9384097392500017,-2.0555718,14.672715,1.3142154226006582,2.93155025,1.7271621770014265,0,200,M
9.081075402999998,5.149628599999999,12.554894,0.9964591572042276,9.0270385,0.9929308519761598,0,200,-1.8886959344449992,-8.372074000000001,3.1655835999999997,1.6558449551180103,-1.8083705,2.741822515389765,0,200,3.1081586366900003,-0.8680478000000001,8.071900999999999,1.1285567286822715,3.0943561,1.2736402898540302,0,200,M
9.042013975,3.7083192000000014,16.864458,1.8078619062959649,8.963592,3.2683646722360797,0,200,-3.1683608318600016,-12.779799,5.7992053,2.3332195384589234,-2.96476985,5.443913414646472,0,200,2.6774656866,-1.6988357,14.392594,1.97637609414085,2.54967525,3.906062465491442,0,200,M
5.575583965350001,-14.715063,19.552547,7.953755018228461,7.017106149999999,63.2622188899944,0,200,-4.717756445614999,-19.952827,19.273173999999997,7.404714630725867,-4.8669629,54.82979876248572,0,200,0.6126971744450002,-19.649960999999998,19.57604,7.449095373498751,1.5141829,55.489021883480504,0,200,O
5.810006285469,-10.060735000000001,19.552547,6.039242929873325,6.26412935,36.472455166024936,0,200,-3.226309462099999,-19.952827,19.273173999999997,7.6848965879795905,-3.22454065,59.05763556794035,0,200,1.0231261492250003,-19.649960999999998,19.57604,7.550293189673269,1.35855985,57.00692725002655,0,200,O
4.582813294825001,-10.86758,19.552547,5.829018251750169,5.1771617999999995,33.977453779236605,0,200,-4.309736596969997,-19.952827,15.481357999999998,6.7894094449854965,-4.3174937999999985,46.09608061165826,0,200,0.2508884113999997,-19.649960999999998,19.57604,8.206377451386182,0.275183555,67.3446308746196,0,200,O
1.0393768151155005,-19.673454,19.552547,8.870892634451357,-0.201412215,78.69273613196331,0,200,-1.7403780738500003,-19.952827,19.273173999999997,8.177320958405488,-1.5677531999999998,66.86857805677765,0,200,1.7821240161999998,-19.649960999999998,19.57604,8.244919510971117,1.7847277000000004,67.9786977423922,0,200,O
3.918239765649997,-14.717457000000001,19.552547,6.857714215091837,4.4684782,47.02824425587265,0,200,-5.017833724245,-19.952827,18.945766,7.296929648163863,-4.980687850000002,53.24518229025279,0,200,-0.23174973145000016,-19.649960999999998,19.57604,7.336825188203482,-0.27787703,53.82900384225708,0,200,O
4.845953987010001,-13.913004999999998,19.552547,6.70626942876854,5.0909705,44.974049651235504,0,200,-4.245859304285902,-19.952827,12.347347000000001,6.409134311336426,-3.89970565,41.07700262074985,0,200,1.3236583358500005,-19.649960999999998,19.57604,7.81107481308869,0.9982325,61.01288973566852,0,200,O
4.292531277132499,-11.253047,19.552547,6.6786055174216745,4.522347900000001,44.60377165733522,0,200,-4.704339963250001,-19.952827,19.273173999999997,7.40300024810588,-4.303128500000001,54.80441267345572,0,200,-0.268934657412,-19.649960999999998,19.57604,7.627669207714209,-0.265906015,58.181337542311525,0,200,O
5.7056070915,-15.986384,19.552547,7.002618857826246,6.7010713499999985,49.03667086798376,0,200,-3.5290053999550013,-19.952827,19.273173999999997,7.144239366945031,-3.55613785,51.040156132207116,0,200,1.0045112413250004,-19.649960999999998,19.57604,7.989302999121432,1.78113645,63.828962411770725,0,200,O
4.251126586849999,-11.667244,19.552547,6.7859741794072574,4.48763175,46.04944556358201,0,200,-4.730146489349997,-19.952827,18.289755,6.170319471099055,-4.7388732000000005,38.072842375424116,0,200,0.27389069474,-19.649960999999998,19.57604,7.310359132848547,0.169838685,53.44135065122218,0,200,O
1.4398729309800005,-14.394239,19.552547,6.553623429205519,-0.28161797,42.949980051831524,0,200,-3.4831803523999985,-19.952827,19.273173999999997,7.929019712274433,-2.7061961,62.869353597636525,0,200,1.6154008094999996,-19.649960999999998,19.57604,8.421683583067109,1.1550526999999997,70.92475437330206,0,200,O
5.596802596850004,-10.269031,19.552547,6.266450212039874,7.9029605,39.2683982599746,0,200,-4.163908787934998,-19.952827,19.273173999999997,6.843630639200783,-2.8701990000000004,46.835280325807716,0,200,1.6167355939000003,-19.649960999999998,19.57604,6.917927141529501,2.6969185,47.85771593551052,0,200,O
3.0756304115599984,-10.089464999999999,19.552547,6.083317179986595,2.4669256500000003,37.006747912320044,0,200,-3.185209987103002,-19.952827,19.273173999999997,7.712657515715972,-3.1215901,59.485085954730074,0,200,1.2114990139500008,-19.649960999999998,19.57604,8.106621104290559,2.2228667,65.71730572852907,0,200,O
3.931530541500002,-13.956101,19.552547,6.477284138636478,4.6229043,41.955209812631715,0,200,-3.8035245590400018,-19.952827,19.273173999999997,7.508978468446305,-3.36220725,56.38475763959021,0,200,1.4153114094500012,-19.649960999999998,19.57604,6.97736748461384,1.8601451,48.68365701534646,0,200,O
5.876858341650005,-11.889905,19.552547,7.3128393348552505,6.126462899999999,53.477619137406165,0,200,-4.692641295050003,-19.952827,17.427843,7.3239649001831175,-4.093636,53.64046185911428,0,200,0.5383302719745002,-19.649960999999998,19.57604,7.239134176681043,1.4088379999999998,52.4050636279915,0,200,O
5.1822346010050016,-15.088557999999999,19.552547,7.4916842459279955,5.8834515,56.12533284068571,0,200,-3.9148669357099988,-19.952827,19.273173999999997,7.301063363787295,-4.2277112,53.30552624203706,0,200,0.8345019995895002,-19.649960999999998,19.57604,7.302990760989333,0.7959224300000001,53.33367405509557,0,200,O
4.713396016789999,-16.01272,19.552547,7.721447787730336,4.761768,59.62075593864571,0,200,-4.553660893699998,-19.952827,19.273173999999997,7.488204219166692,-3.8985085500000007,56.07320242794587,0,200,0.08816946805000024,-19.649960999999998,19.57604,7.654501052164937,-0.8800187850000001,58.59138635759414,0,200,O
4.729009222424998,-13.754988,19.552547,6.450637913410673,4.6241015,41.61072948993119,0,200,-3.62974143285,-19.952827,19.273173999999997,7.516730971196086,-3.52142175,56.501244493338454,0,200,2.0277302233050007,-19.649960999999998,19.57604,7.401816333216172,1.24603235,54.7868850306657,0,200,O
4.2925731734550014,-14.976030999999999,19.552547,7.583868218259621,3.0044237999999996,57.51505715192834,0,200,-4.408252039969997,-19.952827,19.273173999999997,7.391813434115702,-3.94280135,54.63890584477339,0,200,0.4395574737000002,-19.649960999999998,19.57604,8.053645605466462,0.29074587,64.86120753844926,0,200,O
5.548903577594995,-8.545205000000001,19.552547,6.353525903628388,4.68036515,40.36729140807692,0,200,-2.3118621031099997,-19.952827,19.273173999999997,5.8716645599277335,-2.3841759999999996,34.476444704311355,0,200,6.767731779399997,-17.613094,19.57604,8.92945206740917,7.3153337999999986,79.73511422415788,0,200,P
3.0748672432700004,-9.170092,19.552547,6.4632895494565705,2.64649085,41.774111800114525,0,200,-2.3782143978950003,-19.952827,15.802179999999998,5.494111363324223,-2.2692542,30.185259672608353,0,200,7.3926123962599934,-19.649960999999998,19.57604,8.843213604255402,8.223933500000001,78.20242685048784,0,200,P
3.905948510645002,-7.726388,19.552547,6.130424878553165,3.4473512000000004,37.582109191583584,0,200,-3.3147572529000007,-19.952827,19.273173999999997,6.599566238707778,-2.7026049,43.55427453909153,0,200,5.629492369589998,-19.004126,19.57604,8.958490602838541,4.99056385,80.25455388114645,0,200,P
5.497215764959998,-8.059182,19.552547,6.633429044563818,4.6468463500000015,44.002380889262845,0,200,-4.103164901390003,-16.81403,16.041601,5.888931149983982,-3.88653755,34.67951008925168,0,200,4.8906178191,-16.315437,19.57604,8.33969048254894,4.1621699,69.55043734471737,0,200,P
5.402046239902497,-7.764695,19.552547,7.0069632228760765,5.034706700000001,49.0975336067379,0,200,-3.5567362777650016,-19.952827,19.273173999999997,7.745850575183695,-4.0038534000000015,59.99820113307358,0,200,2.216869135499499,-13.066505000000001,19.57604,8.494515380505579,0.06928221,72.15679154964587,0,200,P
4.3829333290350005,-19.673454,19.552547,7.5762626501476,3.12772525,57.39975574402155,0,200,-4.06645283232,-19.952827,19.273173999999997,6.511147616497741,-3.64711735,42.39504328382422,0,200,2.6191279441649997,-19.649960999999998,19.57604,9.649001671042678,1.6183306999999998,93.1032332477844,0,200,P
6.3981179529200025,-4.980239,19.552547,6.325073808860627,5.7589529000000015,40.00655868753468,0,200,-4.192426747261502,-19.952827,19.273173999999997,6.448235993879584,-3.9463925000000004,41.57974743276422,0,200,2.9790393358699987,-14.036157000000001,19.57604,8.706694629947735,0.5002385149999999,75.80653137916073,0,200,P
5.611338373449995,-6.857292999999999,19.552547,6.158642063916518,5.4345385,37.9288720714419,0,200,-4.3884370470000045,-17.192314,19.273173999999997,6.5106740532536795,-4.856189350000001,42.38887662771068,0,200,1.6698419254150008,-14.996232000000001,19.57604,7.824781559584439,-0.142604645,61.22720645521269,0,200,P
5.794650428550003,-11.370363000000001,19.552547,6.6946661195419095,5.2011038,44.81855445214232,0,200,-3.08315117307,-19.952827,15.217995000000002,6.1486462132104345,-3.1371524,37.80585025522701,0,200,4.926590651835002,-19.53085,19.57604,10.099835299178409,4.6888945,102.00667307053024,0,200,P
5.267126999380001,-11.372757,19.552547,6.644130947075349,4.8659155,44.144476041884396,0,200,-4.822802060149998,-18.018311999999998,15.749507999999999,6.082662082368599,-4.9723082000000005,36.99877800828472,0,200,1.6845064495,-18.759916,19.57604,7.817513843103947,-0.35090017500000004,61.11352268712182,0,200,P
6.640662551625001,-6.3114147,19.552547,6.285215794722697,6.435314900000001,39.50393758623167,0,200,-4.473368360605,-19.952827,17.013647,6.092568521040628,-4.724508,37.119391183575175,0,200,1.1540710840999997,-14.895676000000002,19.57604,7.718368961650397,-0.168940855,59.57321942816824,0,200,P
5.412341296850002,-13.252206,19.552547,7.2383337089265325,4.941333,52.39347488178215,0,200,-3.916931947069997,-19.952827,14.557196,6.331496750388983,-3.60402175,40.08785110018624,0,200,2.766877121484999,-19.310582999999998,19.57604,7.8604454047982975,2.1821653,61.786601961814654,0,200,P
4.949036347799996,-5.329791999999999,19.552547,5.335560307856494,4.7210665,28.46820379877369,0,200,-4.964682481959998,-19.217807999999998,16.216376999999998,6.312061902069213,-4.92203,39.842125455553635,0,200,1.6096636792545007,-16.906805,19.57604,8.507692901534682,0.149487975,72.38083850682362,0,200,P
5.7181796619000025,-7.252336,19.552547,6.630929278253213,5.319617,43.96922309319568,0,200,-3.9592015298149983,-17.256956,16.984917000000006,6.0312871628907265,-3.8063318999999995,36.376424841250454,0,200,1.8332701871799983,-14.833426000000001,19.57604,8.168010672238989,-0.574758055,66.71639834180999,0,200,P
5.901551510907501,-5.80145,19.552547,5.935129773727565,5.07062015,35.22576543098742,0,200,-4.034226888320001,-17.774105,19.273173999999997,6.1982020242757905,-3.99667085,38.4177083337365,0,200,3.042282151074001,-16.413598999999998,19.57604,9.219051910588515,0.915632525,84.99091813012575,0,200,P
4.963775636115002,-5.8756704000000015,19.552547,5.740856418099709,4.1883567,32.957432413236624,0,200,-3.4819174426199977,-19.952827,10.956316000000001,5.733436489294585,-2.7552772,32.872293976774614,0,200,4.483579572644999,-14.175021,19.57604,8.770928730942504,2.18815075,76.9291908032727,0,200,P
4.4023084483,-8.846874,19.552547,5.789427391595584,3.5455134,33.51746952255725,0,200,-4.5630311571599975,-19.952827,7.0992570000000015,5.376474869522702,-4.0900447999999985,28.906482022609147,0,200,5.868505517550003,-17.672949,19.57604,8.448523193253553,5.846490900000001,71.3775441469432,0,200,P
5.395875202830004,-5.6242790000000005,19.552547,6.41994243014544,3.6005800999999997,41.21566080638174,0,200,-2.68347512477,-19.952827,12.103139,5.483988235233593,-2.9671642000000005,30.07412696418045,0,200,6.307497439449994,-19.649960999999998,19.57604,9.011074104415377,6.775441149999999,81.19945651526538,0,200,P
0.0282755224350002,-8.48954,3.9052422,1.1629705657201146,0.240916545,1.3525005367313636,0,200,-7.5809105005,-19.971981,-2.5182512000000004,1.5002273003471918,-7.517344500000001,2.250681952707023,0,200,6.1627110625000014,1.8091186000000001,10.911874000000001,1.1064022470664912,6.391620499999998,1.224125932313781,0,200,Q
0.8196310098500001,-0.8855552999999999,8.121431,0.7345344681041444,0.7772177499999999,0.5395408848330382,0,200,-7.035224049999997,-11.106253,-3.6818333,1.1457798083647843,-6.9690723,1.3128113692564425,0,200,6.888273920000001,3.8824973,9.458592999999999,0.7025897806848936,6.9231333,0.4936323999228469,0,200,Q
0.8806232985550007,-1.2614450000000001,5.866093599999999,0.6460917721900226,0.8813655,0.417434578091644,0,200,-7.306750428500002,-12.207585,-2.6906338,1.1751344371582553,-7.1929300000000005,1.3809409453952493,0,200,6.518657062999994,3.5640686,8.057985,0.8462506954922023,6.754342200000001,0.7161402396210361,0,200,Q
0.8403528301399998,-1.3284826,1.8534113999999997,0.4803198924341929,0.8430582999999999,0.23070719906799464,0,200,-7.483693906999996,-14.671219,-2.7576714,1.2363199783430212,-7.2755298999999996,1.5284870888500883,0,200,6.226947506649992,0.7484873000000001,8.464999,1.1810506584870528,6.488585499999999,1.3948806579127015,0,200,Q
0.8812218479549999,-2.317288,2.619556,0.5688581485321851,0.9160814,0.3235995931514655,0,200,-7.0383604424999975,-12.712762,-2.9132946,1.1061522143529918,-6.9415390000000015,1.2235727213180272,0,200,6.7720833035000005,2.3142953,8.52246,0.7642240135505846,6.872855,0.584038342887364,0,200,Q
0.7049607209859999,-1.8360534,2.358588,0.5523000373921292,0.8286931000000001,0.3050353313033473,0,200,-7.599621185000001,-13.035979,-4.735282,1.1587406265722118,-7.492205400000001,1.342679839668962,0,200,6.108865466500001,1.9407997,7.899967699999999,1.0086797118265662,6.3497222,1.0174347610505248,0,200,Q
0.9290460286550002,-0.75626844,12.538733500000001,0.9747138776288851,0.90051913,0.9500671432423368,0,200,-7.098502775499996,-12.303353,-4.5605054,0.9325707247248116,-7.036110000000001,0.8696881566137605,0,200,6.761692467000003,2.7691936000000004,12.425009,0.8252664000514681,6.801029,0.6810646310539098,0,200,Q
0.9801382943749996,-8.599673,6.052841,0.9501167254846158,1.0405799,0.9027217920456088,0,200,-7.055945863000004,-11.403133,-1.6252141000000002,0.9643304168833398,-6.94991875,0.929933152926396,0,200,6.689650936499996,2.7332804,8.194453999999999,0.7021962494198015,6.8141973,0.4930795726992361,0,200,Q
1.0146985929399996,-1.8025346000000002,3.5317469,0.5654815364412742,1.0202292,0.3197693680559841,0,200,-7.401656577500002,-12.346449,-3.844639,1.1202458161740732,-7.28031835,1.2549506886555153,0,200,6.317412453999998,2.4938602000000003,8.510489,0.9344909922347824,6.508936500000001,0.8732734145679484,0,200,Q
1.0139683635625003,-5.8367643,4.5828013,0.7847646237873054,1.0549451,0.6158555147480309,0,200,-7.042107351800003,-10.423905,-0.52148706,1.0360393137077333,-7.025336,1.073377459547991,0,200,6.732136055999996,2.86975,9.731532000000001,0.7368903669119546,6.766313200000001,0.5430074128476351,0,200,Q
0.9569384773899996,-3.5598786000000002,2.2508487999999995,0.6060410989112851,0.99748427,0.367285813569598,0,200,-7.1702689695,-15.624111,-4.3977,1.2386054780932194,-7.043292500000001,1.5341435303625328,0,200,6.650745168000001,2.0461447,8.441057,0.8833406753695187,6.773496000000001,0.7802907487622773,0,200,Q
1.1180203685500008,-0.70599025,4.6354737,0.5415989141085263,1.1555016000000002,0.29332938376353485,0,200,-7.2189909765000015,-12.526014,-4.3785457999999995,1.06992352978387,-7.018153400000001,1.1447363595851758,0,200,6.573939172999999,2.929605,8.493730000000001,0.8866287212806647,6.7160350000000015,0.7861104893997867,0,200,Q
1.022431868276,-4.7450085,3.105579,0.7805739820313649,1.0764929,0.6092957414243014,0,200,-7.053815000999992,-12.791771,-5.11596,0.8564104554235578,-6.9582983999999986,0.7334388681587857,0,200,6.7554076929999995,-0.7766192,8.984541,0.8450280248713209,6.8572928,0.7140723628179259,0,200,Q
1.1556931356949989,-0.703596,2.7344775,0.5123720037372773,1.1854291000000001,0.2625250702137525,0,200,-7.339778476999996,-13.134142,-2.2836194,1.2333174718901163,-7.20011265,1.5210719864694282,0,200,6.398755430999999,3.0038254,8.831311999999997,0.9158190096464466,6.529287,0.8387244584297981,0,200,Q
1.2585719791299999,-3.444957,6.7591304999999995,0.7819618009453503,1.2213421000000002,0.6114642581376956,0,200,-7.219541640500005,-13.615376000000001,-3.3562220000000003,1.1307911377920488,-7.109133,1.278688597309036,0,200,6.574561680499997,1.4092870000000002,8.661324,0.8069639034132611,6.643012,0.6511907414119668,0,200,Q
1.0715249743314998,-0.48332947,3.1007905,0.5043119696674191,1.0609306,0.2543305627498318,0,200,-7.5469846359999995,-12.030415,-3.8661868999999998,1.2106152270646595,-7.336582350000001,1.4655892280008174,0,200,6.048759067000001,1.5122377,8.022072,1.3296057111438102,6.4263365,1.7678513471062374,0,200,Q
1.0603919354700002,-1.8599955000000001,2.310704,0.5276853656440604,1.0944493999999998,0.2784518451149058,0,200,-7.353341635999999,-11.407922,-3.5884595,1.0244247628928895,-7.319822649999999,1.0494460948281528,0,200,6.3180229355000055,1.9192519000000001,7.950246000000001,0.892017314368969,6.4538697,0.7956948891340282,0,200,Q
1.1504618035249994,-3.0738556,7.695263400000001,0.8078046904979352,1.1088147,0.6525484179904649,0,200,-7.226173573000003,-14.003237,-4.2444706,1.1882852651580864,-7.106738850000001,1.4120218713918238,0,200,6.6358771615,1.6463130000000001,9.868002,0.7745108291282743,6.6885018,0.5998670244369669,0,200,Q
4.5415252833499995,-18.897135000000002,18.181867999999998,4.2607316437984215,5.601534099999999,18.1538341404652,0,200,-5.451722942649998,-19.823542,12.68493,2.9114830612521243,-5.28475115,8.476733615958041,0,200,-2.6218753213,-19.632753,19.593248000000006,8.05552755273788,-6.267721000000001,64.89152415291913,0,200,R
5.330103501219998,-5.523124,11.375152,2.511634794901501,5.7272297000000005,6.3083093429599035,0,200,-5.399661037849999,-14.132523999999998,1.0658686000000002,2.05177709377609,-5.4415717500000005,4.209789242544258,0,200,-6.314958397815003,-14.737209,19.593248000000006,5.172041141563499,-7.305607249999999,26.750009570025462,0,200,R
5.815156771299997,-7.742549,16.778864000000002,3.58312445688811,6.5077395,12.838780873549714,0,200,-4.6687711236,-19.971981,4.168754,3.170221659176536,-4.446780900000002,10.050305368312033,0,200,-5.759347967129997,-16.963818,19.593248000000006,6.540787474166347,-7.19188265,42.781900782211366,0,200,R
6.472089821,-11.695376,15.833155,3.4874467902821387,6.732794299999999,12.16228511504919,0,200,-5.358756111499998,-19.715801000000006,6.055385,2.7716162688302477,-5.25003535,7.6818567416445,0,200,-5.476948879078202,-19.632753,19.593248000000006,6.190953163239026,-6.6424131000000015,38.327901069419305,0,200,R
6.62888611455,-5.5662199999999995,14.882657,3.068394100989704,7.2056492,9.415042358988412,0,200,-4.575493032299999,-12.997672,2.0762217,2.2052546723397124,-4.3186907,4.863148169876132,0,200,-5.778537510200005,-14.540885000000001,19.593248000000006,5.510785821672945,-7.390601399999999,30.36876037235156,0,200,R
6.899359074849997,-2.3244705000000003,18.047792,2.8024278547590664,7.12424635,7.853601881129505,0,200,-4.480108016049999,-12.224345,3.2350154,2.2289056707263564,-4.106804,4.968020488996109,0,200,-6.0062140886,-12.426805,19.593248000000006,4.692178538546492,-6.7860654999999985,22.016539437596293,0,200,R
6.480481495749999,-8.120832,16.25214,3.394384793560848,7.05720885,11.521848126757119,0,200,-4.3911993746650015,-15.578622,5.3874025,3.0860476170063516,-4.3366472,9.52368989443058,0,200,-5.954152199800004,-17.150564000000006,19.593248000000006,6.506074387553433,-6.752546799999999,42.329003936378776,0,200,R
6.51310250815,-8.535029,18.174685,3.5532627481830183,6.96742635,12.625676157625142,0,200,-4.631050479449998,-19.971981,-0.53345805,2.3377494465872566,-4.1235635,5.465072475019026,0,200,-5.51236212815,-12.817059500000001,19.593248000000006,6.499561617495796,-7.13442165,42.244301219624546,0,200,R
6.941733455500003,-9.770438,19.53878,4.108947749502914,7.448660849999999,16.883451608145062,0,200,-3.9956652593499986,-18.609679999999997,2.6101289,2.7285388778673867,-3.477129,7.444924408033817,0,200,-4.884147554250002,-13.599963,19.593248000000006,6.605427741065526,-6.7190280000000016,43.63167564243801,0,200,R
6.630143056819999,-7.670723,13.362339000000002,3.280479768660618,7.1625535000000005,10.761547512591623,0,200,-4.017536312709998,-14.5706625,2.7370214,2.9652809253665766,-3.53459,8.79289096634286,0,200,-6.266978623900004,-17.87122,19.593248000000006,7.7983298986559975,-7.941267700000001,60.813949208272035,0,200,R
6.260077275600004,-9.090485000000001,19.53878,4.052387883416177,6.631040799999999,16.421847557658243,0,200,-3.9081332231250014,-19.971981,10.408044,4.118777030161203,-3.2796074999999996,16.964324224183542,0,200,-7.017366289149996,-19.632753,19.593248000000006,6.3653376623866365,-7.6204445000000005,40.51752355619777,0,200,R
5.349577335649997,-19.687222,19.53878,4.629941747608537,6.123469999999998,21.436360586248398,0,200,-4.538718080949999,-19.971981,14.214825,3.8652744618049937,-4.378546,14.940346665081886,0,200,-6.923878700250001,-19.632753,19.593248000000006,6.853866068964886,-7.4085578499999984,46.975480091308185,0,200,R
6.079488638500003,-8.851065,17.865833,3.79303534628232,5.990592000000001,14.387117138147035,0,200,-4.702816668149998,-15.214703,9.292346,2.8578117242934056,-4.750844150000002,8.167087851508848,0,200,-6.968512586075003,-19.632753,19.593248000000006,5.222615860369858,-7.573757700000002,27.27571642498681,0,200,R
6.718135991000004,-12.463915,19.53878,4.5169793201107264,6.9913683,20.403102178307964,0,200,-4.863922512100001,-17.455675,2.2845173,3.3756871377303685,-4.2049663,11.395263651838247,0,200,-5.745832743900001,-19.106627,19.593248000000006,6.871228328798322,-7.153575150000001,47.2137787464806,0,200,R
6.799227562650003,-10.251673,19.53878,4.578019836309805,7.373243499999999,20.958265621646053,0,200,-4.6137643386699985,-15.142876999999999,1.5231611999999999,2.362530882459781,-4.4491752,5.581552170576191,0,200,-4.974121650369995,-13.576020999999999,19.593248000000006,6.325976194093572,-6.468833700000001,40.0179748082386,0,200,R
7.947765004400005,-19.687222,19.53878,4.7214373953075865,8.478168,22.29197107780888,0,200,-3.101143598498,-19.971981,9.002647,4.218319549979065,-2.4105122000000003,17.794219825735585,0,200,-2.881900621019998,-12.941558,19.593248000000006,6.965327170436803,-5.19272415,48.51578259122515,0,200,R
8.766055270500006,-7.1080856,19.53878,3.921659877140296,8.936657,15.37941619197204,0,200,-2.4911967832500004,-15.291317000000001,2.1935377000000003,2.1209292258942494,-2.1938369,4.49834078125238,0,200,-3.9221572649282006,-10.664672,19.593248000000006,4.353587192309973,-5.1280806000000005,18.953721441045435,0,200,R
8.209131051500004,-13.141473999999999,19.53878,4.951993979170832,8.670900750000001,24.522244369744172,0,200,-2.151746878075001,-19.971981,9.948357000000001,3.3943138567158693,-1.8897734,11.52136655789336,0,200,-5.0581611094499985,-19.632753,19.593248000000006,5.641619587242402,-6.21265435,31.827871567157136,0,200,R
2.906908018839998,-9.76565,10.932224,3.529862451142221,3.44675255,12.45992892398377,0,200,-6.396247510449992,-16.893038,12.598739,3.933870827868655,-6.5105828,15.475339690356016,0,200,4.293689501265,-8.119636,15.585354999999998,4.548727070389509,4.09199,20.690917960894325,0,200,S
0.2325368246699991,-11.123161999999999,8.861239,4.991514567751006,1.777994,24.91521768007051,0,200,-7.126048086650001,-18.758121,4.45127,3.9775984309549113,-7.3258083,15.821289277934971,0,200,1.4658170732949996,-19.632753,12.994829,5.050137173017737,1.7420810000000002,25.503885466295586,0,200,S
0.023834277295001104,-11.994651,12.914622999999999,5.368367922822054,1.64751005,28.819374154784786,0,200,-7.219745154850003,-19.971981,6.802376,3.757190278449968,-7.218069100000001,14.116478788478949,0,200,-0.3790260742199999,-14.200907999999998,13.801675,4.740784043216121,-0.31214404,22.47503334441259,0,200,S
-0.7654741619000001,-14.094366,10.163686,5.3850246546937806,0.8861538999999999,28.99849053165987,0,200,-7.487381024500006,-17.884237,3.383456,3.1470667237560006,-7.417985250000001,9.904028963772328,0,200,1.6919703680599998,-11.880927,14.845547,4.281552895209408,1.64990425,18.331695194476065,0,200,S
-0.1952112362300001,-15.435119,9.581895,5.398004446737262,0.345064325,29.138452006995248,0,200,-7.440107478799996,-18.3128,5.7178025,3.857810243911704,-7.43594175,14.882699878030074,0,200,1.5789640594675014,-11.315895,16.593313000000002,4.3578502289322945,1.3075333999999998,18.990858617805255,0,200,S
0.008008605164999183,-11.204564999999999,14.494797,5.451205255330554,1.4787188999999998,29.71563873574345,0,200,-7.566126310694001,-19.971981,4.0777745,3.896866643485893,-7.370101150000001,15.18556963711301,0,200,1.2444820978549989,-12.240057,13.892654,4.255295469920898,1.4116812,18.107539536329316,0,200,S
0.9015246818450008,-9.938032000000002,10.453383,4.84971982007958,1.91925195,23.519782333272705,0,200,-8.143140859800006,-19.971981,6.5605617,3.403207763345025,-7.804648299999998,11.58182308049185,0,200,1.3249751401524998,-12.290335,18.779220000000002,4.392348825940235,1.36978265,19.29272820873856,0,200,S
-0.3521272282100004,-12.327444999999999,11.461343,5.630886345720077,1.45118555,31.70688103841681,0,200,-6.6935953908000005,-19.971981,3.5055601999999997,4.169848869348234,-6.7416228500000015,17.38763959320475,0,200,2.912366817124998,-15.840937,11.704353999999999,3.8253132209257115,3.1929672000000004,14.633021238189038,0,200,S
0.4342483342000001,-12.126332000000001,14.408605999999999,5.521901745207505,2.3023242,30.49139888372569,0,200,-7.514495330400001,-19.971981,14.892384,4.206900157431156,-7.581987849999999,17.698008934594284,0,200,1.5228200165749994,-14.720448999999999,12.839205999999999,3.748670227143547,1.7097592,14.05252847187245,0,200,S
-1.2501084758850012,-14.573207,10.185233,5.321697954262054,0.24929625,28.32046911639693,0,200,-7.83950822645,-19.971981,10.580426,3.967302737015898,-8.011747,15.739491007133836,0,200,0.09800964739499997,-19.632753,15.355512,3.801817691904873,-0.29179333,14.453817762480895,0,200,S
-1.4818312919750003,-11.704953,9.605837,4.9596485080305515,-1.5391723999999998,24.59811332320967,0,200,-7.129040781449999,-19.971981,5.2222029999999995,4.3395890214303,-7.3042605,18.832032874918387,0,200,-0.2901293666614997,-13.300689000000002,11.189601,5.025580052685671,-0.31214404,25.256454865952104,0,200,S
-1.4581167246400009,-12.772767,12.167632000000001,4.696654830463035,-0.44861355,22.05856659651176,0,200,-7.453431174350003,-19.971981,9.687389,4.049025277460837,-7.4622778999999975,16.394605697516813,0,200,0.1926554218049998,-19.632753,19.593248000000006,5.235777422480762,0.26964696,27.413365217759285,0,200,S
-1.6026427434350012,-12.030564,9.651326,5.570836901286079,-1.03160165,31.03422378073067,0,200,-7.3822515717499995,-19.971981,2.9453169999999997,3.8719000981927447,-7.431153249999999,14.991610370384992,0,200,1.888570239095,-11.66066,12.063483999999999,3.4758314608850207,1.8031331000000002,12.081404344478099,0,200,S
-1.6669749191749998,-11.930008,10.637737,5.298537138467452,-2.53994865,28.07449580771885,0,200,-7.564474349949998,-19.39019,6.316352999999999,3.4982991298781294,-7.687332700000002,12.238096802106075,0,200,1.663646948004999,-10.106823,10.533589,3.9382408135388838,1.4284406,15.509740705423413,0,200,S
-0.10064028292999998,-13.174992999999999,6.852504700000001,4.412759483169741,1.0489596,19.472446256304483,0,200,-7.987625514375,-18.604893,2.7489924,3.0685170606720686,-8.011747,9.415796951635556,0,200,0.5736866342749996,-11.114782,13.543101,3.919515043398195,0.78679454,15.362598175424758,0,200,S
-0.3214814530335005,-11.187805,8.418312,5.5720834840772255,1.3015478999999999,31.04811435352619,0,200,-6.7147721061500025,-19.971981,2.4760535,3.731226663646269,-6.0951887000000005,13.922052415504869,0,200,2.388754881075001,-18.797775,17.390583,4.7474717500098285,3.000234,22.538488017141372,0,200,S
-1.7744266890250002,-15.303438,9.557953,5.180593245142019,-0.9837176,26.838546371611105,0,200,-7.173225850099994,-17.474829,2.9237692,3.490520437049955,-7.524527,12.183732921463408,0,200,1.281065510745001,-19.286192,15.149610500000001,4.550481449167759,0.83228437,20.706881419219908,0,200,S
-1.0351690385900003,-15.471032000000001,7.769483599999999,4.934786805730068,-0.48572366,24.352120818007577,0,200,-7.8662634076000035,-19.971981,0.98446584,3.27362656291793,-7.789086200000001,10.716630873441863,0,200,1.6257018446475002,-19.632753,10.370784,4.191855995079604,1.5230116000000002,17.571656683484814,0,200,S
