x_accel_mean,x_accel_min,x_accel_max,x_accel_std,x_accel_median,x_accel_variance,x_accel_zero_crossing,x_accel_mean_crossing,y_accel_mean,y_accel_min,y_accel_max,y_accel_std,y_accel_median,y_accel_variance,y_accel_zero_crossing,y_accel_mean_crossing,z_accel_mean,z_accel_min,z_accel_max,z_accel_std,z_accel_median,z_accel_variance,z_accel_zero_crossing,z_accel_mean_crossing,Activity_ID
-1.1723091956834997,-8.082993,3.6513977,2.0014601096171183,-0.8880844000000001,4.005842570388569,0,200,9.570638752999999,1.6477356,18.787323,4.01692738563109,9.11714925,16.13570562143302,0,200,0.4068542483765002,-9.686492999999999,8.261764999999999,2.2655836492735717,0.197776795,5.132869271855756,0,200,A
-1.5049712372149997,-8.181854,3.6415862999999997,2.2858376660513597,-1.2846679500000002,5.22505383553913,0,200,9.565831440499998,1.2228546,18.672226000000002,4.082519219631958,9.702438,16.666963178664336,0,200,0.4321316487000001,-7.444763000000001,8.010345,2.2399635186203635,0.29432678,5.0174365647501205,0,200,A
-1.6865999596350003,-8.815857000000003,5.3017273000000005,2.214539912752902,-1.47018435,4.904187025175631,0,200,9.3859225525,1.3636627000000001,18.914047,3.818135152122123,9.2657165,14.578156039870635,0,200,0.4749744406400002,-6.078949,6.885635400000001,2.265545042552727,0.27378082,5.132694339835238,0,200,A
-1.7466118612804993,-6.785095,2.598297,2.009269728128569,-1.4489288,4.037164840373856,0,200,9.542974136749999,0.96232605,18.967987,4.017430225851332,9.4227295,16.13974561958388,0,200,0.4959729004150002,-6.0628967000000005,7.270691,2.1889697789885005,0.20032501,4.7915886933249645,0,200,A
-1.0770784779329998,-6.7518463,3.9942017,1.8648861578889244,-0.8730392499999999,3.4778003818857144,0,200,9.637107158500001,2.0621185,19.243439000000002,3.6354728923410673,9.867714,13.216663150946724,0,200,0.6199379676599999,-5.2469025,7.636429,1.988883846081904,0.44702148,3.955658953205545,0,200,A
-1.5925364667950008,-9.943893,3.5868683,2.1790044489768428,-1.2315521,4.748060388660874,0,200,9.559481440999997,1.6323546999999998,18.939636,3.8947227925264367,9.531532,15.168865630624929,0,200,0.29367057839499994,-5.900894,7.306075999999999,2.1977022984880654,0.17669678,4.829895392779727,0,200,A
-1.826591867365,-7.92305,3.9610138,2.068967310658485,-1.4120865,4.280625732573403,0,200,9.573652855500002,1.2073822,19.022385,3.9576828868710674,9.7355805,15.663253833032105,0,200,0.287646631915,-5.905182,8.57135,2.14822798395504,0.06085968,4.614883471047535,0,200,A
-1.8983733357900003,-8.48468,1.5591431,1.985188348278465,-1.4985198999999998,3.94097277814058,0,200,9.544644229999998,1.2224579,18.004196,3.608260286799872,9.6806715,13.019542297297091,0,200,0.37289871031800004,-6.2315062999999995,8.677124000000001,2.2589318970077144,0.119918825,5.1027733153188715,0,200,A
-1.9046065540200003,-7.174591,3.149109,1.848668934961773,-1.8650894,3.4175768310926964,0,200,9.544426484999997,1.7180023000000002,19.412567000000006,3.752695068051014,9.47348775,14.082720273774402,0,200,0.39363624628,-5.422989,6.7615967,2.1098768760131206,0.24001312,4.451580431934887,0,200,A
-1.9254102290900001,-10.05722,4.3081207,2.144065135532156,-1.65761565,4.597015305404521,0,200,9.592774429,1.6655426,18.844832999999998,3.459027342225557,9.73172775,11.964870154264007,0,200,0.43441757593,-5.0119934,5.921707,1.9105481207023327,0.23754883,3.650194121519217,0,200,A
-1.9804699730950008,-8.009933,2.534912,1.7897530378607087,-1.72213745,3.2032159365316355,0,200,9.567195879500002,2.752548200000001,18.132385,3.358481665642826,9.572441,11.27939909845901,0,200,0.5783193171900001,-5.597946,8.667648,2.012412410664843,0.5303420999999999,4.049803710597884,0,200,A
-2.0271201328899995,-7.8818207,1.6097412,1.9491817291067677,-1.7700195,3.799309413083648,0,200,9.551808151,1.7512665,17.944244,3.4199711370024195,9.488304,11.696202577929624,0,200,0.4254800433160003,-5.5759125,6.782608,2.0227335637815065,0.344245915,4.091451070048234,0,200,A
-2.1263706110784995,-8.365875,1.6293182,1.9686344471129131,-1.9276962,3.875521586359565,0,200,9.509894012500002,1.8208923,18.380142000000006,3.5648943416151355,9.203453,12.708471666879609,0,200,0.4354869116050001,-4.6762084999999995,7.750885,2.07149726884372,0.292930605,4.291100934826991,0,200,A
-2.0549028774544986,-7.3587494000000016,1.6061096000000001,1.8054251427196009,-1.88520815,3.2595599459640923,0,200,9.6629544925,3.2827759,18.638123,3.3924847748499416,9.429062,11.508952947588662,0,200,0.3889939887989999,-5.435852,7.015640299999999,2.118414261054164,0.26200867,4.48767898143766,0,200,A
-2.150131304751001,-8.102921,1.1729279,1.8354592859218872,-1.6983566,3.368910790276884,0,200,9.555715834499996,2.721634,19.457932,3.5189093314782407,9.433235,12.38272288316464,0,200,0.3944612863775,-5.725937,6.831786999999999,2.063009062072928,0.32808685000000004,4.256006390195022,0,200,A
-2.186515429655,-10.639038000000001,2.575119,2.1859468118811547,-1.6113815,4.778363464373385,0,200,9.526956252999993,2.2653046000000003,17.465439,3.390589121529793,9.514206,11.496094591036176,0,200,0.32053688244249995,-5.6186370000000005,7.3290863,2.0045464718589168,0.17919922,4.018206557842033,0,200,A
-2.3572942345050003,-8.776825,2.9116364,1.9910280580410693,-2.10144805,3.964192727906792,0,200,9.528667142000002,1.6804047,19.494522,3.5680261769090134,9.6290745,12.730810799107951,0,200,0.32858505345000016,-4.242706299999999,7.3927917,1.9334752773340675,0.240707395,3.7383266480620487,0,200,A
-2.2870486849425293,-7.4485016,1.4588927999999999,1.8040620090985733,-1.87137605,3.2546397326727794,0,174,9.491355720114939,2.5722504,19.076629999999998,3.214591129357143,9.2001955,10.333596128941632,0,174,0.4070040806781608,-4.814499,7.0010834000000015,1.8014797582245516,0.512145995,3.2453293192927903,0,174,A
-1.72969825978,-18.615417,6.010147,3.7939746331675903,-1.56200405,14.394243517119152,0,200,8.208206958380003,-6.5691070000000025,19.613052,7.874267444377204,8.953934,62.0040877855787,0,200,-0.9669503017100004,-10.198944000000001,14.020706,3.4265143393940813,-0.88654328,11.74100051807326,0,200,B
-1.2449375851400002,-16.669891,8.13707,3.3109881783786026,-1.27217105,10.962642717362856,0,200,8.458859109680002,-7.869919,19.613052,7.679906805675027,10.28514875,58.980968543853606,0,200,-0.9410610969100002,-12.58371,10.594086,3.4293497019596173,-1.1101685,11.760439378330517,0,200,B
-1.1834979277225,-13.442169,6.866089,3.025543499491435,-1.15066525,9.153913467314881,0,200,8.778330923400004,-7.2772827000000015,19.613052,7.639318078552232,10.809517,58.35918070529498,0,200,-1.2795965519499994,-11.131530999999999,10.636002000000001,3.437611933067973,-1.2864685000000002,11.817175802371324,0,200,B
-0.8958688343249993,-9.656738,6.79747,2.7575530922098053,-1.0480652,7.6040990563558575,0,200,8.828669368365002,-7.447174,19.52652,7.3000552114710935,10.141815,53.29080609052629,0,200,-1.0893421176050002,-8.866516,10.799515,3.3054818081852733,-1.2079239,10.926209984243783,0,200,B
-1.3007354023299995,-16.051560000000002,6.4621277,3.577484420907913,-1.1891937,12.79839478183883,0,200,8.583230892900005,-7.458923299999999,19.484482,7.557774885613631,10.3052825,57.11996122161213,0,200,-1.2618298275549995,-12.949722,7.278136999999999,3.372570716149248,-1.38243865,11.374233235427454,0,200,B
-1.057331548695,-11.577667,7.574432400000001,3.0950921030716683,-1.26877595,9.5795951264966,0,200,8.452232731422999,-9.034088,19.613052,7.742190599435379,9.280731,59.94151527798554,0,200,-1.4127910685100002,-15.616547,9.751755000000001,3.7394765412210607,-1.56115725,13.983684802342625,0,200,B
-0.9495050832499996,-12.296631,6.6459350000000015,3.279860245487411,-1.22660825,10.75748322992874,0,200,8.250496725415001,-8.153549,19.613052,7.7016540191639296,9.028587,59.3154746309039,0,200,-1.4242600230000004,-14.491852,8.370650999999999,3.9071551883563393,-1.5636978,15.265861665899859,0,200,B
-0.8137324497199994,-13.271988,7.613144,3.1853953503790877,-1.05213925,10.146743538216711,0,200,8.737734205539999,-6.543915,19.613052,7.550787100726332,10.875267,57.01438584049516,0,200,-1.5500744612850008,-15.609741,8.305893,3.5784433091403294,-1.5861435,12.805256516731188,0,200,B
-0.9170178237350002,-14.686020000000001,7.53183,3.1985842311162265,-0.96080015,10.230941083545384,0,200,8.504530626085002,-8.189300999999999,19.613052,7.605986911104642,9.8274155,57.85103689189515,0,200,-1.31502274275,-15.883408,9.800186,4.034724144483151,-1.36511995,16.278998922075296,0,200,B
-1.042163009485,-18.37706,7.7766266,3.3167940764725685,-1.00109098,11.00112294572352,0,200,8.119944222435004,-8.250153,19.613052,7.578685794099901,8.330871499999999,57.436478365691656,0,200,-1.4666889150249984,-11.427902,10.580703999999999,3.9362443470647,-1.90426635,15.494019559798806,0,200,B
-1.2071553725000002,-15.513335999999999,9.458160000000001,3.65205688093435,-1.333107,13.33751946157993,0,200,8.18544061492,-9.48381,19.613052,7.621359212638429,9.617882,58.085116248068644,0,200,-1.1008310668604993,-12.211746,14.515213000000001,4.0431767936139735,-1.30412295,16.347278584418582,0,200,B
-1.2393669073100002,-19.566513,8.015396,4.330113586841083,-1.19141385,18.74988367494575,0,200,8.34389879035,-6.052307,19.613052,7.635703128732812,10.091865499999999,58.30396227014007,0,200,-0.9516201880899992,-11.928696,15.086761,4.273293905465589,-1.1294098,18.261040802489358,0,200,B
-0.7417901577399999,-19.11052,14.439132999999998,3.7658878996864487,-1.0525589000000002,14.181911673004814,0,200,8.546462553189999,-7.7817690000000015,19.613052,7.802729480750414,9.685684,60.88258734977161,0,200,-1.7035607927469998,-14.209137,15.048737,4.201847860591951,-1.4626541000000002,17.655525443561167,0,200,B
-0.9458204612400006,-12.014801,6.9900512999999975,3.051593322367152,-1.1311417,9.312221805115788,0,200,8.041520389859228,-8.414581,19.613052,7.550955090980474,8.768020499999999,57.01692278600393,0,200,-1.6890815666299999,-15.742813,5.304291,3.9630297146472437,-1.77561185,15.705604519177015,0,200,B
-1.1230024789449995,-18.921494,8.172089,3.9772020415971183,-1.0746918,15.818136079684296,0,200,8.196522353216496,-8.539047,19.613052,7.69749794848066,9.18608075,59.25147466686398,0,200,-1.3218653133350002,-16.434647000000002,18.304610999999998,4.394293580066281,-1.4534531000000002,19.309816067811727,0,200,B
-1.0747180262499998,-19.018066,8.294708,3.9506270824263674,-1.13624575,15.607454344400663,0,200,8.322540052005003,-7.629226700000001,19.613052,7.713220334326483,9.925148,59.493767925867516,0,200,-1.213527836939999,-17.290695,16.258163,4.647978923363403,-1.2245559999999998,21.60370807203041,0,200,B
-0.926013342335,-17.275864000000002,11.395874000000001,4.024009578259991,-0.86612703,16.19265308592816,0,200,8.207848729999998,-8.705719,19.613052,7.660445752646313,10.1540985,58.68242912923694,0,200,-0.8899666650795001,-12.501053,17.7975,4.5014032069397905,-1.48138425,20.262630831447822,0,200,B
-0.8559170206104653,-19.438323999999998,8.766967999999999,4.097713322338886,-0.8760452300000001,16.79125447207359,0,172,8.624215331802322,-8.539474499999999,19.613052,7.628564223281761,10.320862,58.19499210873445,0,172,-1.570771145122093,-17.244583,10.948441,4.610114298428057,-1.3675155499999998,21.253153844570814,0,172,B
-1.7487311511630004,-5.1993103,1.5085753999999998,1.406683614745632,-1.61782075,1.9787587919938383,0,200,9.601395722000001,5.7321167,16.507735999999998,2.3180766605317595,9.260558999999999,5.373479404102075,0,200,-1.1383675382185003,-5.3423767,2.3802338,1.5078644010329851,-1.06949615,2.273655051902563,0,200,C
-1.5186203755649998,-11.571808,2.1606598,1.6744819492424028,-1.31588745,2.803889798338637,0,200,9.448686150500004,2.7926636,19.529572,4.030619114705547,8.151504500000001,16.24589044782973,0,200,0.5023130798095,-8.070999,7.1718597000000015,1.7115172781901855,0.5497360500000001,2.9292913935435405,0,200,C
-2.091074449095,-5.796402,2.3917694,1.5151784719600552,-2.1394347999999996,2.2957658018912075,0,200,9.676672504499995,4.7939453,19.267104999999997,2.576614602180633,9.463234,6.638942808170463,0,200,-1.584841535845001,-5.6406555,2.2247772,1.4183452688284703,-1.55487825,2.011703301608106,0,200,C
-1.6425885009674994,-5.5906067,1.1573639,1.2752485823202486,-1.5186691,1.626258946709804,0,200,9.508999615,3.6463928,19.521179999999998,3.252315245773898,9.0158765,10.57755445789333,0,200,-0.6225074026249999,-5.2200623,3.7233582000000003,1.5683676105953472,-0.56840515,2.4597769619645584,0,200,C
-1.77910331901,-5.9843445,2.5353546000000002,1.5858291326796017,-1.6271514999999999,2.514854038055337,0,200,9.592035506,2.9741364,19.613052,3.4485033816723125,9.130371,11.892175573405375,0,200,-0.6501058949249999,-5.297333,6.969803,1.7557355070838905,-0.67118073,3.0826071708351264,0,200,C
-1.8708813437599991,-7.287491,1.4950867,1.5141426399400661,-1.6896286000000005,2.292627934084672,0,200,9.496310622499996,3.6555786,19.437454000000002,2.5953348012008233,9.1055985,6.735762730324116,0,200,-1.6933214591399997,-5.8851624000000005,2.7983703999999996,1.5371760284535103,-1.4680786,2.3629101424521077,0,200,C
-1.5077589405350005,-6.066467299999999,4.3938904,1.639017954900262,-1.5349045,2.6863798564854378,0,200,9.564612754,2.8834229,19.491486,4.1510295219931015,8.753082000000001,17.231046092458275,0,200,0.1044297794973,-5.944916,5.2813263,1.688263468589067,0.12957001,2.8502335393723874,0,200,C
-2.2452009623299998,-8.4263,1.1613921999999999,1.565707959022673,-2.0463409500000003,2.4514414129469437,0,200,9.5563693375,4.377182,15.068007999999999,2.4282561916754606,9.0049055,5.896428132410213,0,200,-1.9811424958735,-5.7197113,1.8865662,1.5032952206618595,-1.70589445,2.2598965204647903,0,200,C
-1.3785764299850003,-7.2884827,3.6458587999999996,1.4476551212393691,-1.3821106,2.0957053500505736,0,200,9.587156299000002,3.7113495000000003,19.32309,3.2908266366779197,8.7717435,10.829539952668913,0,200,-0.6698354311400013,-6.4758910000000025,4.518341,1.9288774496263776,-0.35394287,3.7205682156771602,0,200,C
-2.0586535643499992,-7.776153599999999,2.7403717,1.5656233085004618,-1.85378265,2.4511763441199323,0,200,9.590506002999996,2.4891052000000005,19.37996,3.001594144583545,9.211319,9.00956740879822,0,200,-1.0785363789500004,-6.5433655,2.814804,1.7177216532257968,-1.1252365000000002,2.9505676779607657,0,200,C
-1.7851759311799995,-6.418579,2.2023162999999997,1.4569915694014846,-1.66616825,2.122824433307001,0,200,9.476122179500004,3.9282837,19.055236999999998,2.602898012851558,8.891700999999998,6.775078065306594,0,200,-1.7320396415225003,-9.491287,3.6889038,1.8643760331550048,-1.73033905,3.475897993002792,0,200,C
-1.6973766318,-6.653320299999999,1.7739105,1.512999663523891,-1.5413437,2.2891679818234074,0,200,9.617403853000004,3.371872,19.293411,3.5853721437372403,8.7734985,12.854893409086973,0,200,-0.23781150857500005,-9.252274,2.9256287,1.5257101753735396,-0.1085815425,2.327791539238357,0,200,C
-2.3313906092,-6.978225699999999,0.4805603,1.3531594264986635,-2.1100998,1.831040433522192,0,200,9.4875927155,5.080719,16.848831,2.373837806126782,8.6522905,5.635105929796818,0,200,-2.311349188095001,-6.3871459999999995,1.3336945,1.3537465067135634,-2.11911775,1.8326296044391763,0,200,C
-1.3327303333600002,-6.5729675,5.8697968000000005,1.4707061927821117,-1.3432999,2.1629767054876536,0,200,9.512723487000006,3.6508635999999997,19.330597,3.227225157888506,8.771988,10.414982219708493,0,200,-0.5344275629549988,-6.276367,2.7460937999999997,1.7112617432573032,-0.26529693,2.9284167539360237,0,200,C
-1.9881897700599989,-7.1508636,3.2377777,1.7457678455223224,-1.84841915,3.0477053704596515,0,200,9.654334758500001,4.1529083,19.197083,3.1823398163033847,8.951149000000003,10.127286706429864,0,200,-0.9496041098349997,-5.950409,3.3792877,1.7842531326638496,-0.85220338,3.1835592414207614,0,200,C
-1.9513881673699995,-6.818405,1.1199036,1.400396457337972,-1.66541295,1.9611102377247425,0,200,9.390342483,3.8980407999999995,18.523438,2.6889549984081698,8.8442685,7.230478983464279,0,200,-1.6458406843399993,-8.328247,6.1511383,1.8086935520683327,-1.6800842500000002,3.271372365293564,0,200,C
-1.6546502682699993,-9.335632,4.3437195,1.8395061134968809,-1.6091385,3.3837827415923987,0,200,9.618817984000003,3.7113037,19.563370000000006,3.852703079977893,8.72431175,14.843321022471144,0,200,-0.4597956866665,-9.211089999999999,5.0278015,1.9480301993793592,-0.1135025025,3.7948216576939853,0,200,C
-2.1606784843352616,-5.75885,1.2545624,1.3920304245741997,-2.0941925,1.9377487029402265,0,173,9.491659019653179,5.186905,15.569564999999999,2.263977585649623,8.801865,5.125594508323896,0,173,-2.3376254981213864,-7.0750427,-0.09159851,1.4120709502698252,-2.050705,1.9939443685959268,0,173,C
3.9575055659999983,2.6274414,4.4888916,0.2728538487929104,4.0390853500000015,0.07444922280110443,0,200,4.734214625000002,4.0736847,5.965423599999999,0.3228070778014936,4.6348723,0.10420440947873956,0,200,6.8115142005,5.9593352999999984,7.4029694,0.17859699198865495,6.82904055,0.031896885547395684,0,200,D
4.1248605285,3.9818726000000004,4.252578700000001,0.04640177268332769,4.122222899999999,0.002153124508155216,0,200,4.6562690725000015,4.534317,4.7797089999999995,0.0419159518318617,4.65371705,0.0017569470179709498,0,200,6.774352576999997,6.620407000000001,6.8804474,0.05347076918172768,6.7783890000000016,0.002859123156885599,0,200,D
4.161755148000002,3.5560303,5.207489,0.14554900887498526,4.14440155,0.02118451398449054,0,200,4.596340703,3.2852324999999998,5.1018370000000015,0.20367220115469345,4.64722445,0.041482365523197895,0,200,6.782705385499997,6.4263,7.474319500000001,0.1116278021430588,6.768272500000001,0.012460766211289886,0,200,D
4.413240279,4.283493,4.547699,0.044607608664400944,4.4153364999999996,0.001989838750756338,0,200,4.1560379745,4.038864,4.2545470000000005,0.047298662534881915,4.15571585,0.0022371634775886413,0,200,6.887565379499997,6.751189999999999,7.029831,0.05156068399257359,6.8899765,0.0026585041337820344,0,200,D
4.4228312800000005,4.293121299999999,4.5163269999999995,0.03437803918243515,4.41893015,0.0011818495780290465,0,200,4.172211463499998,4.058853,4.25885,0.03903998995209163,4.16653445,0.0015241208154594158,0,200,6.872174989000001,6.74765,6.9902496,0.04658138304730533,6.873283400000001,0.002169825246599784,0,200,D
4.4200966715000005,4.335678,4.4981537000000005,0.03525448862037375,4.4140396499999985,0.0012428789678840626,0,200,4.161022328499999,4.0841064,4.268036,0.03713369811869255,4.15647885,0.0013789115359701903,0,200,6.878766557499996,6.7396392999999994,6.976822,0.04973103380078804,6.8877182,0.002473175722895123,0,200,D
4.431250692500004,4.3611603,4.5177307,0.03583756164773725,4.42799385,0.0012843308248553678,0,200,4.169314188,4.0835114,4.2538605,0.03846190704707377,4.1707458000000015,0.0014793182936977429,0,200,6.862570426000006,6.7261505,6.971039,0.04775714761086616,6.866028,0.00228074514792606,0,200,D
4.429853581500001,4.3392029999999995,4.5676575,0.037587205398815805,4.4238585,0.001412798009692768,0,200,4.173450165500003,4.0840760000000005,4.263794,0.038049441662395767,4.1707839,0.0014477600108200588,0,200,6.867596971499996,6.735763499999999,6.961014,0.043493041825189406,6.8676223,0.0018916446872076754,0,200,D
4.423978730500002,4.3525696,4.517975,0.032550070712961794,4.4179075,0.0010595071034188131,0,200,4.166378259499998,4.0892487,4.261322,0.03755858912079674,4.1603927,0.0014106476167448318,0,200,6.869585113500003,6.7626342999999975,6.986313000000001,0.04481188240686962,6.871742149999998,0.0020081048048471105,0,200,D
4.412560803999999,4.3402405,4.485626,0.03276885827501047,4.40927125,0.001073798072647722,0,200,4.1695288764999985,4.0842743,4.2687836,0.03663668564787624,4.16397855,0.0013422467352613007,0,200,6.8738054685000005,6.7578583,6.9627686,0.04518124877627424,6.88053135,0.0020413452409835824,0,200,D
4.417801131,4.341034,4.5016937000000015,0.03401234742743083,4.41653435,0.0011568397775242607,0,200,4.168710011000002,4.0659027000000005,4.2733307,0.03765808321941499,4.16463465,0.0014181312317603845,0,200,6.874394755999999,6.7234497000000015,7.009460400000001,0.04567020286908613,6.88106535,0.002085767430103483,0,200,D
4.4229186075,4.354904,4.489868,0.02840779251386048,4.4198455,0.0008070026755105474,0,200,4.166303405000002,4.103256,4.25531,0.02830387475929088,4.16265875,0.0008011093263896233,0,200,6.873742829499997,6.7842865,6.964859,0.0353013862699737,6.8727874999999985,0.0012461878725818876,0,200,D
4.305170824500005,2.8490752999999995,4.6877900000000015,0.3035668733069607,4.4099045,0.09215284656936433,0,200,4.3601204670000016,4.1018066,6.1359863,0.4156244695217878,4.17604075,0.1727436996652675,0,200,6.821940390999999,5.8939667,7.3978577,0.19109794467323496,6.869857799999999,0.03651842445833477,0,200,D
4.327188877500001,3.240509,4.890793,0.15883330562018766,4.3438567500000005,0.02522801897423593,0,200,4.3536136725,3.5365599999999997,5.085541,0.13021548858527504,4.3424605000000005,0.016956073467501897,0,200,6.824352948499997,6.085083,7.340332000000001,0.1062095899415744,6.820945749999999,0.011280476995557379,0,200,D
4.355745391500002,4.2615050000000005,4.4529724,0.03201826045477837,4.35720815,0.0010251690025500242,0,200,4.3232814115,4.2081300000000015,4.4311066,0.0376551312011069,4.324424700000001,0.0014179089057725744,0,200,6.823461624499997,6.7179413,6.951461999999999,0.04240095971796952,6.826080499999999,0.0017978413850048734,0,200,D
4.366945113499998,4.278396599999999,4.4296417,0.02696824062435916,4.366455,0.0007272860023733357,0,200,4.329889381999998,4.2496339999999995,4.418075599999999,0.032678428115484236,4.327148449999998,0.0010678796640988706,0,200,6.811783358000003,6.6952972000000015,6.910537700000001,0.03909356351764922,6.8143158999999995,0.0015283067085084742,0,200,D
4.365057139500003,4.2792053,4.4310913,0.027977383982080863,4.3634033500000005,0.0007827340144807949,0,200,4.3376233750000015,4.276260400000001,4.412033,0.03161880509038238,4.3333129999999995,0.000999748835343591,0,200,6.8094491449999985,6.717544599999999,6.9167633,0.038337140056790224,6.81186685,0.0014697363077339498,0,200,D
4.367319252906979,4.2897186,4.478073,0.028929489381166417,4.36366275,0.0008369153558550205,0,172,4.336980424418605,4.277893,4.4262543,0.03370993608996576,4.328911,0.001136359791189576,0,172,6.807271380232558,6.679717999999999,6.919861,0.043629366995146274,6.811279300000002,0.0019035216643971586,0,172,D
-2.2382353994999997,-2.3913727000000002,-2.1007689999999997,0.05749288126275213,-2.2320709,0.003305431395892915,0,200,9.5195392625,9.448761,9.598175,0.025246374258063968,9.519226,0.000637379413178235,0,200,0.6716059114999999,0.45195007,0.8638458000000001,0.06978759172505801,0.66834258,0.004870307958783384,0,200,E
-2.272410583,-2.3954772999999996,-2.1614532000000004,0.04874746817861041,-2.2722702000000004,0.0023763156538246346,0,200,9.517325305000004,9.445084,9.566238,0.025095168063396654,9.5185015,0.0006297674601301234,0,200,0.6382572182499995,0.46646118,0.8635254000000001,0.06742036732946266,0.63586425,0.004545505930839675,0,200,E
-2.310321508000001,-2.4509583,-2.0056152,0.06495541353700438,-2.3126679,0.0042192057477632525,0,200,9.510647045000002,9.396484,9.617233,0.028928480492909,9.5089875,0.0008368569836286168,0,200,0.6155442052000001,0.4714508,0.82177734,0.05787933560676264,0.6185760499999999,0.003350017490280261,0,200,E
-2.2898503905000003,-2.5510712000000004,-1.8960113999999997,0.07684241033128035,-2.29833985,0.00590475602552086,0,200,9.511937715000002,9.402466,9.6285095,0.034556860762045734,9.508026,0.0011941766257274158,0,200,0.6458967583999997,0.43780518,0.82110596,0.1003583015439418,0.655212405,0.01007178868878475,0,200,E
-2.2081333935000003,-2.3854827999999997,-2.0319366000000003,0.051248610465030056,-2.20999145,0.0026264200745963885,0,200,9.519510585,9.454239,9.593552,0.02411072991341333,9.51895125,0.0005813272969575644,0,200,0.7104660019500004,0.37742615,0.91166687,0.11700939520431845,0.735969545,0.013691198566080377,0,200,E
-2.195054472,-2.3566437000000002,-2.1146088,0.0372387374305389,-2.19050595,0.0013867235654206195,0,200,9.504372695000004,9.357483,9.576675,0.03358686451668693,9.51119225,0.0011280774680622835,0,200,0.8124493394499994,0.6621399,1.2183838,0.11236469976916807,0.783294675,0.012625825754215279,0,200,E
-2.2770398709999995,-2.4075317000000003,-2.1112213,0.051413510363678167,-2.27029415,0.002643349047916043,0,200,9.473474724999996,9.343811,9.573883,0.0337241621239384,9.473282,0.0011373191109616814,0,200,0.8661772138000003,0.52108765,1.1273956,0.14730296092535755,0.8431396449999999,0.02169816229737741,0,200,E
-2.2441829729999987,-2.3278656000000004,-2.1562805,0.02856442098743485,-2.2478637999999997,0.0008159261463474085,0,200,9.463798607499998,9.390564,9.537063999999999,0.0272564184454241,9.462265,0.0007429123464720552,0,200,0.9841561900000004,0.7592926,1.1594086000000001,0.08765142285408761,0.980529775,0.007682771928346073,0,200,E
-2.2277552775000005,-2.2927551,-2.1202544999999997,0.029124320429371527,-2.22532655,0.0008482260404727078,0,200,9.503334432499996,9.429535000000001,9.561417,0.02404705925974949,9.504982,0.0005782610590419037,0,200,0.8059519955500005,0.6545868,1.0515747,0.0870849599649726,0.789093,0.007583790252100881,0,200,E
-2.191360855500001,-2.2881775,-2.0881348,0.0407043257317296,-2.1945419,0.0016568421332747445,0,200,9.50211748,9.4340515,9.570572,0.023194378145086927,9.5041425,0.000537979177537286,0,200,0.83809425375,0.68026733,0.9794463999999999,0.06648537772263266,0.84166718,0.004420305450921138,0,200,E
-2.199691621,-2.3096007999999997,-2.0009613,0.03696959368762795,-2.1983109,0.0013667508574283,0,200,9.4694388025,9.384552000000001,9.553238,0.027455412062558224,9.4690015,0.0007537996515248678,0,200,1.0001239008999996,0.75642395,1.2709503,0.11068934747397892,1.03452305,0.012252131644215248,0,200,E
-2.144132161499999,-2.4301147000000003,-1.9139709999999999,0.11485296433251085,-2.1231842,0.013191203415965006,0,200,9.475028552499998,9.336914,9.602798,0.04465633937159818,9.4800875,0.0019941886460713497,0,200,1.0653746061,0.6581116,1.4984589,0.17742311799573898,1.07743075,0.03147896279932992,0,200,E
-1.8627288808,-2.3637695,-0.5828552,0.4122534448307389,-2.08273315,0.16995290277481104,0,200,9.557127737500004,9.177764999999999,9.844833,0.07527371977876139,9.54346475,0.005666132889331493,0,200,0.7783403785500004,0.38269043,1.2017058999999999,0.15747521690836214,0.7385711500000001,0.0247984439403357,0,200,E
-2.017679295,-2.2095947,-1.8634949,0.07182856155500247,-2.0059967,0.00515934225506078,0,200,9.55726683750001,9.485443,9.615067,0.02593028629617986,9.558487,0.0006723797474018528,0,200,0.704495392,0.41708374,1.0706635,0.1704866830529379,0.6514969,0.029065709098392907,0,200,E
-1.996990282,-2.1117096,-1.890564,0.04072617010939122,-1.9965057,0.0016586209317790712,0,200,9.51011359,9.414825,9.584640499999999,0.025799865407587847,9.5094145,0.000665633055049648,0,200,1.0060012013499997,0.8494873,1.1988983,0.0718897365041837,1.0195465,0.005168134214640962,0,200,E
-2.031139984499999,-2.1302795,-1.9201508000000005,0.044117259383506205,-2.0307236,0.0019463325755115664,0,200,9.525280915,9.446503,9.602661,0.027533808628497542,9.525299,0.0007581106175907257,0,200,0.8571878049500001,0.59628296,1.1596222,0.13062256241834194,0.85822297,0.01706225381273364,0,200,E
-1.9884200295,-2.1500702,-1.7892303,0.09389680013436158,-1.95281985,0.008816609075472244,0,200,9.542803840000003,9.436202999999999,9.618362,0.02713637758034056,9.54490675,0.0007363829881828097,0,200,0.8024489601000001,0.59213257,1.2287139999999999,0.16112516847804473,0.740028385,0.025961319917078292,0,200,E
-1.9087144720930225,-2.0747528,-1.7798919999999998,0.04639168386984427,-1.90890505,0.002152188332279569,0,172,9.536885308139537,9.469406,9.603775,0.027799616663883663,9.534172,0.0007728186866588784,0,172,0.9522441576744192,0.70362854,1.1584166999999999,0.10829490864453163,0.98937988,0.011727787238327448,0,172,E
0.31570564250000005,0.07305908,0.48432922,0.10081148962037773,0.331298825,0.010162956439479523,0,200,8.998674255000006,8.884064,9.112442,0.04546835628653703,9.000755499999999,0.002067371423399472,0,200,3.2129048949999977,2.891861,3.4076385,0.09489204636428483,3.2148666500000003,0.009004500463201583,0,200,F
0.47701477085,0.36050415,0.59498596,0.038990259524331855,0.479324335,0.001520240337774751,0,200,8.956577505000002,8.86058,9.048461999999999,0.03510864939153824,8.954521000000002,0.0012326172620979582,0,200,3.2772359495000005,3.0774383999999997,3.4356690000000003,0.07254956900310358,3.28450775,0.005263439962536088,0,200,F
0.5532439419499999,0.40296936,0.736969,0.055435652198229095,0.54815675,0.0030731115346430225,0,200,8.971175394999994,8.854111,9.151459,0.04192301066652652,8.9709775,0.001757538823345696,0,200,3.2307838450000017,2.895172,3.4562988,0.09173895245496126,3.2530365000000003,0.008416035397533642,0,200,F
0.5922788999999998,0.33407593,0.85484314,0.058174714976001664,0.5946045,0.003384297462539032,0,200,9.014359869999996,8.890488000000003,9.200424,0.06230814267159645,8.999946999999997,0.0038823046431840174,0,200,3.1270379659999983,2.6817932,3.5065155,0.14475736295937694,3.14711,0.0209546941309528,0,200,F
0.6128599552499996,0.46623230000000004,0.82818604,0.0476045362788907,0.6112366,0.0022661918743282212,0,200,9.06727715,8.975586,9.175842,0.034476828421601685,9.066101,0.0011886516980125625,0,200,2.9929492144999985,2.8201904,3.1823577999999997,0.07056896127508082,2.9927444,0.004979978295443856,0,200,F
0.009321518002500022,-0.95454407,0.97787476,0.3458895128469238,-0.021957397000000003,0.11963955509748228,0,200,9.4863856925,8.971297999999997,9.796158,0.19375305591044856,9.54306,0.037540246674637415,0,200,1.7433812719500004,0.21243286,3.4145812999999996,0.618288580542783,1.6052399,0.3822807688296096,0,200,F
0.029574966465850012,-0.20030212,0.26387024,0.06466436932642676,0.0341949465,0.004181480660384522,0,200,9.534275109999998,9.422226,9.603133999999999,0.028270372202497424,9.5347975,0.0007992139444677393,0,200,1.6541876229999994,1.4386902,1.8682251,0.07189479657269864,1.65802765,0.0051688617742297206,0,200,F
0.041967468270500005,-0.044036865,0.1250763,0.036506490939670726,0.044464112,0.001332723880728261,0,200,9.52310289,9.454224,9.613632,0.029071880509172445,9.5209045,0.0008451742363396007,0,200,1.710391696500001,1.5280457,1.8937836,0.08133864760178508,1.7176131999999997,0.006615975593687378,0,200,F
0.050341949464950006,-0.052459717,0.23687744,0.04422843743025983,0.0481491085,0.0019561546775224087,0,200,9.4975653325,9.430496,9.577454,0.028499304465958563,9.4995575,0.0008122103550434058,0,200,1.8010620884999993,1.5400696000000005,2.0499725,0.08184243015791003,1.8003997999999999,0.006698183374152381,0,200,F
0.09430534340599997,-0.027908325,0.47665405,0.06206031916706827,0.08576202299999999,0.003851483215118381,0,200,9.478200432499998,9.305725,9.591141,0.036727041391337235,9.4822615,0.0013488755693609991,0,200,1.8610684245,1.6631622,2.182907,0.09091648573592144,1.84925845,0.008265807378570007,0,200,F
0.14286926271999995,0.032318115,0.27630615,0.03892946564384028,0.1403122,0.001515503295314941,0,200,9.472573249999996,9.383438,9.568192,0.029006516106743218,9.46883375,0.0008413779766507537,0,200,1.8778767379999997,1.6383362,2.0548096,0.0711092414830331,1.88150785,0.0050565242242923145,0,200,F
0.24051300070999998,0.08093262,0.42367554,0.0778474402948212,0.23248291,0.006060223960455752,0,200,9.434247067499998,9.30925,9.549515,0.04354098965944981,9.436226,0.0018958177805243148,0,200,2.0038986985000014,1.6943816999999999,2.2778473,0.1152728430777544,1.9860839500000005,0.013287828351228593,0,200,F
0.3602581024,0.27119446,0.4919281,0.03461285320022725,0.3595047,0.0011980496066604821,0,200,9.3800955175,9.293289,9.453278,0.02867683984456445,9.380722,0.0008223611434707992,0,200,2.1608585350000005,1.974884,2.3282317999999997,0.06490619853119603,2.17124175,0.004212814607771032,0,200,F
0.36272788965,0.25297546,0.47784424,0.04144645075818013,0.361969,0.0017178082804502506,0,200,9.3869231625,9.325455,9.510757,0.030225080370145426,9.3862305,0.0009135554833817502,0,200,2.1324171390000006,1.8426361,2.3605347,0.09318274328279304,2.1416092,0.008683023645706911,0,200,F
0.37029716569999976,0.23600769,0.50753784,0.043058456526977776,0.370651245,0.0018540306784856349,0,200,9.3786235975,9.307602000000001,9.453629,0.030618593156834607,9.378494,0.0009374982469037588,0,200,2.1608283230000005,1.9719391,2.3243408,0.0836828848620652,2.1625900000000002,0.0070028252188376605,0,200,F
0.4046383662500002,0.21220398,0.62867737,0.0725470281190754,0.40139771,0.005263071288909917,0,200,9.381716564999998,9.234924000000001,9.496719,0.044366792029294055,9.38282025,0.0019684122349706307,0,200,2.1411500565,1.7938995,2.5914764,0.13245434481035248,2.12917325,0.01754415345913975,0,200,F
0.3962166601599998,-0.026489257999999998,0.7567291,0.07138008303600246,0.402130125,0.005095116254226606,0,200,9.344108055,9.246033,9.529434,0.037145963299214685,9.3429335,0.0013798225894266045,0,200,2.2563719915,1.8579712,2.5575104,0.09916853730600364,2.2665862999999997,0.00983439879141224,0,200,F
0.4131534993063583,0.30630493,0.48510742,0.035735861168840914,0.41764832,0.0012770517734786715,0,173,9.342407569364157,9.264053,9.427582000000001,0.03174037894589282,9.342819,0.0010074516556288764,0,173,2.2687538468208097,2.0488129,2.4901428,0.09088824571426286,2.2748566,0.008260673209016222,0,173,F
4.886963203999999,4.0726776,5.2684326,0.21482841925864024,4.916061449999999,0.04615124972116611,0,200,3.888602223,3.3645629999999995,5.961334,0.4885800659050116,3.74672695,0.2387104807997455,0,200,6.727974552000005,5.481781,7.160675,0.27790707261187403,6.7763595500000005,0.07723234100770142,0,200,G
5.083048632000003,4.9414215,5.2233276,0.05634617389313189,5.07862855,0.0031748913123950577,0,200,3.7811464639999985,3.6204376000000003,3.9659271,0.06174495679266155,3.782402,0.0038124396893276413,0,200,6.672019964000001,6.429886,6.8338164999999975,0.06054112255186639,6.68158715,0.0036652275198401046,0,200,G
5.102481465999998,4.9821777,5.2458496,0.05347882200564442,5.1002121,0.002859984403111397,0,200,3.8084085850000022,3.636139,3.9867554,0.06689676424225534,3.8057327000000005,0.004475177066083892,0,200,6.634164805000001,6.3985443,6.8116302,0.06585672760481767,6.6345595999999984,0.004337108570815153,0,200,G
5.130371855000004,4.991989,5.308502,0.0551361375899488,5.12841785,0.003039993668337765,0,200,3.8215610465,3.6880035,3.9992523,0.06149451008395476,3.82194515,0.0037815747704656134,0,200,6.611707522499999,6.3932495000000005,6.7485657,0.0656391974419497,6.616821300000002,0.004308504240823255,0,200,G
5.110657423499999,4.9773254,5.279648,0.05676791946733866,5.112472500000001,0.003222596680650248,0,200,3.8352856479999984,3.6923065000000004,4.0433807,0.059622085931789436,3.8285370000000003,0.003554793130857685,0,200,6.619638974500001,6.4400177,6.7869414999999975,0.06468618421006055,6.629890499999999,0.0041843024276578865,0,200,G
5.1477465160000015,4.9900208,5.281967,0.061352260162012576,5.154472350000002,0.003764099826987274,0,200,3.8360704050000014,3.6601562999999993,4.0388794,0.06583285163200728,3.8305893,0.0043339643540018825,0,200,6.585189360500005,6.3771515,6.7584686000000005,0.07330217528035747,6.5944518,0.005373208900832249,0,200,G
5.0960096755,4.8999176,5.3887024000000014,0.07871210908315596,5.08826445,0.0061955961163186425,0,200,3.8123396285,3.6187592000000004,4.1260376,0.0850720893298145,3.81342315,0.007237260382939937,0,200,6.643745643499999,6.2325897,6.807724,0.09291895463640816,6.6572876500000016,0.008633932130722877,0,200,G
5.087683345000001,4.940811,5.2165833,0.057850738740602425,5.086074850000001,0.003346707972833437,0,200,3.823158257,3.6552887000000003,3.9509583,0.06477296444186094,3.8292694,0.0041955369225865815,0,200,6.639909591999997,6.48053,6.832901,0.06846626821083887,6.64146425,0.004687629882718527,0,200,G
5.0921559195,4.9626160000000015,5.2235260000000014,0.053409053497488236,5.0904693000000005,0.0028525269954975604,0,200,3.823379062999999,3.6532593,3.9841614,0.062381215809279834,3.83015445,0.003891416085843945,0,200,6.633252025500001,6.4635925,6.7822723,0.06333183696545909,6.634078950000001,0.0040109215734194905,0,200,G
5.0997296175,4.727157599999999,5.252716,0.09182859472278036,5.114517299999998,0.008432490808760644,0,200,3.819832994499999,3.4444275,4.0456696,0.09560308962253257,3.8218994,0.00913995074537399,0,200,6.630237270500003,6.442840599999999,6.928756699999999,0.08711360943002945,6.6215667,0.007588780947927715,0,200,G
5.133047783499998,4.85376,5.453232,0.09530212761582184,5.125717,0.009082495528102393,0,200,3.8195456654999984,3.5517883,4.3272552000000015,0.146686351101525,3.7796172999999995,0.02151688559947986,0,200,6.604391935000002,6.2061005,6.8530729999999975,0.12024138401059675,6.6250228500000015,0.01445799042878379,0,200,G
5.1087496240000005,4.828964,5.349182,0.08108593850568394,5.1135025,0.006574929423347558,0,200,3.7337970694999987,3.5028839999999994,3.9053802,0.07534858297529791,3.72772215,0.005677408956385354,0,200,6.666144950999997,6.4825897,6.9582367,0.08514171160264772,6.66607675,0.007249111054628436,0,200,G
5.098952497500003,4.929596,5.277191,0.057019134140527936,5.102638299999999,0.0032511816581355184,0,200,3.7242798624999987,3.5717315999999997,3.9557800000000003,0.07081961088740862,3.7164307,0.0050154172862439655,0,200,6.6829307535000035,6.522842400000001,6.816345,0.059924492361091077,6.68486015,0.003590944784734463,0,200,G
5.0786056570000015,4.6888885,5.359787,0.08872463145121892,5.0839385,0.007872060226154625,0,200,3.7304021465,3.5196227999999996,3.936142,0.08226203932626679,3.7318038999999996,0.006767043114116264,0,200,6.690697853499999,6.4524994000000016,6.915237400000001,0.07557802109986972,6.695632999999999,0.005712037273372354,0,200,G
5.09175705,4.5906525,5.309616,0.0806706489611766,5.0972519,0.006507753603817382,0,200,3.712423475000001,3.4883727999999996,3.864212,0.07695800578010535,3.7269745000000003,0.005922534653650728,0,200,6.690499423500001,6.490082,7.0038757,0.08272211640059851,6.68418875,0.006842948541794169,0,200,G
5.080824286000002,4.916976999999998,5.2087555,0.055221007301795334,5.082771249999999,0.003049359647424933,0,200,3.7066452014999993,3.4977722,3.8821258999999997,0.07202118497692643,3.71554565,0.005187051085480653,0,200,6.702741318999992,6.5334167,6.8868713,0.06783734280212783,6.69765465,0.004601905078453403,0,200,G
5.075687184999996,4.8625945999999995,5.282425,0.06937822220237698,5.0788345,0.0048133377159623935,0,200,3.719418031000001,3.5625,3.9041900000000003,0.07025531737793952,3.71076965,0.004935809619875012,0,200,6.69829528,6.5193176,6.860763499999999,0.07026034653260621,6.711868300000001,0.004936516294881909,0,200,G
5.0395385202312175,4.816803,5.221756,0.08134505900192837,5.0425415000000005,0.006617018624027207,0,173,3.701802688439306,3.4318695,3.9427185,0.09138444039272874,3.7087097,0.008351115945892192,0,173,6.73548351618497,6.473068,7.217803999999999,0.12502751955494368,6.722275,0.015631880646061826,0,173,G
1.5258515180000003,1.1521912,1.806427,0.17846348699617873,1.5637969999999999,0.03184921619083525,0,200,7.947635105500001,7.7315216,8.240784,0.12801019001949945,7.93089295,0.016386608748828354,0,200,4.857245330999999,4.3804016,5.1851044,0.1716811935581683,4.901069700000001,0.02947443222155725,0,200,H
1.6605032344999997,1.3893585,1.8905028999999998,0.10068531578429488,1.68621825,0.01013753281458318,0,200,7.798159334999991,7.54657,8.189957000000001,0.16153459886637447,7.781013499999999,0.026093426630920517,0,200,5.0226984375000026,4.470001,5.375046,0.20487573862031305,5.0389099,0.04197406827521883,0,200,H
1.7046825414999989,1.4233551000000002,1.947876,0.0821019170244935,1.7102279500000002,0.0067407247790968175,0,200,7.700783149500003,7.4981384,8.059891,0.11817684449517762,7.671257000000001,0.013965766574837394,0,200,5.138118140999999,4.607422,5.363968,0.1533793591573306,5.1596375000000005,0.02352522781551341,0,200,H
1.6929607375000004,1.4217528999999998,1.9454498,0.11342663791380884,1.6944503999999998,0.012865602188430298,0,200,7.671922775,7.2533875,8.080521000000001,0.188661035790566,7.65148915,0.03559298642556921,0,200,5.178734816500002,4.5646973,5.734848,0.2312327460628532,5.1955795500000015,0.053468582851767935,0,200,H
1.8676400010000005,1.3237762,3.0084534,0.2490114934064589,1.84189605,0.06200672384851491,0,200,7.742118003500002,6.4010468000000005,8.658173,0.2441213541821345,7.726653999999999,0.05959523556771915,0,200,5.020763625500001,4.313431,5.688369799999999,0.2589354121800664,5.08176425,0.06704754768086088,0,200,H
1.8573080434999991,1.6254425,2.1216277999999997,0.07229672415478608,1.8495865000000002,0.005226816323513226,0,200,7.655240097,7.339889500000001,7.899368300000001,0.10292965569438577,7.650573700000002,0.010594514021364798,0,200,5.1447840685000035,4.778244,5.476013,0.13854413751773853,5.1621703000000005,0.019194478040534042,0,200,H
1.9113304135,1.6513214,2.2437897,0.12231812711616626,1.93505095,0.014961724221206603,0,200,7.634780965999996,7.381119,8.100403,0.1842576547019855,7.5576476999999995,0.03395088331627611,0,200,5.1423558850000015,4.6271667,5.4392548,0.22396973233586212,5.2340545,0.05016244100259774,0,200,H
1.9778556814999992,1.6991119,2.2021942,0.1045480444651359,1.98887635,0.010930293601484032,0,200,7.515897520000002,7.2315216,7.929413,0.17422565150805674,7.486518849999999,0.03035457764340684,0,200,5.2739614859999975,4.7152405,5.6267853,0.2092018975977282,5.29669955,0.04376543395849036,0,200,H
1.9565665445000004,1.6665343999999995,2.125229,0.09586942878856956,1.9851303,0.009190947376246608,0,200,7.600831066000001,7.382889,8.094803,0.15651638348685568,7.58548735,0.024497378299804463,0,200,5.173363338000001,4.541458,5.5172424000000015,0.19727825968323948,5.1846847999999985,0.038918711743647666,0,200,H
1.9732003804999985,1.5502014,2.2510223,0.16032843297436628,2.035759,0.02570520642001586,0,200,7.5246247900000025,7.249405,8.02356,0.2045555033266544,7.44126125,0.041842953941220916,0,200,5.2591053720000005,4.6324005,5.645645,0.23155940044092266,5.335762,0.05361975593255956,0,200,H
2.007822038,1.5508881,2.5207062000000002,0.19358612478954204,1.9986496,0.03747558771103215,0,200,7.5545727624999985,7.232956,7.9508667,0.1989617103288529,7.5214845,0.039585762176982384,0,200,5.204732290500001,4.6139220000000005,5.5983887,0.24705780687781076,5.19514475,0.06103755993927362,0,200,H
2.072677384499999,1.6471405,2.3208922999999997,0.1505080493765179,2.1375961500000003,0.022652672927124348,0,200,7.365867391500004,7.1463776,7.9403076,0.17909194311156618,7.312248349999999,0.03207392408747646,0,200,5.429836581500002,4.769165,5.768936,0.18317625393567327,5.4777603500000005,0.03355354000590626,0,200,H
2.0225461595,1.5027008,2.4174194,0.20624841670939112,2.10980225,0.042538409395130636,0,200,7.465099563499996,7.075439500000001,8.019043,0.2454381908970905,7.47197725,0.06023990555083665,0,200,5.3156719945000015,4.4895781999999995,5.7254333,0.281619284471531,5.32746875,0.0793094213862571,0,200,H
2.078048402999999,1.8681029999999998,2.3241425,0.10140922588864268,2.092453,0.01028383109533376,0,200,7.374942696999999,7.179183999999999,7.688217,0.10070023544959024,7.364540100000001,0.010140537419602913,0,200,5.414715730999998,5.105652,5.708908,0.11707493834884852,5.41645815,0.013706541189386684,0,200,H
2.1812607580000005,1.6392669999999998,2.656189,0.25136427273950845,2.3271102999999997,0.06318399760986199,0,200,7.394073107499995,6.9259949999999995,7.9937744,0.2667614329439381,7.334945749999998,0.07116166210630315,0,200,5.336384896000002,4.7035065000000005,5.8452606,0.2651497931777137,5.3616943,0.07030441282218436,0,200,H
2.2186471570000013,1.78479,2.7697906000000003,0.2609334197732395,2.2101135000000003,0.06808624955455764,0,200,7.244409646500003,6.6659393,7.747314500000001,0.2746694936181728,7.219268749999999,0.07544333072446345,0,200,5.507779166499999,4.997116,6.100006,0.23999480028258455,5.5320434999999994,0.057597504162677664,0,200,H
2.1204674530000007,1.7414703,2.4690093999999996,0.16447935692792398,2.1362839,0.027053458855423408,0,200,7.427386553,7.1127167,7.7498320000000005,0.17509152000165185,7.472167999999999,0.030657040376488844,0,200,5.325636674500003,4.7115173,5.7142944,0.1918260726253452,5.2877121,0.03679724213886421,0,200,H
1.9621646796511627,1.6282653999999999,2.4279327,0.20515094231467254,1.95547485,0.04208690913259811,0,172,7.4783733162790735,7.1840363,7.7963257,0.14396074522446553,7.4346390000000016,0.020724696165583475,0,172,5.321918321511626,4.99704,5.711258,0.13709109329529146,5.34648125,0.0187939678608983,0,172,H
2.9633749435000003,2.7102356,3.1611938,0.062104776351065274,2.96946715,0.0038570032456158357,0,200,6.863267753,6.633423,7.0720673,0.0662942679683059,6.8677902,0.004394929965453549,0,200,5.564997321999999,5.373657,5.8856660000000005,0.08756329094960545,5.55823515,0.0076673299219252545,0,200,I
2.9883635740000023,2.8613586,3.1446075,0.04209860447924044,2.98537445,0.0017722924990995227,0,200,6.930829548999998,6.806488000000001,7.0166016,0.0388351566655263,6.932220500000001,0.0015081693932359722,0,200,5.478352057499999,5.349167,5.6306305,0.05233319694307588,5.475799650000001,0.0027387635022827666,0,200,I
2.9717809319999997,2.8049470000000003,3.1271057,0.053115937609919665,2.9720993,0.0028213028281808797,0,200,6.897566985500003,6.7573547000000005,7.027664,0.04975748882259122,6.9003067,0.00247580769393029,0,200,5.512415612499997,5.3094025,5.73761,0.06415183873214521,5.511367699999999,0.004115458412715166,0,200,I
2.9382995585,2.8523102000000002,3.0295867999999997,0.033787557793465345,2.9354705,0.001141599061646761,0,200,6.898880764500003,6.818633999999999,6.9871674,0.036985835402412584,6.89833065,0.0013679520204143553,0,200,5.5307901855000035,5.398407,5.658752400000001,0.048810056733182776,5.529442,0.0023824216382965216,0,200,I
2.9526681505000014,2.8216248,3.1217040000000003,0.03902068811844798,2.9533081,0.0015226141012371873,0,200,6.896464984500001,6.7481537,7.0027924,0.04298214566920384,6.898597799999999,0.0018474648463286587,0,200,5.524203043999998,5.3427734000000004,5.7965089999999995,0.05400739807471351,5.526832700000001,0.0029167990468005685,0,200,I
2.9684250590000003,2.8622437,3.0613097999999996,0.035141222613919165,2.96763615,0.0012349055268010233,0,200,6.904730695500003,6.783554,7.011672999999999,0.04349383674942997,6.901062,0.0018917138351860648,0,200,5.5103556760000005,5.3613586,5.6548767,0.06139409138802971,5.509071499999999,0.0037692344573617437,0,200,I
2.99946335,2.8194885,3.1411132999999998,0.04342686816240927,3.0014800999999998,0.0018858928783952761,0,200,6.934886089500001,6.8250427,7.100403,0.04578826441127717,6.927619900000001,0.002096565157797032,0,200,5.460121691999998,5.12648,5.6150513,0.060401452476549974,5.4583895,0.003648335461276925,0,200,I
3.0127761064999983,2.8206024,3.2183990000000002,0.05588501375254208,3.0135193,0.003123134762121817,0,200,6.933000105999997,6.641571000000001,7.121155,0.06127452981758645,6.9336623500000005,0.0037545680043662905,0,200,5.447840270999999,5.0557555999999995,5.9124300000000005,0.0902129684875419,5.446434,0.008138379683334227,0,200,I
3.007776946999998,2.7295990000000003,3.2663727000000002,0.0692850445718512,3.0039596500000005,0.004800417401323407,0,200,6.9337511445,6.822692999999999,7.107574499999999,0.044846089974477886,6.929924000000001,0.0020111717859989664,0,200,5.456100544500004,5.194977,5.6901245000000005,0.06403747566575277,5.462097,0.004100798289641879,0,200,I
3.0086554724999988,2.8348846,3.1411896,0.044008997889685764,3.0067673,0.001936791895254366,0,200,6.945378882000001,6.6429899999999975,7.1946410000000025,0.058310283675591275,6.9434585,0.003400089182327927,0,200,5.4355585485,4.956436,6.036728,0.08562064867988982,5.441375700000001,0.007330895480365119,0,200,I
3.0026516740000027,2.8986359,3.1378174,0.04449656169945258,2.9956742000000003,0.0019799440030731905,0,200,6.914492570499996,6.766739,7.0753174,0.05423463025848113,6.9168319999999985,0.002941395119274157,0,200,5.472809760500004,5.318268,5.6546173,0.057907222083211335,5.475791999999998,0.0033532463693943595,0,200,I
2.991703111500001,2.8873138,3.1172485,0.034643355009388914,2.9905090000000003,0.001200162046306551,0,200,6.932923590999996,6.829528999999999,7.032439999999999,0.03794363542577523,6.9324647000000015,0.001439719469324145,0,200,5.465128555999999,5.3402863,5.6245727999999975,0.045226142993147714,5.46416465,0.0020454040100366428,0,200,I
3.201573182,2.2987822999999996,4.1481476000000015,0.37301628251324337,3.0147324,0.13914114701999974,0,200,6.625059196500003,4.102112,7.0460815000000006,0.4973608726389033,6.926521299999999,0.24736783763213144,0,200,5.6522527270000005,5.2493896,6.968765299999999,0.3379894963531456,5.4793854999999985,0.114236899645053,0,200,I
3.9445832795,3.541214,4.459503,0.13431769267993526,3.9320373999999996,0.018041242566861536,0,200,5.9920448404999975,5.6407013,6.37175,0.11538539399857185,6.0022201499999985,0.013313789148205659,0,200,5.860710454999995,5.3967743,6.292145,0.10856911423734593,5.8611910000000025,0.011787252566281868,0,200,I
3.9238906895000025,3.598587,4.0927430000000005,0.07281863511298142,3.9391022000000007,0.00530255361971753,0,200,6.036146848,5.930023,6.152817,0.04416683071301535,6.034561100000001,0.0019507089352321567,0,200,5.832762906000004,5.691818,6.105362,0.06681164123739393,5.82564535,0.004463795404834235,0,200,I
3.9025355545,3.0347443,4.2731476,0.1066274777092649,3.90014645,0.01136941900263978,0,200,6.058301627499999,5.8258514,6.655487,0.0705822010261103,6.05359645,0.004981847101690247,0,200,5.827260725999999,5.6454926,5.9667664,0.056140448484157515,5.827323849999999,0.0031517499560023434,0,200,I
3.8640106199999993,3.7657776,3.9700165000000003,0.034428307530079506,3.8633803999999996,0.001185308359385729,0,200,6.0319139169999945,5.9504547,6.123291,0.038834434836855725,6.02964785,0.0015081133290979936,0,200,5.871768338500003,5.754181,6.0148470000000005,0.0456403960661302,5.869201599999999,0.0020830457530732326,0,200,I
3.8535232994152064,3.7360230000000003,3.956833,0.03231335185497945,3.8554687999999993,0.0010441527081037044,0,171,6.041153040350879,5.91185,6.149063,0.0442538376607945,6.046982,0.0019584021477079537,0,171,5.863504428070173,5.7205660000000025,5.985733,0.05137117849734448,5.865143,0.002638997980206028,0,171,I
2.8416450564999995,2.3205872000000003,4.1884155,0.3176157779735117,2.78395085,0.10087978241771907,0,200,6.846657262499996,3.3903656000000004,7.258865400000001,0.4532394525468277,6.917487999999999,0.2054260013449481,0,200,5.658031834999997,5.310379,9.089615,0.38627315785940186,5.573913500000001,0.14920695248267438,0,200,J
3.0077378045,2.7789001,3.2416992000000002,0.0990461532667312,3.0111160000000003,0.00981014047693681,0,200,6.853240735500003,6.582901,7.026260400000001,0.09192070757835047,6.849662700000001,0.008449416481704617,0,200,5.578119349500001,5.3749237,5.873169,0.09711907754577162,5.570831299999999,0.0094321152233416,0,200,J
2.9956785630000007,2.8787537,3.2009277000000003,0.057324142806551084,2.99207305,0.0032860573485058624,0,200,6.847811280000001,6.6387634,7.0186615,0.06852773015505338,6.852416999999999,0.004696049800203812,0,200,5.5935158545000006,5.384384,5.936676,0.07649454847289144,5.58979035,0.005851415946071539,0,200,J
2.992162635,2.9128418,3.121872,0.04193063123994652,2.9874496500000003,0.0017581778361803785,0,200,6.834076837499998,6.7094574000000025,7.0070190000000006,0.07630568243005052,6.822456350000001,0.005822557171115721,0,200,5.6107141109999965,5.436157,5.7651825,0.07962075462977072,5.623497,0.006339464567814156,0,200,J
3.0111428789999994,2.8552246,3.0887756,0.03595566669743231,3.01247405,0.001292809967656843,0,200,6.774707863499997,6.666885400000001,6.9165344,0.05588285865888807,6.773735050000001,0.003122893891889261,0,200,5.661423253500001,5.4325410000000005,5.8003235,0.058876950453276386,5.66996765,0.0034664952946775627,0,200,J
2.9379853814999994,2.7943267999999994,3.138794,0.060662343264576875,2.9359512000000003,0.003679919890349355,0,200,6.782235048999993,6.648681599999999,6.9103394,0.04986112155106979,6.78302775,0.002486131442330556,0,200,5.6903810154999945,5.523468,5.8305206,0.06644504688459095,5.6982117,0.004414944255495489,0,200,J
2.7823869305,2.3899993999999998,3.2439575,0.1949057845453222,2.859375,0.03798826484922757,0,200,6.905148549,6.6823425,7.190597500000001,0.1336553403825233,6.849334700000001,0.017863750012768166,0,200,5.638023685499999,5.2194519999999995,5.9140778,0.10436300993362337,5.6542816,0.010891637842405566,0,200,J
2.7969603760000004,2.5197296000000002,2.9791717999999996,0.1041128126109917,2.82424925,0.010839477749771472,0,200,6.865306095999999,6.6554565000000006,7.1703644,0.11653403163052105,6.83347315,0.013580180528063285,0,200,5.675367816499996,5.4371643,5.8534239999999995,0.09666721647318934,5.7015762500000005,0.009344550740674449,0,200,J
3.1174813875000007,2.7591248,3.3343964,0.1171671761159246,3.1450653,0.01372814715898009,0,200,6.852624203500002,6.6335297,7.1314545,0.09276728939029996,6.844696000000001,0.008605769980823658,0,200,5.519341895999999,5.1828156,5.8269652999999995,0.1264800555096669,5.51365675,0.015997204441728422,0,200,J
3.0400992624999987,2.8247986000000003,3.2922974000000003,0.08909522922412988,3.05849455,0.007937959870500244,0,200,6.839061205500001,6.6225586,7.0702515,0.09835838861215757,6.83041385,0.009674372610380205,0,200,5.578314208500003,5.1822205000000015,6.0000763,0.12013558395448573,5.5921935000000005,0.014432558532085284,0,200,J
3.0538307954999997,2.8418883999999998,3.4184723,0.1054482159897956,3.0666962000000004,0.011119326255430585,0,200,6.784357224000001,6.5504913,7.036987299999999,0.1096814578382872,6.77601625,0.012030022193531976,0,200,5.627681577499999,5.251892,6.113556,0.11589066678270835,5.6252288,0.013430646647340744,0,200,J
2.702734527500001,2.3626404,3.0469817999999997,0.16709572419088886,2.75475315,0.027920981042877588,0,200,6.740492324999999,6.5021973,7.033081,0.11964143050611535,6.71063995,0.014314071893549631,0,200,5.849408415500001,5.3872222999999995,6.0512238,0.10795910021164323,5.87123865,0.011655167318507626,0,200,J
2.720590208499999,1.9447021,3.2388916,0.2664113611469214,2.74034115,0.07097501334815537,0,200,6.8430133085000024,6.460433999999999,7.3655243000000015,0.22391821780870988,6.873222500000001,0.05013936826662884,0,200,5.725365748000003,5.1835785,6.1320496,0.2008625564862936,5.6975859999999985,0.04034576659820949,0,200,J
2.718143080500003,2.4392395000000002,2.9531707999999997,0.09781923040377287,2.74001305,0.009568601836786405,0,200,6.907193982000001,6.7166443,7.1502075,0.08295493167678741,6.8932495000000005,0.006881520689500468,0,200,5.664616689,5.3788605,5.958191,0.090362092920487,5.67355345,0.008165307836970729,0,200,J
2.6815518935000013,2.5221862999999995,2.8329315,0.0391656500477616,2.6786804,0.0015339481436637285,0,200,6.9215495250000005,6.823395,7.0883636,0.0523310132308636,6.9156493,0.0027385349457688213,0,200,5.666804270500003,5.4065400000000015,5.783661,0.06172564008700865,5.674774149999998,0.003810054644150929,0,200,J
2.6415430450000006,2.4561462000000005,2.8085937999999997,0.05733912367361805,2.6434097000000003,0.0032877751036584665,0,200,6.9182404285000025,6.715514999999999,7.1367949999999984,0.07322994618304855,6.9194337,0.005362625017972188,0,200,5.6870684114999985,5.391556,5.87236,0.08141727638801129,5.690620450000001,0.006628772894441821,0,200,J
2.613828658500001,2.2576752,2.9003296,0.1257570335242244,2.6328125,0.015814831480812898,0,200,6.919077218500004,6.7744446,7.172592,0.08585610345122728,6.898895250000002,0.007371270499827839,0,200,5.696914988499997,5.493576,5.9039459999999995,0.07072879544089818,5.70561985,0.005002562504520418,0,200,J
2.642023778034684,2.5434875,2.7996062999999998,0.04737344696888808,2.6318207,0.002244243477714051,0,173,6.895823910404623,6.759369,7.1590880000000015,0.07660866904168931,6.8719482,0.005868888172339085,0,173,5.712999900000002,5.4099426,5.871704,0.08897368236147266,5.7354736,0.007916316152960231,0,173,J
1.434717559,1.271225,1.6755828999999998,0.07068014772876981,1.42123415,0.004995683282960724,0,200,6.290655819000003,6.1000365999999975,6.651428,0.11544820818125735,6.267975,0.013328288772262942,0,200,6.6462212164999945,6.2598877,6.836715700000001,0.11286064853980245,6.6693038,0.012737525988824815,0,200,K
1.6344404559999994,1.525116,1.8067779999999998,0.06427102200562007,1.6319503999999998,0.0041307642696469015,0,200,6.5233662420000025,6.3832245,6.665863000000001,0.06316798666536652,6.525947599999999,0.003990194539355922,0,200,6.395059267499999,6.227005,6.5702515,0.07061102484151062,6.3961334999999995,0.004985916829168433,0,200,K
1.6664176160000008,1.5565033000000001,1.8089752000000001,0.05814459964647525,1.6498871,0.003380794468048889,0,200,6.565274341000003,6.4047089999999995,6.713317999999999,0.059933292577681936,6.562721250000001,0.0035919995592020256,0,200,6.345124748500003,6.1692504999999995,6.515732,0.06388917849758974,6.348449650000001,0.004081827129096882,0,200,K
1.6393232755000002,1.5516968,1.7468414,0.033363418189753434,1.6342086999999998,0.0011131176733043706,0,200,6.590315400000003,6.4770203,6.712799,0.0481932450113814,6.589035000000001,0.0023225888647270387,0,200,6.326399921999996,6.167816,6.5095673,0.053519231963892584,6.3255004999999995,0.0028643081900049426,0,200,K
1.645190961999999,1.5279541,1.8483429,0.04352566243456376,1.64012145,0.001894483290367595,0,200,6.619334634499996,6.400818,6.7578583,0.05886471309828045,6.6108932000000005,0.00346505444814287,0,200,6.295326389,6.064514,6.8302765,0.07480673580736928,6.2955857,0.005596047722153546,0,200,K
1.6649771865000014,1.5378876,1.7718506,0.04888264481810835,1.6501999,0.002389512964413335,0,200,6.580988620500003,6.462097,6.688598599999999,0.0499247371593006,6.583313,0.0024924793804252496,0,200,6.326117545,6.183502,6.45224,0.051969678994980166,6.331573500000001,0.0027008475348412825,0,200,K
1.672866140499999,1.4736938,2.012085,0.06946608625322657,1.65825655,0.004825537139340714,0,200,6.642440868500004,6.4969482,6.8760223,0.06820921032606357,6.63085165,0.0046524963733051775,0,200,6.270586690000003,5.946686,6.450424,0.08220660591992633,6.281662000000002,0.006757926056874065,0,200,K
1.5571305884999995,1.3324738,1.7902527,0.0497699994103814,1.558609,0.002477052841309365,0,200,6.6792668090000005,6.5134735,6.8209534,0.05283611563903829,6.68997965,0.0027916551158218253,0,200,6.262927785500003,6.122818,6.4688263,0.06294378818008765,6.2548905,0.003961920470459743,0,200,K
1.516944808,1.4550781000000002,1.6216431,0.0272303444457522,1.51486205,0.0007414916586343076,0,200,6.638410259,6.544052,6.7360992,0.037060066071697824,6.6369477,0.0013734484972386086,0,200,6.3155565504999975,6.1884613,6.4314575,0.04532371515281895,6.31929025,0.0020542391552538703,0,200,K
1.5042183715000004,1.3949280000000002,1.5952911,0.028242225253854995,1.5033188,0.0007976232872894848,0,200,6.650962913,6.537964,6.766891499999999,0.03846576527082207,6.64977275,0.0014796150978699807,0,200,6.303921888,6.176895,6.4678955,0.04628232349774492,6.30452725,0.002142053468349912,0,200,K
1.505179747999999,1.3099823,1.7343596999999995,0.051541756511697866,1.5014037999999998,0.002656552664311149,0,200,6.646274803,6.520874,6.776352,0.0498781146855444,6.64440155,0.0024878263245843198,0,200,6.308574075499996,6.153595,6.6198883,0.06385507970954075,6.3096390000000016,0.004077471204711803,0,200,K
1.4851252775,1.3885193,1.5861816,0.034502865463362,1.483223,0.0011904477251828585,0,200,6.649210033500003,6.53244,6.811980999999999,0.05043313741596811,6.64163975,0.002543501349617923,0,200,6.310192858999999,6.1039886,6.4635925,0.054659586075607065,6.3136443500000015,0.0029876703499566986,0,200,K
1.485048372999999,1.382782,1.5768280000000001,0.03074487487129568,1.4883881,0.0009452473308516287,0,200,6.645061256000004,6.5113983,6.753799400000001,0.04052572790088221,6.638984700000001,0.0016423346218963429,0,200,6.310341573499999,6.1831512,6.4527893,0.049403060331531606,6.3120575,0.002440662370120952,0,200,K
1.485377425,1.361557,1.6098175,0.05065081402921067,1.4747925,0.0025655049618216845,0,200,6.6392418635000015,6.454895,6.8400419999999995,0.06290183852603354,6.64125835,0.0039566412899551965,0,200,6.3136086245,6.1210327000000015,6.4817504999999995,0.06878692762997203,6.314277700000001,0.004731641412771012,0,200,K
1.4765695959999994,1.3562927,1.5673981000000001,0.028588625991289487,1.47850035,0.0008173095360698331,0,200,6.662996518499996,6.567032000000001,6.7490234,0.038831381986296036,6.662803650000002,0.0015078762269656366,0,200,6.290867695499999,6.1805879999999975,6.4020386,0.047989786672113975,6.29207615,0.0023030196248350087,0,200,K
1.4684216325000006,1.3875732,1.5678864,0.02770279326562364,1.4676895,0.0007674447547178824,0,200,6.6653177649999975,6.5663757,6.810913,0.047158841114111436,6.66396335,0.002223956295226007,0,200,6.300872801999999,6.154175,6.4287567,0.05233538242623721,6.298584,0.0027389922537004985,0,200,K
1.4588925905,1.3505553999999995,1.5514983999999998,0.030997608989393962,1.45853425,0.0009608517630593577,0,200,6.640288551000001,6.50354,6.791504,0.0459229748225708,6.6367417,0.002108919616554472,0,200,6.316984640499999,6.157593,6.442596400000001,0.05064350652070186,6.3232422999999995,0.002564764752712372,0,200,K
1.4547605121387288,1.3808746,1.5473785,0.02838832519088639,1.453125,0.0008058970071435147,0,173,6.6632754803468215,6.550461,6.818893400000001,0.053065038683679774,6.6477660000000025,0.0028158983305004307,0,173,6.296664720231212,6.125641000000001,6.4296875,0.060924665427807986,6.3101044,0.003711814857490342,0,173,K
1.2515834052000008,0.9660187,1.4727631,0.11439176046340205,1.2800827,0.013085474861916356,0,200,7.406771846000002,7.1439056,7.7117460000000015,0.14375380142419292,7.36886595,0.020665155423906286,0,200,5.618116838500002,5.2664337,5.955841,0.15391116838765515,5.64583585,0.023688647754453142,0,200,L
1.3412512969999992,1.0953369,1.671936,0.09243660798357996,1.3371048,0.008544526495510041,0,200,7.261438976500004,7.0280914,7.6845244999999975,0.08969783229618737,7.258849999999999,0.008045701118634955,0,200,5.7632765164999995,5.1513824,5.9883574999999984,0.10898402028907596,5.7774582,0.011877516678369721,0,200,L
1.3553392027750002,-0.5037689000000001,1.7840881000000002,0.24964347161500175,1.3958359000000002,0.06232186291999019,0,200,7.2075647095,6.957657000000001,7.7447357000000006,0.12241124448951128,7.18289175,0.014984512777470904,0,200,5.803795475000002,4.7010803,6.169403,0.15294873194568245,5.81922925,0.023393314603792213,0,200,L
1.5741873935000004,1.1010437,1.9403686999999998,0.12963346604019954,1.5336837499999998,0.016804835517595578,0,200,7.145499046499998,6.820342999999999,7.7404175,0.1329534314677159,7.134017900000001,0.017676614939040627,0,200,5.8232429475000025,4.8692474,6.195526,0.17557337762875627,5.8545762,0.03082601093196985,0,200,L
1.7295677939999994,1.5514069,1.8368683000000001,0.04787618893149061,1.7334976000000002,0.0022921294666037838,0,200,6.947929238499995,6.7510834000000015,7.2083435,0.07065998169881281,6.94219965,0.004992833013676561,0,200,5.987224809999997,5.577881,6.2998199999999995,0.08264783056741971,5.991592400000001,0.006830663897500915,0,200,L
1.7795564279999991,1.6508636000000003,1.9074402,0.04136410572759351,1.7788925,0.0017109892426435335,0,200,6.875501929000003,6.754883,7.029311999999999,0.052905390629387705,6.87035375,0.002798980357648105,0,200,6.053103244500001,5.8791199999999995,6.250885,0.061946008815973785,6.056839,0.003837308008228703,0,200,L
1.8014695705000001,1.5932312,1.9682311999999997,0.0573342849535858,1.7947997999999998,0.003287220231138975,0,200,6.8733335275,6.722534,7.018554700000001,0.059537931345304475,6.872734,0.003544765268878189,0,200,6.044531101500003,5.865982,6.259506,0.07038934418903381,6.0385513500000005,0.004954659775362268,0,200,L
1.805494079,1.6603394,1.9491881999999998,0.05466223866460089,1.80288695,0.0029879603358257878,0,200,6.8627561310000065,6.7405550000000005,7.003723,0.05221627316935337,6.855995,0.0027265391836965324,0,200,6.055721057000003,5.84552,6.1960754,0.06746659671201491,6.06634515,0.004551741671901662,0,200,L
1.8184189619999989,1.4339294,1.9828339,0.09917554322706973,1.8344269,0.009835788374384376,0,200,6.8988787199999955,6.757416,7.289261,0.09142993031514657,6.8738174500000015,0.00835943215743256,0,200,6.011222165999997,5.7523193,6.19664,0.09419374600663974,6.0268555,0.008872461786763361,0,200,L
1.755099411999999,1.4842072,2.118393,0.1557152230753912,1.7476653999999998,0.02424723069741885,0,200,6.970905377,6.6966095,7.228592,0.11261464733406693,6.996406599999999,0.012682058794176264,0,200,5.953805530999997,5.7625427,6.2670593,0.1008639185765117,5.94074245,0.010173530070609182,0,200,L
1.818726957,1.4028778,2.0889587,0.16919258489914954,1.81549835,0.028626130784855926,0,200,6.8895421535000025,6.666214,7.052398700000001,0.07074000751839651,6.893440200000001,0.005004148663702795,0,200,6.020783319999995,5.7988434,6.4177704,0.10438499387714854,6.02158365,0.01089622694673234,0,200,L
1.7201657869999991,1.5470123,1.8512268,0.06513591990865766,1.72914885,0.0042426880623470655,0,200,6.777003635000005,6.6251983999999995,6.9405518,0.056204829451134586,6.7746277,0.0031589828536311266,0,200,6.158334882499998,5.8866577000000015,6.370682,0.06821865606096007,6.1563797000000005,0.004653785034763565,0,200,L
1.7184632855000002,1.448288,2.0346832,0.13407527858028506,1.7232360999999998,0.01797618032638105,0,200,6.8220061474999945,6.6259766,6.998321499999999,0.07400395160004232,6.82453155,0.005476584852421407,0,200,6.1118056509999965,5.843445,6.409317,0.10385797539481764,6.108093350000001,0.010786479053110549,0,200,L
1.6234941840000012,1.3620299999999999,1.9496613,0.15929294699444804,1.5921326,0.02537424296217604,0,200,6.697514338499999,6.4742584,7.139496,0.06983747976222128,6.6881942,0.004877273579538666,0,200,6.259511861499997,5.3206787,6.5878906000000015,0.10951622700604494,6.275398200000001,0.011993803977639566,0,200,L
1.7851254275,1.2853851,2.1179352000000002,0.11002957959699863,1.8062744,0.012106508386292259,0,200,6.793639382500002,6.540801999999999,7.0656740000000005,0.07424507095319244,6.7845611,0.005512330560844579,0,200,6.117111734499997,5.7034910000000005,6.659256,0.09855895268093394,6.119957,0.009713867153562577,0,200,L
1.732340315,1.5160521999999998,1.9882202000000002,0.1181507988272452,1.7002792000000002,0.013959611263516164,0,200,6.715058592500003,6.507187,6.886688,0.05826100686814247,6.719154399999999,0.0033943449212897442,0,200,6.214462432500004,5.8749847,6.6759949999999995,0.095868558992681,6.218772799999999,0.009190780603333159,0,200,L
1.7688277464999995,1.4636078000000001,1.9495238999999998,0.10501931133275597,1.8114166,0.011029055752806324,0,200,6.716289363,6.5406494,6.840103,0.05820827245281333,6.7154159500000015,0.0033882029819409477,0,200,6.198632890499996,5.81131,6.4513245,0.07985264312434555,6.19618225,0.00637644461394409,0,200,L
1.7062197585227283,1.4605408000000002,1.8538971000000002,0.08648809650847672,1.6920241999999999,0.007480190837659581,0,176,6.693781847159087,6.507293700000001,6.9416656,0.06384578327244034,6.683807350000001,0.004076284041671423,0,176,6.2431225414772715,5.938858,6.7413025,0.08080734740669873,6.245491,0.006529827394906899,0,176,L
-1.4042781051949995,-7.8880005,2.4881743999999997,1.552413185882265,-1.26577755,2.409986699701124,0,200,9.4541206875,-3.589203,18.140244,2.0162955462913903,9.5591965,4.0654477299944975,0,200,1.145719449865,-3.446228,7.6046143,1.5380542137793711,0.903709415,2.3656107645244795,0,200,M
-1.3557189954208504,-10.197983,3.494049,1.6631359116707118,-1.5259323500000002,2.7660210606887703,0,200,9.486174326000002,-1.2969055,17.984695000000006,2.070708017699008,9.606934,4.287831694562952,0,200,0.7395905285050003,-3.7765044999999997,4.9388885,1.5901657947090568,0.54746245,2.5286272546626867,0,200,M
-1.4441992954750005,-7.397781399999999,7.8644104000000015,1.8631243680119745,-1.5108719000000002,3.4712324106800185,0,200,9.441420074999998,1.239975,18.881195,2.0960750776297656,9.5250625,4.393530731060627,0,200,1.029409101985,-4.065277,10.060226,1.7402824136849266,0.84706115,3.028582879381034,0,200,M
-1.18973212808,-6.849121,8.566147,1.9786781514643133,-1.0984421,3.915167227082233,0,200,9.518092546000002,-0.4325714,17.396926999999998,2.3471734437358456,9.626991,5.509223174978789,0,200,1.32191070553478,-2.5838623,8.550873,1.67997011030024,1.03325655,2.822299571502201,0,200,M
-1.4448139982500003,-8.050049000000001,5.503769,1.7415983616305089,-1.55937955,3.0331648532340725,0,200,9.539709003499997,1.3685455,17.071151999999998,1.9779610165295105,9.5051725,3.912329782910455,0,200,0.9851722756260004,-3.4356690000000003,8.9879,1.5769818896004506,0.950706475,2.4868718801278082,0,200,M
-1.0851727284900006,-9.697052000000001,10.350876,2.1361601404510773,-1.00791165,4.563180145651966,0,200,9.492171793999999,1.7518921000000005,19.105148,1.9262542433726737,9.6397625,3.710455410111232,0,200,1.1022100085400002,-2.3131104,8.021851,1.6006089735770417,0.8758010999999999,2.561949086295351,0,200,M
-1.707438586505,-10.6779785,4.942383,2.0112773622654925,-1.70275115,4.0452366279616365,0,200,9.424858026,1.149353,17.969482,2.0784867967561413,9.3263625,4.320107364289605,0,200,1.4070685553200004,-3.7349547999999997,7.456390400000001,1.6415552554777302,1.2012634000000002,2.6947036567865563,0,200,M
-1.70859412793,-10.045273,6.4732970000000005,1.9865732350849488,-1.867691,3.9464732183558793,0,200,9.405314872549999,0.70451355,18.22818,2.0516979348494324,9.433434,4.209464415865425,0,200,1.3412650274400002,-4.366028,9.138869999999999,1.6518727170889231,1.2564392,2.7286834734627416,0,200,M
-1.4117907672049999,-7.833099400000001,3.4522552,1.6672536899094756,-1.37728115,2.779734866516762,0,200,9.544751212000001,3.8240510000000003,15.571396,1.5281136191410478,9.5493775,2.3351312330043514,0,200,1.0667509475325003,-2.4682617000000002,5.102233999999998,1.410984996460867,0.8925704999999999,1.990878660237673,0,200,M
-1.4505880008524994,-8.046325999999999,5.9714355,1.8979385703622975,-1.3257141000000001,3.6021708168688833,0,200,9.3973556548,-0.35736084,17.098876999999998,2.1081638081112355,9.385292,4.444354641830066,0,200,1.3510691873749996,-4.389282,5.4743805,1.6335734189133635,1.15724945,2.668562114980296,0,200,M
-1.5928474421699994,-7.9124300000000005,4.201431299999999,1.8162020664716727,-1.63658905,3.298589946255976,0,200,9.558080574000002,1.0952301000000002,18.317947,2.0824746774954,9.5409395,4.3367007824095705,0,200,0.5530107111890002,-3.6327057000000003,4.201537999999998,1.6976288708238183,0.38441467,2.8819437830545533,0,200,M
-1.6115041428499988,-9.438248,5.6174927000000014,1.884783140711144,-1.68869785,3.552407487508964,0,200,9.5539069475,2.1167145,16.908325,1.6316251583309345,9.493233,2.6622006572984467,0,200,1.1239350851100005,-2.7424622000000003,10.703552,1.5264031716412148,1.06206515,2.3299066423963595,0,200,M
-1.6821533183150004,-10.957733000000001,7.0210114,2.0451750946719285,-1.37262725,4.182741167866332,0,200,9.44296624525,-1.5189514,18.322036999999998,2.081378947867764,9.477844,4.332138324627122,0,200,0.9423432181999994,-3.4090729,8.505524000000001,1.9475709034953848,0.611053475,3.793032424141831,0,200,M
-1.7375505823749997,-8.187042,4.275055,1.716274491857025,-1.67066195,2.9455981313990893,0,200,9.3910392065,1.5389252,17.408295000000006,2.0759830968689355,9.3878025,4.309705818485536,0,200,1.1441253661465005,-4.216629,6.7783050000000005,1.763786761655484,0.907104475,3.1109437405911398,0,200,M
-1.755047528480001,-11.219696,6.354431,2.288577782287993,-1.8389816,5.237588265582231,0,200,9.418659202500002,-3.694336,18.794968,2.6110231727301203,9.417999499999999,6.817442008533663,0,200,0.981348036424,-6.1110535000000015,5.783203,1.8121054439049236,0.908576965,3.283726139829859,0,200,M
-1.6297829471500007,-9.740341,4.905533,1.9830458495145893,-1.4233627000000002,3.93247084127704,0,200,9.36853081799999,2.959793,16.012894,1.6662678671554876,9.491966,2.776448605114897,0,200,1.0940927877050008,-6.126739499999999,6.680435000000001,1.6385865791905134,1.0059738,2.6849659775032695,0,200,M
-1.6220500165049998,-9.423477,7.1793520000000015,2.1287565844849734,-1.4714737000000002,4.531604595988131,0,200,9.511174240000004,-1.9003448,17.811722,2.4921606153760654,9.4429935,6.210864532831607,0,200,1.2576678487644997,-3.661972,6.991439999999999,1.884306724715516,1.13816835,3.5506118328081135,0,200,M
-1.6521890488323705,-10.119507,13.034134,2.8657548686417136,-1.4700928,8.212550967143686,0,173,9.508520363005776,-1.6695403999999998,17.197295999999998,2.7243522688523987,9.544464,7.4220952848012125,0,173,1.028414858669364,-4.6599580000000005,9.863754,2.1131771998576943,0.5414429000000001,4.465517877998407,0,173,M
-1.2330916566625003,-6.3956604000000015,2.710266,1.4354614030227393,-1.17059325,2.060549439568011,0,200,9.661660655500002,6.567932000000001,13.505753,0.9783788184643152,9.6006315,0.9572251124196296,0,200,-0.18434837149,-4.8751526,5.445801,1.55756583952167,-0.15924834999999998,2.426011344444845,0,200,O
-1.358104935635,-7.0151825,3.1847534,1.6129574888906415,-1.23162845,2.6016318609684044,0,200,9.686339957000008,6.761947599999999,15.519623000000001,0.9271751704337546,9.675659,0.8596537966688619,0,200,-0.1628217321625,-4.9731293,3.4475403,1.2994174791763593,-0.24959564,1.6884857851890438,0,200,O
-1.4258521291799997,-6.431488,2.590332,1.6834620556296946,-1.26966095,2.8340444927449573,0,200,9.653752595499997,6.455871599999999,14.587677,1.0103554241169563,9.530945,1.0208180830425546,0,200,0.2851934041815,-3.9613953,3.8878480000000004,1.321791543066116,0.31925964500000004,1.747132883321104,0,200,O
-1.5000029731160005,-6.958786,2.2767334,1.5623757406143883,-1.64041135,2.4410179548603583,0,200,9.700520969999998,7.6519165,14.309021,0.8978596349784609,9.5950165,0.806151924123655,0,200,-0.15510902437000007,-4.8888702,2.5599976000000004,1.1545304404358874,-0.027999878,1.3329405378930843,0,200,O
-1.6608355006950013,-7.2747345,2.7559357,1.6630113197850938,-1.71541595,2.76560664973336,0,200,9.601068431000002,6.0999602999999984,15.853729000000001,1.1147073958915297,9.446327499999999,1.2425725784552757,0,200,0.2280379504538002,-4.507293700000001,3.5268555,1.4137390730452193,0.12966919,1.998658166654756,0,200,O
-1.6840235891399995,-6.843994,3.1510773,1.8136811172834988,-1.7877349999999999,3.2894391951907207,0,200,9.566136548499996,6.224289,14.752258,1.1916167731879197,9.47566225,1.4199505341427896,0,200,0.33394058041700025,-5.3063199999999995,5.348343,1.5642185781493738,0.12474823,2.4467797602276486,0,200,O
-1.8105059805200001,-8.633362,2.031952,1.7828140840064532,-2.2079543999999998,3.1784260581317687,0,200,9.613063151000002,6.431793,15.715073,1.1707398179799404,9.3901825,1.3706317214037038,0,200,-0.08719436393400005,-15.955322,3.6226196,1.8799957515310188,-0.07157898,3.5343840257746804,0,200,O
-1.52553230862,-8.083298,3.1181946,1.7234449346199845,-1.65171815,2.9702624426672832,0,200,9.66258577,8.069443,14.235519,0.8696088978162283,9.5075915,0.7562196351611554,0,200,-0.4168181614524997,-4.6853333,3.5937195,1.4673664256301855,-0.382171625,2.153164227066706,0,200,O
-1.4773158288674997,-8.054825,3.506958,1.7468546245653318,-1.5222855000000002,3.0515010793652864,0,200,9.630458309999998,8.211227000000001,14.610748000000001,0.8720189099417549,9.4612885,0.7604169792960064,0,200,0.2724903106771502,-4.050842299999999,3.7187957999999997,1.3030983880129727,0.35340118499999995,1.6980654088420082,0,200,O
-1.888640595695,-9.344421,2.9922485,1.9655580053877544,-2.0093688999999997,3.863418272543888,0,200,9.592502406499996,6.736648599999999,16.308730999999998,1.041595503681548,9.4416655,1.0849211932896172,0,200,0.043436052159500034,-6.042923,3.6462555,1.4199158165615386,0.185005185,2.016160926121621,0,200,O
-1.3427284210500008,-8.129593,2.3360138,1.412491066924662,-1.1463089,1.99513101414197,0,200,9.642214551999995,7.185486,13.903351,0.9253812274400924,9.6301575,0.8563304160985319,0,200,0.3465895069449999,-3.064682,3.0543365000000002,1.1222872268224966,0.294509885,1.25952861948893,0,200,O
-1.5022342674905007,-7.426407000000001,4.4559326,1.6716034619102216,-1.84915925,2.7942581338702377,0,200,9.626378490499999,7.077072,14.557175,0.9757984259512744,9.543999000000001,0.9521825680889849,0,200,0.26126426760000004,-4.1355286,4.0509186,1.347149717600408,0.30419159,1.8148123616308596,0,200,O
-1.7475451724850006,-9.092545,3.0299072,2.293376042876924,-1.5970688,5.259573674041817,0,200,9.547442312500003,6.6004179999999995,14.902648999999998,1.2857449787043425,9.45217875,1.65314015026343,0,200,-0.061305772537500004,-6.8567505,3.6268462999999995,1.5937490810225994,0.052238465,2.5400361332603802,0,200,O
-1.5358174148688994,-7.3321229999999975,1.4548798,1.383059205900814,-1.57508085,1.9128527670269904,0,200,9.643410533999996,7.6400757,12.593277,0.7621288788429317,9.526466500000002,0.580840427966384,0,200,0.2027948785735,-5.1404114000000005,3.0549927,1.1713561395194232,0.32768249,1.3720752055898462,0,200,O
-1.5600576758355,-6.5898285,2.9115906000000003,1.7601542059467177,-1.8324813999999998,3.0981428287119197,0,200,9.636715923500004,6.3285522000000025,13.215225,0.9146358915818888,9.561760000000001,0.8365588141697968,0,200,-0.08004706955,-4.971237,3.0722046,1.2435618374256028,0.07337188750000001,1.5464460435013412,0,200,O
-1.570482638372001,-8.184998,2.5519257,1.623925476731238,-1.64990995,2.6371339539767797,0,200,9.647867226500003,5.5261383,17.243682999999994,1.1198227112480907,9.54110725,1.254002904627025,0,200,0.3261067182399999,-3.7861176,3.4151306000000003,1.1817484390426336,0.30625916,1.3965293731797013,0,200,O
-1.2991046170749996,-9.300751,4.196289,1.5592979366180266,-1.5309219500000002,2.431410055141236,0,200,9.646919015000002,8.140244000000001,13.717056,0.6316169840953658,9.5617905,0.3989400145977257,0,200,0.22553878540000005,-4.1202393,2.5765839,1.0798389967857371,0.35420227000000004,1.1660522589792268,0,200,O
-1.4868765519360458,-8.736343,2.4181976,1.6674999954552037,-1.6496124500000002,2.7805562348431043,0,172,9.675099830232565,7.366455,16.92543,1.112429677692439,9.545692,1.2374997878109038,0,172,0.1049169502558139,-4.562851,3.4525604,1.4463036208898359,0.337860115,2.0917941637990505,0,172,O
-2.5147965297450003,-11.532653999999999,3.826767,2.0107906718933157,-2.4812622000000006,4.043279126173174,0,200,9.4813239615,2.925003,17.268660999999998,1.9302745883310424,9.326889,3.7259599863565755,0,200,-0.07811622706499999,-9.983398,5.121322599999999,2.265753636586535,0.15245819500000002,5.133639541705108,0,200,P
-2.383149644995,-7.429839999999999,2.8348694,1.7486101980933415,-2.2255249,3.0576376248760355,0,200,9.404043588499997,5.299255400000002,14.080994,1.198685280224272,9.262047,1.4368464010263418,0,200,0.3052353657894998,-7.3498839999999985,3.9303894,1.7300000670216031,0.36076355,2.992900231894751,0,200,P
-3.780510707559998,-10.313416,-0.048614502000000004,1.5992260581819004,-3.7343826,2.557523985168019,0,200,9.050814456499996,5.0046844,17.524368,1.4251478436069174,9.0777815,2.031046376137447,0,200,-1.153966292197501,-6.450775,3.5700073,1.6709397133532171,-1.0153961,2.7920395256609307,0,200,P
-3.5306670407300005,-9.040436,1.6643066000000002,1.5633810874515308,-3.4788132000000003,2.4441604246011317,0,200,9.104615482499998,5.9275513,11.909836,0.9598368154497849,8.991767999999999,0.9212867122927848,0,200,-0.2571867350850002,-4.236084,3.5028839999999994,1.5152709743377986,-0.25991821000000004,2.296046125670621,0,200,P
-3.1842235533600007,-7.163284299999999,2.3495482999999995,1.4805111900425971,-3.1198730500000003,2.1919133838413467,0,200,9.328421127000006,6.555771000000001,17.340378,1.2364498614698431,9.198738,1.5288082599287944,0,200,-0.05521385042049997,-3.3428955,4.829071,1.4541829129432384,-0.1355362,2.1146479442960815,0,200,P
-3.657115788699999,-10.691528,3.0486298,1.500391596088668,-3.7440491000000002,2.2511749416135007,0,200,9.107945737,4.9507904,16.3488,1.3222949817242948,8.977112,1.7484640186932532,0,200,-0.12054611129000005,-7.0354614,3.9526825,1.4886434994628563,-0.142669675,2.2160594684930195,0,200,P
-5.5426109285,-7.7220764000000015,-1.6401061999999995,0.8751519281079071,-5.7356491,0.7658908972709874,0,200,8.124943629499997,6.630661,11.274047999999999,0.7752026879341827,8.027801499999999,0.6009392073803819,0,200,-1.41591011135,-4.7359467,1.8598175,1.2940923596348823,-1.39643095,1.6746750352653774,0,200,P
-6.144424589500001,-7.2626649999999975,-4.8193207000000005,0.511150880443341,-6.17769615,0.26127522257800273,0,200,7.697803036999999,6.1959230000000005,9.659836,0.5938860101093223,7.6821899500000015,0.3527005930035701,0,200,-1.9600347893500012,-3.3356476,0.2735138,0.6017589004771633,-2.0498657500000004,0.36211377430348457,0,200,P
-4.380815340850003,-7.570877,-0.39230347,1.296148567926105,-4.51702115,1.6800011101368937,0,200,8.802031640000003,6.389419599999999,11.757843,1.1149727223410917,8.6302715,1.2431641715647046,0,200,-1.00980956836,-4.4895935,4.096527,1.4155228547155423,-1.15148925,2.003704952222039,0,200,P
-3.2452077495999996,-7.771408,2.5080261000000004,1.5438118171896542,-3.3312988,2.3833549268944223,0,200,9.266175463999996,4.6092377,14.526703,1.2432105262640183,9.1702655,1.5455724126136583,0,200,-0.2469370287860001,-3.9310608,6.2224580000000005,1.40765715168174,-0.355636595,1.981498656680749,0,200,P
-3.7196184488000017,-8.845383,3.4667053,1.6220851165638035,-3.90654755,2.631160125377808,0,200,9.040888666000004,6.5021057,12.023239,1.0019291306538076,8.964256000000002,1.003861982852695,0,200,-0.4300136559899999,-3.8445129999999996,3.9657593,1.4678248812880257,-0.53095245,2.154509882128207,0,200,P
-4.408137733500001,-6.5584869999999995,-1.217926,0.973907568985485,-4.4637832999999985,0.9484959529272172,0,200,8.786234220999999,7.1964570000000005,15.177520999999999,1.0185643678266951,8.58061975,1.0374733714061957,0,200,-1.5823639662650004,-4.2087555,1.4967803999999998,1.1829534245297983,-1.6306381500000002,1.3993788046067774,0,200,P
-4.448174136025002,-7.5072784,-0.095703125,1.278239288216782,-4.608963,1.633895677940945,0,200,8.594830033000001,5.424347,13.613022,0.9920861800384048,8.4618225,0.984234988623194,0,200,-2.11142890911,-8.165909,2.4898987,1.722183543212844,-2.3838425,2.9659161565131456,0,200,P
-4.826772929730001,-10.792465,-0.016311646000000003,1.453597765031653,-4.96846775,2.1129464625050165,0,200,8.482076637999997,4.9318542,15.705901999999998,1.2370815152052892,8.4047545,1.5303706752626145,0,200,-1.92975463929,-6.3355865,8.172028,1.6822928099977401,-2.0545731,2.830109098570092,0,200,P
-4.854701927350002,-8.524933,-0.44970703,1.3016695262331968,-5.216880799999999,1.6943435555241548,0,200,8.411079975000005,5.6019287,15.466034,1.2192408582500134,8.185317999999999,1.4865482704262292,0,200,-1.82796051032,-7.9663850000000025,2.9417877,1.6556932121478634,-1.89824675,2.7413200127525097,0,200,P
-3.8123188044,-7.662261999999999,1.7859039,1.4079125379691226,-3.82475275,1.982217714570656,0,200,9.053245759000003,6.590332000000001,12.88353,1.0519950732799772,8.986374,1.1066936342053444,0,200,-0.4491439059049999,-3.7056273999999996,3.7190093999999996,1.1938706007682942,-0.515914915,1.4253270113788477,0,200,P
-3.8203536147499992,-9.068558,2.4662322999999997,2.1486833954180256,-3.95856475,4.616840333745135,0,200,8.8803445375,5.568939,14.269179999999999,1.3137238198985135,8.819420000000003,1.725870274968743,0,200,-0.5901853953375,-5.3527374000000005,3.765686,1.5964618693446908,-0.79818725,2.5486905002715443,0,200,P
-4.455122142758621,-8.1983185,-0.98036194,1.3212316531807706,-4.4903488000000005,1.7456530813667923,0,174,8.785916714367811,6.9943237000000025,14.211075,1.0508830786379857,8.688301,1.10435524496765,0,174,-1.4324181228390798,-4.376343,2.8573607999999995,1.2662045273104134,-1.40101625,1.603273904981387,0,174,P
1.8094940214999995,1.4781342,2.2848053,0.13148639413844207,1.79376985,0.01728867184352973,0,200,9.047929970000002,7.994919,9.264038000000001,0.2323615875840649,9.1201095,0.053991907384587055,0,200,2.4989987964999987,1.8047943,4.388168299999999,0.5029976374342996,2.34430695,0.2530066232644871,0,200,Q
2.093513564,1.4787598,2.484604,0.10653671019580498,2.0886764,0.011350070619344937,0,200,9.2162834525,8.977631,9.416595,0.058239325109586314,9.21797925,0.003391818989220091,0,200,1.7671956624999994,1.3107758,2.8369293,0.17080979286393372,1.7448578,0.029175985338219936,0,200,Q
2.0274349995000005,1.6792755000000001,2.291153,0.0980218961840196,2.0314484000000004,0.009608292131510713,0,200,9.191679912499998,9.066986,9.381744,0.0543138760273252,9.185699499999998,0.0029499971291116504,0,200,1.9308503725,1.2724761999999998,2.3896332,0.16975030665732205,1.96062465,0.028815166610254867,0,200,Q
2.2563326249999984,1.7962341,2.8409271,0.186867156225916,2.24062345,0.03491933407596088,0,200,9.303122902500006,9.035675,9.452072,0.09152236733237594,9.322952,0.008376343722122355,0,200,1.1907243341500005,0.6544647,2.262848,0.3743003423262679,1.15478515,0.14010074626556135,0,200,Q
1.9511843860000004,1.5828857,2.4094086,0.2377487994803893,1.8292389,0.05652449165436636,0,200,9.401953884999998,9.227432,9.567535000000001,0.054372055025516224,9.3997955,0.002956320367697764,0,200,1.0704337300499995,0.15652466,1.6805878,0.3473890008600797,1.2109985,0.12067911791856445,0,200,Q
1.8124116514999995,1.4109802,2.0522308000000002,0.11586438827950815,1.83937835,0.013424556471384623,0,200,9.4126116075,9.253098,9.55809,0.04434706481021141,9.40705875,0.001966662157281091,0,200,1.2123479462500002,0.8791809000000002,1.6856078999999995,0.14392580804506938,1.2035675,0.02071463822142616,0,200,Q
1.880396729,1.5268097,2.0766296000000004,0.07487168759570273,1.8895798,0.005605769603428507,0,200,9.353282932499994,9.186829,9.577438,0.05220863675822671,9.3509215,0.002725741752152461,0,200,1.4312454244999993,0.9018402,1.848053,0.18447700232123726,1.4444503999999998,0.034031764385429764,0,200,Q
1.7599588800000003,1.4500427,2.0289612,0.1038265754128344,1.7442627000000002,0.010779957761956987,0,200,9.378031342499998,9.131149,9.510589999999999,0.07088222927964535,9.38409425,0.005024290427652213,0,200,1.4292729209999993,0.96702576,1.8919066999999998,0.19735115287390875,1.3978423999999998,0.0389474775406609,0,200,Q
1.95072281,1.5489502,2.2181091,0.10892549337730932,1.963501,0.011864763107490257,0,200,9.216187564999997,8.940506,9.613678,0.06704693919522367,9.208007499999999,0.004495292055448021,0,200,1.903635479000001,1.3879852,2.1724243,0.13479069243508476,1.92116545,0.01816853076712962,0,200,Q
1.614274749,1.2680053999999998,1.9611816000000002,0.14528881049495346,1.6336975000000002,0.0211088384550385,0,200,9.251419395000006,9.037811,9.417465,0.07047481880321298,9.25003075,0.004966700085345701,0,200,2.0197753079999994,1.4159241000000002,2.6115875,0.2449770681117744,2.06861115,0.06001376390064096,0,200,Q
1.776216051000001,1.403183,2.5861664,0.2867737299964116,1.6765518,0.08223917221605477,0,200,9.418432715000002,9.162155,9.645142,0.09494394479570893,9.41255175,0.009014352653370623,0,200,1.1511905685999997,0.26234436,2.3751373,0.512553248507898,0.91822815,0.26271083255599903,0,200,Q
2.130199054,1.6259308000000001,2.727188,0.1451068672672616,2.1393204,0.02105600292811868,0,200,9.3368927175,9.059142999999999,9.589325,0.0658073840570998,9.3391725,0.004330611796438633,0,200,1.2075074811,0.27194214,2.1010437,0.2486086731672331,1.17720795,0.061806272373972126,0,200,Q
2.1870405525,2.0385437,2.4163513,0.08159790125522952,2.1834488,0.006658217489258187,0,200,9.351525214999992,9.169357000000002,9.505524000000001,0.07045282716487608,9.3490905,0.004963600855523898,0,200,1.0432710240499998,0.43420410000000004,1.7343445,0.3648810983451935,1.23605345,0.13313821592959474,0,200,Q
2.245927124499999,1.6813354,2.6541595,0.13701351261235115,2.22087095,0.01877270263837491,0,200,9.399264515000002,9.277557,9.572678,0.04203595113048467,9.400764500000001,0.001767021187444495,0,200,0.6804224388000004,0.34333800000000003,1.1368713,0.1873779178518536,0.696784965,0.035110484098495987,0,200,Q
2.220832367500001,1.7515106,2.6259918,0.1581260234950108,2.27679445,0.025003839306344717,0,200,9.313696207499998,8.994705,9.521866000000001,0.10387131152183952,9.3364945,0.010789249357267031,0,200,1.1423797632499997,0.38616943,2.1302642999999994,0.5712551945541335,0.756294265,0.326332497305081,0,200,Q
1.936752474500001,1.6292267,2.277298,0.1570318045081964,1.9236221000000002,0.02465898762710041,0,200,9.364136059999996,9.080703999999999,9.594147,0.09232964297744853,9.3889235,0.008524762972343107,0,200,1.2895401764500007,0.5136261,2.2749175999999998,0.3188335140131452,1.23605345,0.10165480965797047,0,200,Q
2.132253493999998,1.8598938000000005,2.295456,0.07027235012402909,2.1350937,0.004938203191954132,0,200,9.377235627500003,9.1931,9.490524,0.04018870040529215,9.380333,0.0016151316402663292,0,200,0.9999567433499996,0.74290466,1.397232,0.10435211820574082,0.985908515,0.010889364574024904,0,200,Q
2.128529102312139,1.7860107,2.3585967999999995,0.07859749756552474,2.1235504,0.006177566623562666,0,173,9.304391505780348,9.101868,9.510315,0.061208752409132934,9.299103,0.0037465113714825376,0,173,1.368498961271676,1.0012054,1.8039703,0.1592413574569954,1.4021454,0.025357809924746583,0,173,Q
2.710311661499999,2.2893220000000003,3.0484923999999998,0.11773180813585404,2.7039795,0.013860778646937551,0,200,7.975837570999997,7.6154633,8.295197,0.10032374627664314,7.987037700000001,0.01006485406698027,0,200,4.237952728999999,3.7359923999999998,4.7091827,0.1798728824302465,4.23441315,0.03235425383376528,0,200,R
2.8767086760000016,2.4808807,3.2762756,0.1455775564844176,2.8631897,0.02119282495197379,0,200,7.940037763,7.718948399999999,8.175568,0.0783116196676695,7.9384613,0.0061327097749737216,0,200,4.186307614000003,3.1477814,4.8469999999999995,0.22092844353238345,4.1859817999999995,0.048809377161641535,0,200,R
3.5360006735000016,2.535141,4.114197,0.3664645278690657,3.6753158999999997,0.1342962501862972,0,200,7.3479448775000025,5.957947,9.019592,0.4181323239112448,7.197074799999999,0.17483464029941814,0,200,4.582640293000001,3.2387848,5.6895904999999996,0.3942058964543744,4.6651383,0.155398288799397,0,200,R
3.7073580964999997,3.1418915000000003,4.1918793,0.17700483514831636,3.7083359,0.03133071166588265,0,200,7.186447066500003,6.531372,7.478012,0.12820180475853934,7.199928249999998,0.016435702743346648,0,200,4.706062690000001,4.0384519999999995,5.6552277,0.2595501854865988,4.66464995,0.06736629878612782,0,200,R
3.658188172,3.2850493999999997,4.0135193,0.1442874251245599,3.6715317,0.02081886104907548,0,200,7.166196666499994,6.8360443,7.6163025,0.13233434075481382,7.1557770000000005,0.017512377743011183,0,200,4.774951918000002,3.926651,6.178833,0.26751774885249163,4.7765808,0.07156574595110479,0,200,R
3.7107897204999984,3.3511963,4.1862946,0.14470426569684408,3.7040558,0.020939324510862847,0,200,7.265787349999997,6.9457854999999995,7.6154785,0.11853507229107993,7.260780349999999,0.01405056336305154,0,200,4.609040912500001,3.9926758,5.17276,0.22672196216429374,4.5948410000000015,0.051402848127627465,0,200,R
3.6342411755000015,2.984085,4.1501160000000015,0.1836364856278999,3.64205935,0.03372235885376588,0,200,7.14214714,6.666641,7.428421000000001,0.12899224842563525,7.152343849999999,0.0166390001539008,0,200,4.806147300000001,3.807785,6.0987550000000015,0.2579206690777115,4.7964553,0.06652307153749437,0,200,R
3.8428720070000018,3.5096436,4.1987305,0.1282622720687708,3.84830475,0.016451210436243386,0,200,7.024926064500004,6.7501373,7.202545,0.08848637857265035,7.032432599999999,0.007829839192902395,0,200,4.814035576500001,3.6360474000000003,5.805496,0.2456428811415261,4.809517,0.060340425055509926,0,200,R
3.893129348,3.4771729,4.259551999999999,0.14032599932401807,3.91423035,0.019691386086284318,0,200,7.042610170999994,6.491272,7.292312599999999,0.10626610409004852,7.052146799999999,0.011292484878477027,0,200,4.755648568499999,3.6512604,5.876556400000001,0.24996548326474485,4.7322310000000005,0.06248274282377742,0,200,R
3.9891740445000017,3.6504974000000003,4.486923,0.1446060797204754,3.9820328000000003,0.020910918292124492,0,200,6.911878902499999,6.409622,7.250122,0.16285886340791902,6.9358368000000015,0.026523009390519225,0,200,4.8587123120000015,3.3450012000000005,6.809021,0.454494228065803,4.80828095,0.20656500334513014,0,200,R
3.9068130475,3.5037230999999998,4.371109,0.16316834518290196,3.92251585,0.026623908869726643,0,200,7.013618838499999,6.5641785000000015,7.2423553,0.11631445006798227,7.0323105,0.013529051294617143,0,200,4.769870000500001,4.3717194,5.6206512,0.2000943651505716,4.7283477000000005,0.04003775496501028,0,200,R
3.8258454125,3.4973449999999997,4.23761,0.13970938100612526,3.8383102,0.01951871114111467,0,200,7.031760246499995,6.7358856,7.4078217,0.1067853657741376,7.02870175,0.01140311434351636,0,200,4.819239954000001,3.867981,5.70636,0.20276666576876384,4.82292165,0.041114320746981584,0,200,R
3.7595682540000026,3.4176636,4.156311,0.12881961181235954,3.7698669,0.01659449238748701,0,200,7.018035903500001,6.709961,7.2799225000000005,0.10174216521062476,7.028969,0.010351468181746063,0,200,4.8848690735,3.9895935,6.262862999999999,0.20183524277709014,4.87042235,0.04073746522688693,0,200,R
3.7801004815,3.3550262,4.348236,0.16894183026628934,3.78389735,0.028541342013723717,0,200,7.026539389500003,6.7203827,7.3339690000000015,0.11170530236515176,7.042717,0.012478074576489976,0,200,4.851408224999999,4.4521637,5.7077026,0.19509021211274405,4.83951575,0.03806019086219546,0,200,R
3.711511992500001,3.2838745000000005,4.1828613,0.19206640810353892,3.69246675,0.03688950512179517,0,200,7.026159672000006,6.682800299999999,7.287628,0.11227437163909837,7.0408478,0.012605534526954376,0,200,4.8968100765,4.418915,5.6996459999999995,0.2202065562070948,4.8698045,0.04849092739658838,0,200,R
3.800035631000002,3.2803345,4.3661957000000005,0.1817607990047772,3.8010559999999995,0.03303698805485502,0,200,7.060074987499998,6.747986,7.350647,0.11718288195312347,7.0707779,0.013731827822839672,0,200,4.797617495000002,3.8690337999999995,5.415573,0.20675323202775964,4.785247700000001,0.04274689895392461,0,200,R
3.735717697000004,3.1940765,4.1103516,0.18410687125974207,3.7297287000000003,0.033895340045051264,0,200,7.017669218000008,6.501922599999999,7.292022699999999,0.12219196795819046,7.0282287,0.014930877033495443,0,200,4.8810975655,3.9066315,6.0634003,0.2735068522344885,4.86817175,0.07480599821921834,0,200,R
3.7531410150289033,3.3517303,4.048462000000002,0.13827715158257597,3.7595824999999996,0.0191205706497907,0,173,7.048054608092482,6.752884,7.3442993,0.11516670859910814,7.05777,0.013263370769551893,0,173,4.850622446820808,4.3059387000000005,6.096817,0.2360029486829591,4.827713,0.05569739178705144,0,173,R
-1.5554304515000006,-2.602768,-0.24954224,0.37921738871728333,-1.4973983999999998,0.14380582790555524,0,200,9.686264934999997,8.798248,10.159317,0.14711165099436288,9.694305499999999,0.02164183785828723,0,200,-0.0007459259499999763,-2.008255,0.61872864,0.4334696481254752,0.124336245,0.18789593584602327,0,200,S
-1.5886214439000006,-3.19339,-0.49990845,0.353853045270052,-1.5196304500000002,0.12521197764688946,0,200,9.6846160325,9.192566000000001,10.205124,0.1253582240025482,9.682518,0.01571468432507305,0,200,0.00019989065349997864,-1.9838256999999997,1.4661255,0.5672079974027904,0.14857482500000002,0.3217249123176838,0,200,S
-1.665906527949999,-2.883667,1.1403351000000002,0.5931179139531364,-1.5668869,0.3517888598521201,0,200,9.656093512500004,8.542969,11.941238,0.3009111476259377,9.6755905,0.09054751876555887,0,200,-0.13509338441850013,-1.6010895,3.0349884,0.8098808443820132,-0.17517090000000002,0.6559069820969227,0,200,S
-1.7220142329999992,-3.710907,-0.8165435999999999,0.4899734835830742,-1.596199,0.24007401461453315,0,200,9.672943260000004,8.568878,10.76532,0.21312152885501714,9.692291,0.045420786061499914,0,200,-0.23577323844974998,-1.8749237,0.9091796999999998,0.5767489164372143,-0.012489318999999999,0.3326393126115008,0,200,S
-1.9836326612,-3.5104675000000003,-0.4793396,0.6037635781245394,-1.8273163,0.3645304582697469,0,200,9.634235012500003,8.286667,10.94397,0.24541832899722474,9.6682435,0.060230156207790035,0,200,-0.3588335419549999,-1.5038757,0.8489684999999999,0.5019027416295033,-0.26243591,0.25190636205521194,0,200,S
-1.8412209341500003,-3.8027954,0.8742981,0.6627633518070691,-1.7252349999999999,0.4392552604985409,0,200,9.641443863,7.560561999999999,13.584503,0.4442816086997421,9.6539535,0.1973861478288308,0,200,-0.16623824920750002,-2.205841,3.006607,0.7369894788139447,-0.003341675,0.5431534918824499,0,200,S
-1.7592111983,-3.034729,-0.8740082,0.3980119927008638,-1.6282959,0.15841354633371246,0,200,9.647194790000004,8.633392,11.158813,0.230596327761107,9.662910499999999,0.05317466637690789,0,200,0.2015028374469501,-1.1884766000000002,1.8833466,0.5346196962827405,0.21004486500000005,0.2858182196534498,0,200,S
-1.6563050825000014,-2.8097076000000003,-0.6295470999999999,0.3642449899904748,-1.56923675,0.1326744127331611,0,200,9.66649194,9.0793,10.076065,0.11652933703475785,9.6742935,0.013579086389760188,0,200,-0.043352965770000064,-1.8409881999999997,0.68634033,0.5184412857433194,0.14184570000000002,0.2687813667631861,0,200,S
-1.8186513527499997,-3.4889068999999995,-0.44058228,0.5049597690838443,-1.7267685000000002,0.25498436839320937,0,200,9.598551832500002,8.498291,10.458633,0.2967048448919313,9.634536500000001,0.08803376498234497,0,200,0.28372757083999994,-1.8323517,2.9345397999999996,0.8680680071204718,0.299308775,0.7535420649861075,0,200,S
-1.9051585375000009,-3.3466949999999995,-1.0377045,0.433017608970915,-1.85478975,0.18750424967888826,0,200,9.635383402500004,9.058411,11.0420685,0.16137266729487065,9.6431355,0.02604113774986102,0,200,0.057869339919999964,-1.3922729999999999,0.95532227,0.442419659669302,0.08996582,0.19573515526190105,0,200,S
-1.8498784634,-3.4198760000000004,-0.29264832,0.4573099248499573,-1.7956772,0.2091323673662736,0,200,9.637137140999991,7.9366302,11.967392,0.3544064262361594,9.65991975,0.1256039149574863,0,200,0.03977943427215008,-1.5976563,2.2235107000000003,0.6740213566242813,0.035858155,0.4543047891856366,0,200,S
-1.7740082547499998,-4.0388947,-0.93255615,0.4467460345464624,-1.701889,0.19958201938298895,0,200,9.6723951425,9.109146,10.068207000000001,0.14129875759047386,9.672363,0.01996533889661149,0,200,-0.1376615915319999,-2.8009338,0.8779144,0.4768655872943782,-0.0991745,0.2274007883456122,0,200,S
-1.6522193144999997,-3.1256409,-0.3657837,0.35330498102042224,-1.6033554,0.12482440961384092,0,200,9.686818152499994,9.09935,10.213669,0.13611948783440966,9.686217999999998,0.018528514968301997,0,200,0.07232978845049995,-0.8774109,2.490799,0.3566226588030712,0.080513002,0.12717972077177173,0,200,S
-1.5676708213999997,-2.4376678,-0.75357056,0.2496259824535789,-1.57941435,0.06231313111591447,0,200,9.702560345,9.384781,10.144897,0.08643223446131579,9.701393,0.007470531153975864,0,200,0.07943382266300003,-0.79618835,0.7001189999999999,0.2585342471108004,0.133850095,0.0668399569291484,0,200,S
-1.699953305198001,-5.5582123,-0.0071868895999999995,0.5760633099863941,-1.6930084499999998,0.3318489371124802,0,200,9.638871924500007,7.6827393,10.394989,0.2655037214686948,9.6614075,0.07049222611372627,0,200,0.2477075957299999,-1.6707763999999998,3.1788025,0.6780264450870774,0.30420685000000003,0.4597198602374197,0,200,S
-1.6171703334999998,-3.0963135,-0.8647461,0.31575811571353996,-1.58531185,0.09970318763896532,0,200,9.6774937575,9.280028999999999,10.023239,0.1073016492689376,9.6735,0.0115136439358341,0,200,0.1313870248950001,-1.136261,0.9990844999999999,0.5052440801055358,0.198387145,0.255271580481689,0,200,S
-1.7897511264999997,-3.6794127999999997,-1.1159668,0.4987222620299482,-1.6520233000000002,0.2487238946442683,0,200,9.624771822499994,9.175613,10.065613,0.11982583992317228,9.6451645,0.014358231913293709,0,200,0.05324439870300015,-2.8493347,0.7843323,0.8442131085001201,0.37722015,0.7126957725634356,0,200,S
-1.491715099534884,-2.372223,-0.54811096,0.2864868556186425,-1.4913253999999998,0.08207471844225687,0,172,9.650628590116282,9.126495,10.058563000000001,0.12427708155592332,9.6497115,0.015444793000057615,0,172,0.531460250145349,-1.5882874,1.2829742,0.38467413701407616,0.54911805,0.14797419168752424,0,172,S
