x_accel_mean,x_accel_min,x_accel_max,x_accel_std,x_accel_median,x_accel_variance,x_accel_zero_crossing,x_accel_mean_crossing,y_accel_mean,y_accel_min,y_accel_max,y_accel_std,y_accel_median,y_accel_variance,y_accel_zero_crossing,y_accel_mean_crossing,z_accel_mean,z_accel_min,z_accel_max,z_accel_std,z_accel_median,z_accel_variance,z_accel_zero_crossing,z_accel_mean_crossing,Activity_ID
-6.203943851599998,-19.506226,4.573425299999999,4.927230725568043,-6.31304935,24.27760262298177,0,200,-8.338064640500006,-18.066329999999997,-3.4622803,2.8029127847791644,-7.854820350000002,7.856320079078487,0,200,-0.8424471336399992,-15.542664000000002,17.015717000000002,3.5149256520242216,-1.22730255,12.354702339257894,0,200,A
-5.946516502799995,-17.781585999999994,4.4266663,5.251826707136793,-6.37757875,27.581683761795286,0,200,-8.687733937499996,-19.31041,-3.662277200000001,3.016810173222624,-8.227996749999999,9.10114362125952,0,200,-0.9010991726649994,-17.025451999999998,17.868546,4.270217699828165,-1.0814133,18.234759203925744,0,200,A
-6.037392349875001,-19.74234,7.1747130000000015,5.475886880791708,-5.741249099999999,29.98533713122674,0,200,-8.625206377999998,-18.942642000000006,-2.5658417,3.4264922116532963,-8.0320815,11.740848876520696,0,200,-1.4958345790400005,-16.23761,14.994919,3.8051258588164423,-1.43401335,14.478982801433572,0,200,A
-6.025585322730002,-19.278595000000006,6.8710020000000025,5.341599244201982,-6.011360099999999,28.53268248565918,0,200,-8.715352235349997,-18.98944,-0.90289307,3.09004325962746,-8.238480000000001,9.548367346369098,0,200,-0.7546400514349999,-16.98024,17.659653,3.825957436516089,-1.18384555,14.637950306032765,0,200,A
-6.229574294679999,-19.615265,4.125869799999999,5.475711541686459,-5.638259900000001,29.98341688775829,0,200,-9.008018850999992,-18.594711,-3.1224517999999994,3.253579720954958,-8.193985000000001,10.585781000609344,0,200,-0.6478627061049997,-15.404175,14.914642,3.7404674483226352,-1.08358,13.991096731961242,0,200,A
-6.038608330650001,-19.123993,7.986770599999999,5.687726404765855,-6.2041168,32.350231655470715,0,200,-8.761918848000004,-19.162628,-2.015152,3.29280616881108,-8.107544,10.842572465360304,0,200,-0.7053088328700001,-18.51509,15.4279785,3.822808712761564,-1.14388275,14.613866454365725,0,200,A
-6.463012404550001,-19.359116,8.550781,4.959249081696059,-6.426788349999999,24.594151454303198,0,200,-8.241119068999998,-17.533081,-2.1271972999999997,2.6670264764976954,-7.772995,7.1130302263397125,0,200,-1.1780290231669996,-19.025451999999998,13.631256,3.0548575882404005,-1.30109405,9.332154884429956,0,200,A
-6.4048634217999965,-19.227234,5.675415,5.513732673031637,-6.40454875,30.401247989656586,0,200,-8.494301227000001,-18.774658,-2.7289886,3.2057990816738395,-7.9248505000000025,10.277147752060834,0,200,-0.8905494634599997,-17.549758999999998,19.19513,4.146240787580105,-1.4578171000000002,17.191312668592886,0,200,A
-6.25368726775,-19.200073,5.2049866,5.356611326693943,-6.67608635,28.693284905265852,0,200,-8.449953453000001,-16.508896,-2.2194977000000002,2.9244300206229754,-7.80527485,8.552290945520895,0,200,-1.2290381628534988,-18.574203,17.009506,3.938337298005393,-1.43896485,15.510500672860415,0,200,A
-6.491028203135,-18.975067000000006,5.7661133,5.455778181667036,-6.1597976999999995,29.765515567554058,0,200,-8.450304179500005,-18.426865,-3.3231660000000005,3.2802090197352576,-7.5984269,10.759771213152538,0,200,-1.1561617194439997,-17.654297,14.103882,3.614449340587568,-1.4562759500000002,13.064244035673909,0,200,A
-6.3200966618899965,-18.643112,6.372635,5.214320304567872,-6.1733400000000005,27.189136238628784,0,200,-8.4480559395,-17.650665,-2.3350983,3.136387958316105,-7.69790645,9.836929425070268,0,200,-0.8281125642905,-17.631851,14.653931,3.8090178859963832,-1.0194931,14.508617255840356,0,200,A
-6.559185715799996,-19.098297,5.229339599999999,5.308727742589673,-6.67851265,28.182590244941245,0,200,-8.373751508500003,-18.17012,-2.3823090000000002,2.9947528822423286,-7.726386999999999,8.968544825698734,0,200,-1.14241127694,-15.730910999999999,17.437988,3.937168889313792,-1.30023195,15.501298862980395,0,200,A
-6.401848441185001,-19.679169,5.708175700000001,5.490662252134632,-6.3204192500000005,30.147371967016145,0,200,-8.388164120500004,-18.64714,-3.2940216,3.14259584841221,-7.692772,9.875908666457656,0,200,-1.1717798640100001,-18.393631,14.888321,3.924283671629583,-1.2724761999999998,15.400002335418561,0,200,A
-6.5441913627,-19.012344,5.1974029999999996,5.449210718629058,-6.707367000000001,29.693897456021816,0,200,-8.461410283999998,-17.436111,-3.1645507999999998,3.08297404358481,-7.853431749999999,9.504728953417674,0,200,-0.9987345878065496,-17.425873,18.21402,4.031601956613283,-1.0598755,16.253814336568052,0,200,A
-6.497744057150003,-19.38556,4.8508453000000005,5.386251766914596,-6.5097427,29.01170809659061,0,200,-8.446960054500003,-18.182083,-2.2886505,3.1688842105838075,-7.526275500000001,10.041827140087364,0,200,-0.8872010822120002,-18.373596,18.403015,3.6485433697843,-1.2192459,13.311868721196976,0,200,A
-6.417630218849994,-18.872894,5.100525,5.190565881757841,-6.6112213,26.941974172868573,0,200,-8.525644772500002,-19.010070000000002,-2.9198303,3.0523682054072316,-7.6341172,9.31695166138096,0,200,-0.8337108614200001,-17.951096,18.65532,4.06958351557798,-0.98067475,16.561509990264028,0,200,A
-6.226826492679995,-19.640488,7.983124,5.5392229134254745,-6.166191,30.68299048461781,0,200,-8.536040272000001,-17.849472,-2.7309265,3.1032590647565668,-7.6953735,9.630216822993804,0,200,-0.9666432148539996,-18.009811,15.130173000000001,4.213057262179616,-1.2088318,17.74985149440439,0,200,A
-6.237338126416183,-19.558212,5.4536285000000015,5.4480697320551625,-6.480652,29.681463805335607,0,173,-8.585998343352601,-18.259842000000006,-3.617752,3.0440693215962296,-7.740036,9.266358034683329,0,173,-0.6166656854913296,-19.575485,19.246399,4.389774835294748,-1.0952606000000005,19.27012310458703,0,173,A
-1.4826485365500006,-19.304688,19.250153,9.490768522685226,-2.7103195500000004,90.07468715119276,0,200,-10.180241607230004,-19.386353,18.526123000000002,9.652961710998603,-13.990638500000001,93.17966979400515,0,200,0.20159247933000013,-19.48854,19.246399,9.132376504027533,-1.2554473999999998,83.40030061131418,0,200,B
-1.9682466953,-19.749252,19.250153,9.497954066505567,-3.5015335,90.2111314494496,0,200,-10.41178222178,-19.386353,15.797607000000001,8.90079526198948,-13.373367000000002,79.22415629585437,0,200,0.01986794227000007,-19.466232,19.246399,9.118049639867461,-0.776435855,83.13882923508713,0,200,B
-0.3807031397500003,-19.561493,19.250153,10.03434984500833,-2.22789,100.68817681201872,0,200,-11.51796581576851,-19.386353,12.813492,8.870488847449543,-14.5480195,78.68557239272674,0,200,0.15868164008500016,-19.753006,19.246399,9.729924336383963,-1.36094665,94.67142759175691,0,200,B
-2.222179407064999,-19.430634,19.250153,10.39626325874409,-4.4531555,108.08228974511229,0,200,-11.121736448685004,-19.386353,14.877487,8.91065133762449,-14.356247,79.39970726070909,0,200,0.3145464369949997,-19.753006,19.1288,9.237132692094226,-0.5208892999999999,85.32462037135595,0,200,B
-1.96121683435,-19.621414,19.250153,9.448418446120039,-3.63417055,89.27261113298141,0,200,-11.090122088700003,-19.386353,13.654556,9.160262051211923,-14.654907000000001,83.91040084687329,0,200,0.9447401221999998,-19.034729000000002,19.246399,9.174671420981598,-0.3747406000000001,84.1745956829765,0,200,B
-0.8506250864199998,-19.512589000000002,19.250153,10.484637871919396,-3.4459763000000003,109.92763130528644,0,200,-11.44881511185,-19.386353,12.140625,8.773228897807009,-14.232505999999999,76.96954529331597,0,200,0.39586480825000014,-19.753006,19.246399,9.631714088053027,-0.117256165,92.76991627399916,0,200,B
-1.5095003260350006,-19.295212,19.250153,10.046232569789874,-3.2474289,100.92678884630686,0,200,-11.288824923300007,-19.386353,14.369979999999998,8.989248217584045,-15.092285,80.8065835173379,0,200,1.6253258646499995,-19.142944,19.246399,9.543033044483948,1.0511551000000001,91.06947968811261,0,200,B
-0.9762944844949992,-18.103226,19.250153,9.483865343086773,-2.5320816,89.94370184580238,0,200,-11.119304004035016,-19.386353,18.827621,8.989549116623694,-14.09877775,80.81199332018984,0,200,1.1385359841899994,-19.753006,19.246399,9.532432813086384,0.36538696,90.86727533600596,0,200,B
-2.416258064550001,-19.58638,19.250153,9.068631620387373,-4.302086,82.2400794662897,0,200,-10.948626519849999,-19.386353,15.465317,8.909390971997919,-13.04569225,79.37724749191803,0,200,1.1812095643974994,-19.719620000000006,18.668960000000002,9.196492905408222,0.20089721600000002,84.57548175922376,0,200,B
-1.2197341314,-19.664795,19.148773000000002,9.723243775020816,-2.9337464,94.54146950848106,0,200,-11.636529717100005,-19.386353,14.129532000000001,8.323604958375329,-14.1544645,69.28239950309036,0,200,2.110177847415,-19.753006,19.246399,10.212629054245284,1.61489105,104.29779219961495,0,200,B
-2.2934484742500008,-19.749252,19.250153,9.297545091213122,-3.5401306000000003,86.44434472314128,0,200,-11.527478594499993,-19.386353,10.565308,8.22087903155999,-14.424392500000002,67.58285205154273,0,200,0.7053824082499998,-19.753006,19.246399,9.497941171100381,-0.133872985,90.21088648968369,0,200,B
-0.21033767784999965,-19.393692,19.250153,10.241186165761887,-2.27829745,104.88189408179272,0,200,-11.593522160750013,-19.386353,15.272537,9.04443288173075,-15.175735500000002,81.8017661521324,0,200,1.2385337936299996,-19.729201999999997,19.246399,9.791864283408303,1.3570556499999995,95.88060614468719,0,200,B
3.0453106310349995,-19.36444,19.250153,10.489262211035683,2.76818085,110.02462173186122,0,200,-13.161072455100017,-19.386353,13.855087,8.351648342129854,-17.268379000000003,69.75003003060036,0,200,1.014606914675,-19.700714,19.246399,10.33821960570474,0.171859745,106.87878461577787,0,200,B
0.2969056889500001,-18.91864,19.250153,9.617818767868693,-0.94174195,92.50243785156724,0,200,-11.668784977600005,-19.386353,12.039368,8.397183904308513,-15.160942,70.51269752277798,0,200,2.7954405761334997,-19.365753,19.246399,9.557763182304862,2.406311,91.3508370490224,0,200,B
0.5216323010200002,-19.697174,19.250153,9.375447444039274,-0.91570283,87.89901477594256,0,200,-11.511070622949994,-19.386353,17.097153,8.818687367501594,-15.333785999999998,77.7692468857322,0,200,3.1796535553900003,-19.45288,19.246399,10.074925913792551,2.7321777000000003,101.50413216840865,0,200,B
-0.4806030974650001,-17.935195999999994,19.165298,9.36706370786429,-1.07221225,87.74188250718831,0,200,-11.134056343550013,-19.386353,16.8656,9.061484158802699,-14.676323000000002,82.11049516023228,0,200,2.8706442438850006,-19.753006,19.246399,9.561579409680313,2.19447325,91.42380080762248,0,200,B
-1.8333060331400002,-19.749252,18.189148,9.421366613642904,-3.2482757500000004,88.76214886866512,0,200,-10.711142897000007,-19.386353,18.048752,9.486375115023439,-13.417816,89.99131282293598,0,200,1.6937660997499997,-19.753006,19.246399,10.004163812769072,0.610717775,100.0832935927182,0,200,B
-0.8444674219942527,-19.54039,18.41594,8.748388170264366,-2.3271866,76.53429557762149,0,174,-11.172431106034491,-19.386353,18.087035999999998,8.78596977114789,-14.9832685,77.19326481952452,0,174,2.98327121908046,-19.753006,19.246399,9.72981000681996,2.2381134,94.66920276881382,0,174,B
-1.1714899467899995,-9.662063999999999,3.171341,2.2885068158051527,-1.0369872999999998,5.23726344598664,0,200,-9.280537408499997,-19.386353,-2.4224854,3.8898545719632596,-8.059433,15.130968591023473,0,200,1.9776696866649996,-6.743453999999999,10.618088,2.310570126413174,1.81893155,5.338734309072991,0,200,C
-0.7515117668574994,-5.556335400000001,6.760727,1.8011283515403311,-0.761741625,3.2440633387223903,0,200,-8.956850366999996,-16.205719000000002,-2.5492706000000003,2.733852665500934,-9.069786,7.473950396666562,0,200,2.327883530599999,-2.2883147999999998,12.700256,2.3493255687244687,1.8494644,5.519330627862549,0,200,C
-0.2741180422400003,-4.7496184999999995,5.1316833,1.5026869337942284,-0.48407746,2.2580680209958994,0,200,-9.100835416499995,-15.753403,-2.6627959999999997,2.2778649155322093,-9.259621000000001,5.188668573412558,0,200,1.7766911301649997,-2.5088043,14.697052,2.4571987627083423,1.45861815,6.037825759455407,0,200,C
-0.3749887042017003,-9.911026,5.725174,2.0653886815437703,-0.12629699500000002,4.265830405849112,0,200,-9.031984168479998,-17.414154,-0.111190796,2.981949089840304,-9.2173615,8.892020374399413,0,200,2.103485176474999,-13.273529000000002,10.106781,2.7107320368863554,2.3530045,7.34806817580205,0,200,C
-0.10097404240000003,-3.7151337,4.8701324,1.392148371343101,-0.20269012,1.9380770878332496,0,200,-8.995314623000002,-18.192107999999998,-1.9080810000000001,2.9176110266281667,-9.074363499999999,8.512454102702264,0,200,2.579701448945,-4.959121700000002,15.079269,2.9112381600979953,2.04846185,8.475307624810759,0,200,C
0.2834057637100001,-5.20282,5.0670470000000005,1.5681796548686977,0.177757265,2.4591874299441074,0,200,-9.0582086195,-16.408966,-2.3816832999999997,2.4202362313195245,-9.1205215,5.857543415391734,0,200,1.9136334255900005,-5.186508,12.206497,2.345452087233727,1.6121521,5.5011454935090445,0,200,C
0.2712124591599998,-9.850159,6.2616879999999995,2.1183985117566992,0.361953735,4.487612254612998,0,200,-9.285709772649994,-17.674545000000006,0.6831206999999999,3.0793482514322834,-9.311676,9.482385653599062,0,200,1.7622048903674996,-9.294205,12.258636,2.900168473351617,1.57821655,8.410977173822648,0,200,C
0.7057163258692501,-2.7047882000000003,5.4496155,1.4888941583785684,0.6379699750000001,2.2168058148538257,0,200,-8.728528026500003,-15.503310999999998,-2.3433685,2.7446091124261938,-8.81974,7.532879180012902,0,200,2.7608930917799994,-3.6497192000000003,15.174728,2.688230477425713,2.3784866,7.226583099760479,0,200,C
1.0006282081025,-2.9980621,5.5308227999999975,1.5522605980311734,0.96961975,2.4095129642000965,0,200,-9.204329076,-18.08191,-2.6668548999999997,2.4469301313296508,-8.990677,5.987467067608946,0,200,1.6789611046349997,-2.6179657000000005,7.7639312999999985,1.7564924924391785,1.70729825,3.0852658759951965,0,200,C
0.8645578004799996,-10.438827499999999,7.5097046,2.466926445665976,1.2226944,6.085726088326168,0,200,-8.970894544000004,-19.386353,-1.6511536,3.4253877495075384,-8.668296999999999,11.73328123447632,0,200,2.2227507788245005,-4.56752,12.154831,2.5615151295514136,2.28961945,6.561359758920796,0,200,C
0.8857768248049996,-2.9101868,7.6050415,1.6306123509364048,0.73053742,2.6588966390263487,0,200,-8.730319651999999,-15.314010999999999,-1.2361603,2.8885955899358184,-8.848403999999999,8.34398448219666,0,200,2.6252046267602758,-3.4120025999999997,15.962997,2.918381583623272,1.90719605,8.516951067631478,0,200,C
0.9947988880250004,-5.3283997,4.6472625999999995,1.7957425758526868,1.13127135,3.224691398730043,0,200,-8.942700494499991,-18.627914,-1.3834381000000002,2.7563981534747453,-8.907569500000003,7.597730780478983,0,200,1.7531233160049993,-6.4009705000000015,6.7195279999999995,2.1097793640239915,1.93701935,4.451168964861479,0,200,C
0.6963517034650002,-13.097427,9.565964,2.1056882568119617,0.61212921,4.433923034875797,0,200,-9.351965417349998,-19.242233,0.45700073,3.13477849973812,-9.34869375,9.826836242420377,0,200,1.9871340965999995,-2.3617706000000003,13.303557999999999,2.379876242828776,1.5810623,5.663810931180812,0,200,C
0.8179180920560001,-2.2463074,5.117447,1.5649217410619634,0.948341365,2.448980055648407,0,200,-8.876802955999997,-15.728667999999999,-1.2585753999999998,2.839939238812553,-8.929245000000002,8.065254880147227,0,200,2.278432381919999,-4.38739,13.167587,2.8696867282285,1.8583145,8.235101918170793,0,200,C
0.33819518294250017,-10.099457000000001,7.8983307,2.2857288553713837,0.6043090999999999,5.224556400277375,0,200,-9.042005908850008,-19.372803,0.17575073,2.929099516854161,-9.263450500000001,8.579623979635281,0,200,2.1792098973050016,-9.549408,8.609482,2.902382024233493,2.12417605,8.423821414593709,0,200,C
0.6100965100140001,-4.4842987,7.2573547000000005,1.7817625217550983,0.6972809,3.174677683931087,0,200,-8.955822135999995,-16.628372,-1.8641968,3.16486477941728,-8.844368,10.016369071995987,0,200,2.526433172816699,-4.514206,15.233032000000001,3.001074947101156,2.03426365,9.006450838118207,0,200,C
0.7222731021749996,-11.056915,7.318389999999999,2.3698206975315457,0.87010192,5.616050138448903,0,200,-8.849926071399997,-18.063751,2.9289549999999998,3.1736140367608825,-8.897636499999997,10.071826054325703,0,200,2.4592964938049997,-5.6933594,14.681320000000001,2.7935839201594583,2.34318545,7.804111118973488,0,200,C
0.8493890424450865,-7.6524353000000005,10.497131,2.063509144733892,0.74201965,4.2580699904003945,0,173,-9.240561506936412,-16.483795,-1.2766723999999998,2.7890866559676524,-9.245728,7.779004374496822,0,173,1.9344949976820816,-8.508560000000001,14.839889999999999,2.8222183368914613,1.6146393,7.964916341086407,0,173,C
-2.2524931290000003,-12.014617999999999,4.194046,2.170649676408237,-1.83447265,4.711720017691183,0,200,-1.2272298376625008,-11.698914,7.2068330000000005,2.0823701264595305,-1.05675505,4.33626534357108,0,200,8.367051091749998,0.40660095,11.000275,1.5013845028253308,8.946144,2.2541554253240657,0,200,D
-1.6582454685,-2.2353973,-1.0296783,0.16720043479136162,-1.66233825,0.027955985394420367,0,200,-0.9308831784,-1.2554778999999998,-0.5366516,0.10157353383691467,-0.91889192,0.010317182776118851,0,200,8.994607835,8.601578,9.243423,0.0557130951041873,8.9975585,0.0031039489660882194,0,200,D
-1.636677245500001,-1.8887328999999997,-1.4078522,0.055910060259250716,-1.63926695,0.0031259348381930453,0,200,-0.94675537185,-1.1576691000000001,-0.8260193000000001,0.05537173113220052,-0.93346405,0.003066028608576705,0,200,8.992898944999997,8.916885,9.054672,0.024155814820612503,8.996010000000002,0.0005835033896477228,0,200,D
-1.6280187980000005,-1.7307587,-1.527771,0.03498424994508955,-1.62016295,0.0012238977442204982,0,200,-0.9184968569500002,-1.0194092,-0.8277893,0.029634418487932006,-0.914680475,0.0008781987591178861,0,200,8.993795862499997,8.90242,9.057236,0.023768118671885843,8.993903999999997,0.0005649234652008485,0,200,D
-1.609602432,-2.0075073,-1.1205444,0.0976038847350202,-1.61734775,0.009526518315367112,0,200,-0.9305591579,-1.6954803,-0.66452026,0.10518917312654223,-0.91523743,0.011064762143045677,0,200,8.993090439999992,8.693756,9.240723,0.051868451478768916,8.992897,0.0026903362588054057,0,200,D
-1.588944470500001,-1.9617004,-1.0598755,0.1078351102090412,-1.5927962999999998,0.011628410993796063,0,200,-0.9426644141500004,-1.4985046,-0.6914520000000001,0.1177620907293891,-0.9116974,0.01386791001295687,0,200,8.992091677500003,8.773087,9.402206,0.06161982783611529,8.9936675,0.003797003182552489,0,200,D
-1.6156629189999996,-1.8091736,-1.5412139999999999,0.03366824615038557,-1.6083297499999998,0.0011335507988429528,0,200,-0.9103018181000004,-1.0557709,-0.80462646,0.033816806918060084,-0.9055786,0.0011435764301333565,0,200,8.988482912499997,8.901810000000003,9.076096000000001,0.02409645120493784,8.989311500000001,0.0005806389606719503,0,200,D
-1.6125465385000002,-2.0047302,-1.322052,0.07753249089519137,-1.6093521000000002,0.0060112871444129344,0,200,-0.9155226145000008,-1.2326202,-0.61224365,0.07312762467136932,-0.91407775,0.005347649490076664,0,200,8.988198650000003,8.879364,9.100783999999999,0.02942117725308224,8.9883955,0.0008656056709572835,0,200,D
-1.6648346694999996,-2.517929,-1.3713531,0.12181298561009718,-1.63744355,0.014838403463245744,0,200,-0.9104991918000002,-1.1181641000000002,-0.5335083,0.09143487192550748,-0.9259185999999999,0.008360335804033956,0,200,8.980863814999998,8.642899,9.165405,0.06102680860678718,8.983192500000003,0.0037242713687294328,0,200,D
-1.4622841629999996,-2.1258392,-0.9816284,0.13578704639090455,-1.44252015,0.018438121967565668,0,200,-0.8856826778500002,-1.6617126,-0.42488098,0.10776195429712243,-0.8775177,0.0116126387939351,0,200,9.012789639999996,8.740905999999999,9.298461999999999,0.06048146707426327,9.0152515,0.0036580078594551924,0,200,D
-1.467793427499999,-1.7019043000000005,-1.275711,0.06665837955429546,-1.4704437499999998,0.004443339564804516,0,200,-0.8887876879999997,-1.1409302,-0.6745148,0.0714806043087168,-0.8852767850000001,0.005109476792339343,0,200,9.015724410000008,8.901978,9.09671,0.02641516649686667,9.013710000000001,0.0006977610210571872,0,200,D
-1.444259185,-1.7896881000000002,-1.0002594,0.11737628923930254,-1.4290237499999998,0.01377719327558841,0,200,-0.85753471495,-1.109436,-0.69129944,0.07677060372671078,-0.84770966,0.00589372559656366,0,200,9.017710322500003,8.9249115,9.087539999999999,0.031163510026843987,9.0211865,0.0009711643571932061,0,200,D
-1.563076476,-1.9962921000000002,-0.9776001,0.14356280159424406,-1.57048795,0.02061027800158828,0,200,-0.7604469293,-1.265625,-0.28675842,0.15684356958647253,-0.79569245,0.02459990532062665,0,200,9.006335194999995,8.849518,9.133575,0.04213819614844947,9.011589,0.001775627574645202,0,200,D
-1.5594491575,-1.7769775,-1.2922821000000002,0.059568114065777784,-1.5630874499999998,0.003548360213353513,0,200,-0.9051702868000002,-1.1251373,-0.7570648,0.04494247097288582,-0.90258025,0.002019825697148684,0,200,9.000874040000003,8.849762,9.095474000000001,0.027523815874755383,9.002464,0.0007575604403074366,0,200,D
-1.5497956815000002,-1.7582092,-1.2973785,0.06922447957995342,-1.5547485,0.004792028573115389,0,200,-0.9368802651000004,-1.2186278999999998,-0.5813904000000001,0.07876531364445502,-0.933166505,0.006203974633509374,0,200,8.998613564999992,8.920119999999997,9.077591,0.029700681868613524,8.997139,0.0008821305034605883,0,200,D
-1.4749774949999994,-1.6728058000000001,-1.3833313,0.04458693339640945,-1.46546175,0.0019879946296958518,0,200,-0.9054245753499996,-1.0907440000000002,-0.8132019,0.03995782716536063,-0.90364838,0.001596627951776832,0,200,9.014961912499992,8.9396515,9.074508999999999,0.02444522372439594,9.0136335,0.0005975689629357702,0,200,D
-1.441339722499999,-1.6600342000000001,-1.1149902,0.09710245754140233,-1.45380405,0.009428887260579845,0,200,-0.8874942763999999,-1.0649872,-0.7477875,0.059792481645738325,-0.89053345,0.0035751408613559545,0,200,9.0206002275,8.862701,9.143372,0.0358751261838622,9.018875,0.001287024678708035,0,200,D
-1.5323511504999998,-2.0398102,-1.159378,0.18674061834321484,-1.5346527,0.034872058539206226,0,200,-0.8511098488500001,-1.1943511999999998,-0.3972168,0.16819659875165258,-0.8793563999999999,0.02829009583162442,0,200,9.006234577500004,8.791962,9.276900999999999,0.05447050339051244,9.010315,0.002967035739615827,0,200,D
1.0609732827779998,-0.795166,1.654007,0.4904315029258603,1.2273559500000002,0.2405230590621181,0,200,-9.584623572499998,-9.902237,-9.307648,0.07976161927139498,-9.57510375,0.006361915908794965,0,200,-0.24613182067449996,-1.0060272,0.14646912,0.2245782723511799,-0.17972565,0.05043540041224073,0,200,E
-0.30957046501349994,-0.8598174999999999,0.31755066,0.19999828631810085,-0.34428406,0.039999314530177035,0,200,-9.68813943750001,-9.888794,-9.461105,0.04766635384913765,-9.689751,0.002272081289271199,0,200,-0.6583589941000002,-0.9980469000000001,-0.3214264,0.11364909979860485,-0.662414565,0.012916117885033242,0,200,E
1.102935868194999,-0.63497925,2.4231262000000005,0.5575630967544603,1.19462585,0.3108766068624236,0,200,-9.5491206525,-10.027466,-8.420334,0.1945217271928471,-9.576645,0.03783870235008843,0,200,0.006929626059499994,-1.0270690999999998,2.6433716,0.6749702240340234,-0.17932891499999998,0.4555848033325398,0,200,E
0.21355728134999996,-1.1304169,2.7514648,0.8936306740010793,-0.10750579699999999,0.7985757815156233,0,200,-9.6164053125,-10.864349,-8.195358,0.31062652181591954,-9.664497500000001,0.09648883605545594,0,200,-0.3076523572949999,-3.2386932,3.2363433999999995,0.9803954725394024,-0.55762483,0.961175282575758,0,200,E
1.3991156749499998,0.24234009,2.2286072,0.1563895981566441,1.3935242,0.024457706411596617,0,200,-9.547393685,-10.460587,-8.851455999999997,0.12670587702860805,-9.548828,0.016054379273588743,0,200,-0.3682358544850002,-1.7586669999999998,0.768692,0.2555635001091212,-0.318321225,0.06531270258802478,0,200,E
1.3898556499999994,1.3005676000000002,1.4781647,0.02962693946144388,1.39156345,0.0008777555418520603,0,200,-9.555884342500002,-9.606110000000001,-9.50798,0.020532343243998986,-9.5556565,0.0004215771190893906,0,200,-0.29166381836999994,-0.5026702999999999,-0.11167908,0.060866103549697285,-0.29634857000000003,0.003704682561322473,0,200,E
1.1287046798750004,-0.66511536,2.3199463,0.44054230018267293,1.22130585,0.1940775182502404,0,200,-9.517032261999995,-12.086075,-7.4284973,0.4326502291964882,-9.5704655,0.18718622082377376,0,200,0.004551162020000032,-2.0966644,4.7894745,1.078970062062196,-0.23498535,1.1641763948264992,0,200,E
1.1158738724999997,1.0391235,1.1826324,0.026196219098662304,1.1172638000000001,0.0006862418950651198,0,200,-9.600312422500002,-9.680984500000001,-9.523239,0.026742316939951685,-9.598892,0.0007151515153168268,0,200,-0.35132926955000005,-0.5181122,-0.18991089,0.05531335756387195,-0.35137176000000003,0.00305956752498875,0,200,E
1.1107273869999994,1.02594,1.2272797,0.03571203161122926,1.1090011999999998,0.0012753492018014376,0,200,-9.594739505000002,-9.664078,-9.523071,0.027502076910789958,-9.596343999999998,0.0007563642344070062,0,200,-0.30751327485,-0.5565491,-0.0980072,0.07322733676850844,-0.30136109,0.0053622428502085465,0,200,E
1.1667317954999998,1.0000305,1.3156128,0.04807607595463998,1.1648406999999998,0.002311309079196313,0,200,-9.588704514999991,-9.775482,-9.385086,0.04558325973992385,-9.588585,0.002077833568517363,0,200,-0.27436325112,-0.81562805,0.08343506,0.108518287176057,-0.26705169500000003,0.011776218651625179,0,200,E
1.1867054735000009,1.0730133,1.2926941,0.030759334342539475,1.18741605,0.0009461366491961284,0,200,-9.581194865,-9.638123,-9.523178,0.019971401134513726,-9.5813675,0.000398856863275656,0,200,-0.20530487099000005,-0.33418274,0.015975951999999998,0.06060819286687569,-0.211387635,0.003673353042588401,0,200,E
0.6562375635100003,-0.73773193,1.31987,0.7087277678859455,1.15599825,0.5022950489725946,0,200,-9.621191105000003,-9.988555999999999,-9.486801,0.07195029470221194,-9.5990905,0.0051768449077351465,0,200,-0.43579055844000014,-1.3181915000000002,-0.042282104,0.2973487243801521,-0.29013825,0.0884162638905037,0,200,E
-0.3988198856,-0.60066223,-0.18171692,0.07532516875435291,-0.4037323,0.0056738810478717434,0,200,-9.69188478,-9.765839,-9.616196,0.029032973990668176,-9.69166575,0.0008429135787428148,0,200,-0.7118843070500003,-0.97094727,-0.46022034,0.09322575496579688,-0.7112274249999999,0.0086910413889428,0,200,E
-0.38841011039999984,-0.6292876999999999,-0.2188263,0.055853541469029086,-0.38073731,0.0031196180946325524,0,200,-9.694816342499992,-9.782959,-9.600479,0.02849399559655908,-9.695862,0.0008119077850567282,0,200,-0.6537925707999998,-0.7591095,-0.37417603,0.06791837433766358,-0.671791075,0.004612905572670996,0,200,E
1.0993938444200009,-0.6232300000000001,2.4057922,0.5002701319079748,1.25751495,0.2502702048792224,0,200,-9.583366569999997,-9.937408,-9.273758,0.08169855021941866,-9.574219,0.0066746531079548725,0,200,-0.2970398716969999,-1.2035521999999998,0.069229126,0.25840058860809645,-0.220222475,0.0667708641930107,0,200,E
1.250111387579999,0.017562866,1.6320343000000002,0.1184331489365716,1.2583084,0.014026410767032151,0,200,-9.57114334,-9.659531,-9.465836,0.03269458895726975,-9.5721205,0.0010689361470848254,0,200,-0.15823173519400005,-0.36235046,0.08206177,0.07406667482022862,-0.16266632,0.005485872318925489,0,200,E
1.2925501279999998,1.1175078999999999,1.4406891000000002,0.039482605132001664,1.2955780000000001,0.001558876108009564,0,200,-9.571231964999994,-9.651077,-9.465652,0.02587865926493358,-9.56990825,0.0006697050053505327,0,200,-0.2312032320300001,-0.38179016,-0.07716369999999999,0.052507987496384134,-0.23219299,0.002757088750920432,0,200,E
1.286234853977273,1.0801697000000001,1.433609,0.05073983469587789,1.2905350000000002,0.0025745308249650128,0,176,-9.569999244318176,-9.67627,-9.450851,0.03417169138746238,-9.56916025,0.0011677044922799706,0,176,-0.2033812786948865,-0.43945313,0.09544372599999999,0.09098113296131508,-0.20667267,0.008277566554924494,0,176,E
-3.5151518259999985,-3.8142395,-3.1323395,0.09145251397757263,-3.52426145,0.008363562312818118,0,200,-1.9739807110000005,-2.2509155,-1.8005981,0.06664175785109967,-1.9578705,0.004441123889484604,0,200,8.366893640000002,8.184448,8.466797,0.04460905494756053,8.366271999999999,0.0019899677833144745,0,200,F
-3.4386793540000014,-3.5203247,-3.3668517999999996,0.025671385956629912,-3.4384612999999997,0.0006590200569342553,0,200,-1.9483246635,-2.01297,-1.8620453000000001,0.0247882930652346,-1.95082855,0.0006144594730879577,0,200,8.398477909999997,8.331924,8.479034,0.026039519906851133,8.398491,0.0006780565969792964,0,200,F
-3.4200627105000003,-3.4871367999999996,-3.331833,0.027058832718563387,-3.4226914,0.0007321804280911965,0,200,-1.9316272764999995,-2.0087585,-1.8649596999999998,0.02407458640089312,-1.93227385,0.0005795857103740679,0,200,8.411050565000002,8.334717,8.50943,0.029691014280516025,8.410225,0.0008815563290058062,0,200,F
-3.398347319,-3.4656982000000003,-3.3195953,0.025143066252178683,-3.39854435,0.0006321737805614464,0,200,-1.9167063915000009,-1.9667968999999996,-1.8677368000000003,0.02115332359070896,-1.9155654999999998,0.000447463098933244,0,200,8.419871799999996,8.353378,8.50798,0.02478168426773551,8.418274,0.0006141318751457296,0,200,F
-3.4196703285,-3.5741577000000007,-3.2914276,0.038918642180544055,-3.42032625,0.001514660709177223,0,200,-1.9316627519999998,-1.9911499,-1.8615875,0.023804393090647497,-1.93276215,0.0005666491304140662,0,200,8.405064405000001,8.3220825,8.479675,0.027860521913857503,8.4058915,0.0007762086813125343,0,200,F
-3.459929962999998,-3.5967255,-3.3552551,0.03893135251068331,-3.4586563000000003,0.0015156502083110875,0,200,-1.9521414974999984,-2.1307373,-1.7860565,0.04235279815408835,-1.9508743500000003,0.0017937595114809496,0,200,8.384515642500004,8.324753,8.469528,0.02994527221257752,8.380615500000001,0.0008967193278853674,0,200,F
-3.411501543000002,-3.6230927000000004,-3.1903534,0.05371971338399377,-3.4154434,0.0028858076060584393,0,200,-1.9547649384999997,-2.1922759999999997,-1.7777863,0.059004887811224115,-1.9537811,0.0034815767856151434,0,200,8.404378795000001,8.293106,8.572144,0.03564234079990339,8.4044645,0.001270376457696458,0,200,F
-3.3637023930000014,-3.4595947,-3.2655182000000003,0.03832955085708386,-3.36165615,0.0014691544689057784,0,200,-1.935943602999999,-2.0649414,-1.8430939,0.03822879485146332,-1.93215945,0.0014614407557952686,0,200,8.427676230000001,8.352356,8.507629,0.03209755943628627,8.426330499999999,0.0010302533217659297,0,200,F
-3.3580792239999964,-3.4586945,-3.2093964,0.033515143799198115,-3.35740665,0.0011232648638809274,0,200,-1.919005815,-2.0617828,-1.8337860000000001,0.03449403753190596,-1.91506195,0.001189838625252537,0,200,8.4308132725,8.332214,8.525542999999999,0.03170180295154963,8.432929999999999,0.0010050043103788813,0,200,F
-3.3202336874999987,-3.4452515,-3.241272,0.02905372220072634,-3.3194809000000003,0.0008441187737169784,0,200,-1.8912987524999996,-1.9971923999999999,-1.7736968999999998,0.032159942858242474,-1.88960265,0.001034261924645421,0,200,8.447218937499999,8.368927000000001,8.522827000000001,0.028302106572338413,8.44915,0.0008010092364320012,0,200,F
-3.3368055755000015,-3.4987487999999995,-3.2445374,0.03345475835604942,-3.33472445,0.0011192208566616587,0,200,-1.9131288120000016,-2.098236,-1.7004089,0.041941653423933134,-1.91101075,0.0017591022919333215,0,200,8.437565752499998,8.360031,8.530121000000001,0.028346560235607964,8.435524000000001,0.0008035274771909503,0,200,F
-3.3060273749999998,-3.3959808,-3.219452,0.033397230839949284,-3.30899045,0.0011153750277768596,0,200,-1.8941288769999995,-1.9743042000000002,-1.8232116999999999,0.0281019665881997,-1.8932266,0.0007897205261242923,0,200,8.457045342500003,8.396378,8.524261,0.023996342603732814,8.458129499999998,0.0005758244583557228,0,200,F
-3.2462933290000016,-3.3041077000000003,-3.170517,0.02549487351992836,-3.245407,0.0006499885757971442,0,200,-1.8786877424999997,-1.9353026999999998,-1.8246765,0.02474870064874619,-1.8787155,0.0006124981838012501,0,200,8.47890922,8.406921,8.550613,0.0265161302989663,8.478172,0.0007031051660317585,0,200,F
-3.2698378759999986,-3.3979797,-3.1470032000000003,0.035434830205055716,-3.270195,0.0012556271916611289,0,200,-1.8741178145,-1.9536285,-1.8115234,0.02572530738314952,-1.87059785,0.0006617914399575271,0,200,8.469818477499992,8.375183,8.54451,0.02701057112308473,8.4684375,0.0007295709523952188,0,200,F
-3.251688080500001,-3.5121917999999996,-2.6905822999999995,0.0711349598120268,-3.2576522999999997,0.005060182507458668,0,200,-1.8704348025000004,-2.0875092,-1.7936706999999998,0.029393038933922762,-1.8668441999999998,0.000863950737771099,0,200,8.480359002499998,8.16655,8.598861999999999,0.0391006311017998,8.4814145,0.001528859352559034,0,200,F
-3.322337719999999,-3.4304504000000002,-3.2052612000000003,0.03463094168391285,-3.32042695,0.0011993021219145724,0,200,-1.894799576500001,-2.0864868000000003,-1.7360229999999999,0.03699828234003523,-1.89697265,0.0013688728961129626,0,200,8.447446059999997,8.320755,8.520142,0.02785831659570676,8.4484025,0.0007760858035466306,0,200,F
-3.2550762890000016,-3.3731690000000003,-3.1941832999999997,0.034728346928489244,-3.24830625,0.0012060580803855087,0,200,-1.87016472,-2.0163422,-1.7382965,0.04267188402028087,-1.86785125,0.0018208896858403012,0,200,8.475937564999999,8.389221000000001,8.543732,0.027639514731198748,8.474235499999999,0.0007639427745761528,0,200,F
-3.3188974279069763,-3.416275,-3.2166137999999997,0.038386282507957684,-3.32198335,0.0014735066847807385,0,172,-1.9036072168604652,-2.1970215,-1.6692810000000002,0.05303354194537141,-1.90522005,0.0028125565712714684,0,172,8.45301260465116,8.372482000000002,8.5312195,0.028978008282458383,8.452575999999999,0.0008397249640182265,0,172,F
-2.144507217,-2.8569946,-1.9521484,0.18081090661994767,-2.08949275,0.032692583952727436,0,200,-0.9347481536499996,-1.2692108,-0.75546265,0.08896489614251404,-0.908683765,0.007914752745648311,0,200,8.916144042500008,8.676788,9.016724,0.06175764345221415,8.931640499999997,0.0038140065247708093,0,200,G
-2.0675971920000005,-2.1901855,-1.9703979999999999,0.042721419673341435,-2.06480405,0.001825119698905765,0,200,-0.8904814148999993,-1.0180817,-0.81040955,0.031182041859219183,-0.8896713199999999,0.0009723197345100973,0,200,8.934966184999997,8.854324,8.996506,0.027538575364546784,8.934013499999997,0.0007583731331088231,0,200,G
-2.085703583999999,-2.2378845000000003,-1.9669342,0.04184257742589186,-2.08226775,0.0017508012856417552,0,200,-0.8932952878,-1.1207428,-0.6764220999999999,0.06322418871229908,-0.8927459649999999,0.0039972980383284045,0,200,8.929959589999994,8.8461,9.026810000000001,0.02981255516821205,8.92869575,0.0008887884456576874,0,200,G
-2.1176725754999994,-2.3908080000000003,-1.9856415,0.06490119912826019,-2.11047365,0.004212165648286081,0,200,-0.9169527418000004,-1.0931243999999998,-0.7246704,0.06250583343182997,-0.909187315,0.0039069792130076745,0,200,8.915624884999998,8.821091000000003,8.996933,0.033138693636046886,8.91530625,0.0010981730159037746,0,200,G
-2.091831663499999,-2.309494,-1.9666748,0.048337648501821484,-2.09049985,0.002336528262685645,0,200,-0.90101158155,-1.1661377,-0.5292053000000001,0.058964567262907774,-0.8985137799999999,0.003476820192501976,0,200,8.924540857499998,8.8211975,9.039764,0.032722043005721485,8.92188275,0.0010707320984682867,0,200,G
-2.112260593,-2.2501830000000003,-2.0078278000000003,0.04613417931621908,-2.1140213,0.002128362501181056,0,200,-0.9060719297000006,-1.031311,-0.75593567,0.045341983841311405,-0.90592192,0.0020558954986657444,0,200,8.922977742499992,8.827133,9.009567,0.029272590398367555,8.921546750000003,0.0008568845486306003,0,200,G
-2.1062486240000013,-2.2737580000000004,-1.9889679,0.05607474684402447,-2.10391235,0.0031443772336214324,0,200,-0.9032884226000001,-1.1891785,-0.5961609,0.06517998359963569,-0.901618955,0.004248430262048776,0,200,8.925073962499997,8.826096000000003,9.020355,0.03201609697472207,8.924140999999997,0.0010250304654948075,0,200,G
-2.067908399000001,-2.2049408,-1.9039001,0.04990427005769805,-2.0665435000000003,0.0024904361699916587,0,200,-0.8815836335499998,-1.0747375,-0.64697266,0.055711023197593086,-0.8844375499999999,0.0031037181057227557,0,200,8.934182289999997,8.832489,9.030211999999999,0.03060148628514965,8.934616,0.0009364509628602024,0,200,G
-2.1154763059999993,-2.3295592999999997,-1.9851685000000001,0.054697354167980126,-2.1117706000000003,0.002991800552977453,0,200,-0.9185658285000003,-1.2809143,-0.7467499,0.07811462337254635,-0.90880585,0.006101894384634765,0,200,8.91767684999999,8.788635000000001,9.0030365,0.032325090539656376,8.9200135,0.0010449114783969821,0,200,G
-2.0947321309999998,-2.2440033,-1.9161682,0.04448104291119735,-2.0964278999999997,0.0019785631784677805,0,200,-0.8978117368999999,-1.0281982,-0.74313354,0.04424964803368327,-0.902526865,0.001958031351104849,0,200,8.923215145,8.832489,9.004897999999997,0.028160945742098462,8.921737749999998,0.0007930388650894134,0,200,G
-2.092443165999999,-2.315155,-1.9799957,0.046998630974467916,-2.08674625,0.0022088713134742147,0,200,-0.8939656827000003,-1.1056823999999998,-0.71032715,0.06378924594401603,-0.8924484349999999,0.004069067898106166,0,200,8.927148400000005,8.833938999999997,9.000214,0.030826511196496757,8.92849,0.0009502737925477396,0,200,G
-2.1419358845000005,-2.321167,-1.9402313000000002,0.05587864484996352,-2.1389847,0.003122422950268355,0,200,-0.9172531877000004,-1.1424866000000002,-0.76657104,0.05827293307706453,-0.9197693000000001,0.003395734729404042,0,200,8.912888485000002,8.835251,9.013107000000002,0.03135771102445524,8.912018,0.0009833060406932415,0,200,G
-2.098974765999998,-2.3325348,-1.9847564999999998,0.05240296721149762,-2.0932235500000003,0.002746070972569295,0,200,-0.8902422346499996,-1.1385956,-0.7514343000000001,0.04434567093311295,-0.8874664499999999,0.0019665385305079387,0,200,8.919674037500004,8.83548,9.017609,0.031005913924343025,8.92115,0.0009613666982837688,0,200,G
-2.0988854245000006,-2.2548522999999996,-1.941803,0.04851103297818238,-2.0963287,0.002353320320610298,0,200,-0.8939115150000005,-1.070694,-0.679245,0.0626292347425625,-0.89630125,0.0039224210444389965,0,200,8.9272835575,8.858658,9.002472000000003,0.02956152837353555,8.925483499999997,0.0008738839597793475,0,200,G
-2.1017552184999992,-2.2066193,-2.0072327000000003,0.04193925284000897,-2.103233350000001,0.0017589009287782005,0,200,-0.8873679361999995,-1.0432129,-0.6772156,0.057756331081233625,-0.8896408000000001,0.003335793779965075,0,200,8.920226347500002,8.817902,9.005341,0.031124699221981206,8.9236525,0.0009687469016587975,0,200,G
-2.0863855790000003,-2.2875519,-1.9211884,0.0501155688503536,-2.0888748,0.002511570241194532,0,200,-0.8834572627999998,-1.0536652,-0.76309204,0.04827007025166062,-0.8822937,0.0023299996821002514,0,200,8.9248930975,8.84256,9.023864999999999,0.031163442602486036,8.9251255,0.0009711601548384416,0,200,G
-2.124253308000001,-2.294876,-2.0107421999999997,0.05286413189410494,-2.1218948500000003,0.0027946164409173233,0,200,-0.9006282797999998,-1.0940857,-0.720047,0.05921514103303172,-0.8933791999999999,0.003506432927561837,0,200,8.919367267500004,8.827301,8.992935000000003,0.02952305688021564,8.920043749999998,0.0008716108875524479,0,200,G
-2.1158720873563213,-2.291916,-1.878479,0.07140380651851873,-2.1265487500000004,0.005098503585334058,0,174,-0.8905140669540231,-1.0505981000000002,-0.7440491,0.05455775381991698,-0.890373225,0.002976548501874666,0,174,8.92209977873563,8.835098,9.016129,0.02861280267170022,8.92041,0.0008186924767296551,0,174,G
-1.628082274500001,-1.924942,-1.2544861,0.11951544687081435,-1.59727475,0.014283942040730448,0,200,-0.5657716369599999,-1.1440277,-0.03883362,0.2462328547069477,-0.5898208650000001,0.06063061873713281,0,200,9.015518567500003,8.867142,9.164902,0.04540676276822262,9.0166245,0.002061774105089648,0,200,H
-1.4737477104999994,-1.6997375,-1.3092803999999998,0.06962277724339466,-1.4662399499999998,0.004847331111083353,0,200,-0.5160359964999998,-0.79289246,-0.3090515,0.07814307762963467,-0.507789625,0.006106340581431108,0,200,9.045025,8.948486,9.172562,0.03631348858317533,9.04658525,0.0013186694530804052,0,200,H
-1.47226906,-1.7770233,-1.2462921,0.08619982093022181,-1.4598465,0.007430409128402308,0,200,-0.5264287553200003,-1.2133026000000002,-0.025222777999999998,0.12949290204188105,-0.5197982750000001,0.0167684116792282,0,200,9.041534412499994,8.205322,9.681792999999999,0.10254438073457402,9.039902,0.010515350020237272,0,200,H
-1.4562151365000002,-1.7626648,-1.2085419,0.10662393572505104,-1.49009705,0.011368663669499816,0,200,-0.5167090599499999,-0.8464813,-0.29937744,0.06765773181475322,-0.51428985,0.004577568674317071,0,200,9.045755025,8.945908,9.118454,0.03295358504424393,9.0468825,0.001085938767268217,0,200,H
-1.3583575419999998,-1.6707001,-0.9575653000000001,0.09457366114768223,-1.34922025,0.00894417738287662,0,200,-0.4758096307999998,-0.662796,-0.33511353,0.06857416100785897,-0.463943485,0.004702415557931766,0,200,9.069669669999996,8.982239,9.165253,0.03559669547104601,9.07032025,0.0012671247284583881,0,200,H
-1.3225468439999986,-1.5169678,-1.2209625,0.04640855969693286,-1.3139496000000002,0.002153754413143781,0,200,-0.4837536626500001,-0.67129517,-0.34443665,0.04883111281399159,-0.482696535,0.002384477578652773,0,200,9.072238935000009,8.979645,9.153075999999999,0.02828891443588075,9.074654,0.0008002626799605822,0,200,H
-1.3599446075,-1.5007935,-1.2668915,0.048880721893669134,-1.3506011999999998,0.0023893249728462237,0,200,-0.5062397006000002,-0.6813201999999999,-0.37147522,0.046460380182859466,-0.5058136,0.0021585669267358415,0,200,9.06134214,8.980713,9.165878,0.029735090248912206,9.06205,0.0008841755921109538,0,200,H
-1.406662902,-1.5890198,-1.2191315,0.07387087037949408,-1.413414,0.005456905490624017,0,200,-0.5003357701999999,-0.6508026,-0.36312866,0.04689468357753165,-0.49858856,0.002199111347836817,0,200,9.051373150000002,8.962921000000003,9.165175999999999,0.030543142652779555,9.05113975,0.0009328835631080416,0,200,H
-1.3659921999999998,-1.5122986,-1.1950836,0.05439129893164954,-1.3634491000000002,0.00295841339947206,0,200,-0.4893110655500004,-0.69525146,-0.32954407,0.052820362684022085,-0.48550415,0.002789990714071633,0,200,9.063737705,8.893799000000003,9.178772,0.03583016250638753,9.0618595,0.0012838005452341392,0,200,H
-1.3196054103499997,-2.1279755000000002,0.36512756,0.3372306862600654,-1.386116,0.11372453575543467,0,200,-0.6546674321149999,-3.040207,2.0958252,0.8018145400939735,-0.6830901999999999,0.6429065567061102,0,200,9.024139775999998,7.900711,10.360031,0.28754921968614106,9.0337295,0.0826845537421086,0,200,H
-1.5749133284999997,-1.7338103999999999,-1.3984833,0.05581264412972922,-1.5807190000000002,0.0031150512447517976,0,200,-1.1212025460000004,-1.2783661,-0.9944458,0.04051189826934072,-1.1225357000000002,0.0016412139013854108,0,200,8.9741979925,8.891159,9.060211,0.02931638286697752,8.971695,0.0008594503044032126,0,200,H
-1.4908998105000002,-1.6397552,-1.3638306,0.04978914706220878,-1.4816132,0.002478959165182253,0,200,-0.9863145453499996,-1.1412811,-0.8377228000000001,0.06321386460781038,-0.9695816,0.00399599267865458,0,200,9.0059990025,8.873917,9.114655,0.038088411967087996,9.00827025,0.0014507271261746126,0,200,H
-1.5155753339999996,-1.8348236,-1.387558,0.062011923458910025,-1.5050125,0.0038454786510737134,0,200,-0.9278464517500004,-1.1162261999999998,-0.7894745,0.05132058055238746,-0.929244995,0.00263380198823409,0,200,9.00773589,8.926025,9.086960000000001,0.029890447550080693,9.0093765,0.0008934388547441252,0,200,H
-1.4820297979999997,-1.6561737,-1.2393036,0.06711247679648615,-1.48712155,0.0045040845417588906,0,200,-0.9091534399500004,-1.1921082,-0.5877533,0.08389223467534439,-0.90853882,0.0070379070388230545,0,200,9.015094012500002,8.896072,9.125809,0.04019336907127962,9.013512,0.0016155069173000964,0,200,H
-1.5331102014999995,-2.3171387,-0.8627777,0.11800684827611176,-1.546875,0.013925616240061259,0,200,-0.9894178772000006,-1.3318481000000002,-0.7636719,0.06186330424664827,-0.98555755,0.0038270684123133704,0,200,8.9990744075,8.781448,9.184982000000002,0.04597099278590034,8.999969499999997,0.002113332177721301,0,200,H
-1.6114353939999992,-1.730957,-1.4384766000000002,0.04512759310452421,-1.6141968000000002,0.002036499659407501,0,200,-0.9870445288000004,-1.1130829,-0.88731384,0.043171793039594605,-0.987037655,0.0018638037142535886,0,200,8.994969735000002,8.885803,9.085327000000001,0.033669812395430564,8.994896,0.0011336562667434895,0,200,H
-1.5608039079999996,-1.7445221000000002,-1.3969726999999998,0.05142095981433128,-1.5637436000000002,0.0026441151082270725,0,200,-0.9471661383000004,-1.0995636,-0.78266907,0.04322076202197681,-0.94592285,0.0018680342697603527,0,200,9.002711245000006,8.892471,9.124634,0.03547404667443189,9.00415,0.0012584079874597722,0,200,H
-1.5505115074712648,-2.1342925999999998,-0.6097107,0.15212672903593444,-1.5510711499999998,0.02314254168717262,0,174,-0.8701351667816091,-1.2128448,-0.5160675,0.07882855520578821,-0.869384765,0.006213941115832001,0,174,9.014307896551724,8.682587,9.508759,0.0706979398747416,9.015060499999999,0.004998198702532579,0,174,H
-1.2569428252999997,-2.350235,-0.24499512,0.16927192457760995,-1.227684,0.028652984450208068,0,200,-1.0562659432,-2.0739593999999997,-0.55903625,0.1655213050780232,-1.05670165,0.02739730243473203,0,200,9.052920539999997,8.255111999999999,10.353667999999999,0.14028210235568206,9.062401,0.019679068241330058,0,200,I
-1.206336744999999,-1.3927002,-1.0634918,0.04287705605171824,-1.2022705,0.0018384419356621878,0,200,-0.9621910846500004,-1.2469025,-0.68974304,0.06313284971981377,-0.962982175,0.003985756713744587,0,200,9.070674039999998,8.958022999999997,9.139786,0.02638591300660001,9.068725500000001,0.0006962164051918637,0,200,I
-1.1838455984999994,-1.5417328000000001,-1.0215759,0.0644814939517011,-1.1812439,0.004157863062243264,0,200,-0.9463368226500004,-1.2793274,-0.6537323,0.08329854251576398,-0.946655275,0.006938647185250538,0,200,9.0742396125,8.987152,9.155624000000001,0.031133283135901295,9.0769425,0.000969281318820196,0,200,I
-1.1520481884999991,-1.2397766000000001,-1.0735321000000002,0.03246302592093247,-1.15424345,0.0010538480519431334,0,200,-0.9143060298999997,-1.0085754,-0.7814635999999999,0.03682106382946358,-0.9163208,0.0013557907415334312,0,200,9.081964507500004,9.004913,9.155228,0.028335691051135863,9.08192425,0.000802911387345421,0,200,I
-1.1535288265000008,-1.352005,-0.9369506999999999,0.050065145105287714,-1.1549759000000002,0.002506518754413514,0,200,-0.8860288997500002,-1.2544861,-0.5457916,0.07185332454473428,-0.88292693,0.005162900248130914,0,200,9.083290242500004,9.011505,9.155884,0.026937256008198025,9.0846635,0.0007256157612512006,0,200,I
-1.1969541185,-1.3370209,-1.0419312,0.044603443461076336,-1.1991043,0.0019894671685854338,0,200,-0.9194139107499996,-1.136734,-0.70310974,0.06083519912200831,-0.92274475,0.0037009214522144,0,200,9.073125437500003,8.985077,9.15741,0.03010635700830305,9.073738,0.0009063927323113976,0,200,I
-1.20504158145,-2.1183472,-0.72283936,0.16974648266690245,-1.1974716,0.02881386837778501,0,200,-0.08877128678749993,-1.2101898000000002,0.60435486,0.6500470915400458,0.376831055,0.4225612212196727,0,200,9.1009509675,8.308060000000001,9.812698,0.1549747658363867,9.0973285,0.024017178046042892,0,200,I
-1.220848538500001,-1.4267273,-1.0156555,0.050983502011827504,-1.22698215,0.0025993174773900197,0,200,0.4919477842499997,0.20410156,0.8188019,0.06391361539316613,0.48790741,0.004084950232625561,0,200,9.1026376525,8.991791000000003,9.222809,0.03598472851812422,9.100868499999999,0.001294900686523102,0,200,I
-1.217026825499999,-1.4107819,-1.0069427,0.059510139936239874,-1.2154541,0.0035414567552308524,0,200,0.5424077580000003,0.30430603,0.78163147,0.08006717300900157,0.5390319699999999,0.006410752193653392,0,200,9.102430894999994,8.987305000000003,9.213089,0.036572140517669896,9.1031345,0.001337521462044192,0,200,I
-1.2113359075,-1.5116119,-0.8956603999999999,0.08948619856787887,-1.208313,0.008007779734129847,0,200,0.55503089935,0.2144165,0.9317169,0.11605837841680823,0.55184174,0.013469547200739056,0,200,9.103401565,8.992339999999997,9.279373,0.03883783286246858,9.101097,0.001508377261453045,0,200,I
-1.1843588246999996,-1.4222107,-0.99224854,0.053818154185636784,-1.1839447,0.002896393719948973,0,200,0.5955503829500001,0.4549407999999999,0.7016144,0.043330425585890266,0.594451905,0.0018775257814543738,0,200,9.101840709999998,9.00145,9.202423,0.034549130584016916,9.10106675,0.0011936424241114525,0,200,I
-1.2119084934999993,-1.3539886,-1.0808258,0.04904934283958536,-1.21086885,0.0024058380329951834,0,200,0.5650527945499999,0.34475708,0.76023865,0.06038635545437567,0.56853485,0.0036465119250622072,0,200,9.103620367500003,9.0316925,9.206924,0.03255272229966783,9.099945,0.0010596797291192914,0,200,I
-1.1936647815,-1.430893,-1.0836945,0.058485084344185034,-1.1890793,0.0034205050907464385,0,200,0.5837860097999996,0.35250854,0.8404083000000001,0.07369599565283964,0.592041,0.00543109977526336,0,200,9.105962975,9.013489,9.270462,0.0344710795588729,9.105414999999999,0.0011882553259541452,0,200,I
-1.2130326084999998,-1.3368683000000001,-1.133316,0.03518306425128613,-1.2118683,0.0012378480101101284,0,200,0.6041024781500002,0.44358826,0.7302704000000001,0.044292877238328136,0.6080017,0.0019618589740496074,0,200,9.100839092499998,9.034073,9.203261999999999,0.02807713913086706,9.100609,0.0007883257417740665,0,200,I
-1.2348530560000004,-1.6225128,-0.9418793,0.09076301123327844,-1.23350525,0.008237924208132227,0,200,0.6276290903000001,0.39430237,0.9005584999999999,0.06361543256967042,0.61982728,0.004046923261026285,0,200,9.09543595749999,8.986892999999998,9.225616,0.03331109219638444,9.093178,0.0011096288633160242,0,200,I
-1.3035017364999988,-1.488266,-1.1493073,0.04484539750286271,-1.30298615,0.0020111096771897653,0,200,0.5893836219000002,0.43397522,0.729126,0.044643381722177064,0.5886383000000001,0.0019930315315920123,0,200,9.096975867499998,9.0009,9.226517,0.034816605082143216,9.0972745,0.0012121959894459216,0,200,I
-1.304972458,-1.5649414,-1.0819244,0.061558592898891,-1.30020905,0.003789460359691393,0,200,0.4817315666500001,0.18232727,0.6851654,0.06512553461233493,0.484832765,0.004241335258542433,0,200,9.095521077499997,8.970642,9.193756,0.03688189432308947,9.093216,0.0013602741288595394,0,200,I
-1.3200351930635843,-1.4545441000000001,-1.1252594,0.0539546358189124,-1.3214417,0.0029111027263514643,0,173,0.4734784604046241,0.25332642,0.63934326,0.05877380750799915,0.4811554,0.003454360448987337,0,173,9.097462664739886,9.023071,9.215881,0.03503018235663747,9.096297999999999,0.0012271136759392752,0,173,I
-2.6462562520000006,-3.021881,-2.2257537999999997,0.09619847649978974,-2.656868,0.0092541468808806,0,200,-0.7156443037000001,-0.9254761,0.68092346,0.1575545677967621,-0.74372102,0.024823441833624504,0,200,8.801547617500004,8.531738,9.095978,0.05611990521151728,8.804161,0.0031494437609496844,0,200,J
-2.4065822610000005,-2.6052551,-2.1935577,0.06225115870669243,-2.4081344500000004,0.0038752067603258092,0,200,-0.7089074710499998,-0.9530945,-0.49874878,0.08109529436839905,-0.70993805,0.006576446768697296,0,200,8.869416802499998,8.723923,9.048248,0.038365588290408065,8.869919,0.001471918364869096,0,200,J
-2.507203826499998,-2.8031464,-2.3283997000000003,0.07216337869250886,-2.499466,0.0052075532243184425,0,200,-0.7254499054500003,-1.0740508999999998,-0.46185303,0.06653062154081818,-0.7191696249999999,0.004426323602607578,0,200,8.837104202500006,8.717682,8.939224000000003,0.03810233503076594,8.83581525,0.0014517879347967332,0,200,J
-2.4049712345000014,-2.6279907000000002,-2.2325744999999997,0.06215553739890917,-2.3917389,0.003863310829347197,0,200,-0.6687173455000006,-0.98547363,-0.53248596,0.05158092876139403,-0.668548585,0.0026605922118880057,0,200,8.86821659,8.786407,8.993805,0.03444225978394147,8.867347500000003,0.0011862692590245115,0,200,J
-2.387936104499999,-2.54393,-2.2944946,0.04070720379595679,-2.38433075,0.0016570764408855587,0,200,-0.6211210642499999,-0.7553253000000001,-0.5211029,0.03335208412363706,-0.6194305449999999,0.0011123615153901634,0,200,8.877005239999997,8.79216,8.977371,0.0314330797540828,8.87336,0.00098803850282653,0,200,J
-2.3857504289999985,-2.617096,-2.0747375,0.0613943964825819,-2.3844452,0.003769271919460464,0,200,-0.6263488764499999,-0.9125519,-0.38931274,0.0669953917536644,-0.61808778,0.004488382516226964,0,200,8.873463370000007,8.660233,8.994843,0.040229471462272036,8.873138,0.00161841037413376,0,200,J
-2.388765793500001,-2.6761475,-2.0033112,0.0919998003852991,-2.39363095,0.00846396327093488,0,200,-0.6861729435500002,-0.9763030999999999,-0.3815155,0.08691327379046146,-0.6724701,0.007553917160975716,0,200,8.871699192499998,8.755173,9.004547,0.0442291322993279,8.8703535,0.0019562161439514512,0,200,J
-2.472040404000001,-2.6794127999999997,-2.231018,0.09270624147644066,-2.4574814,0.008594447208688127,0,200,-0.6588255314499998,-1.0058440999999998,-0.37620544,0.08364858265403984,-0.656570425,0.006997085380029734,0,200,8.852278055,8.666107,9.043991,0.054021457293421934,8.855979999999997,0.002918317848105009,0,200,J
-2.4641718310000003,-2.7080688,-2.2148743,0.06985837750199105,-2.44774625,0.004880192907210689,0,200,-0.7148697666500001,-0.9692383,-0.3944702000000001,0.08613993791577396,-0.701469435,0.007420088904133391,0,200,8.850651177499998,8.720047000000001,9.099777,0.04673329930420619,8.851105,0.0021840012638565187,0,200,J
-2.518216319,-2.7629242,-2.2980042000000003,0.09841553146846613,-2.5176239,0.009685616834220643,0,200,-0.7645401777999996,-0.9253082,-0.61912537,0.06300068985209492,-0.75669862,0.003969086921839858,0,200,8.834905150000003,8.711426,8.945114,0.04216628503342577,8.836281,0.0017779955935201056,0,200,J
-2.466771389,-2.7687988,-2.2098694,0.07562744217735133,-2.46561435,0.005719510010288617,0,200,-0.7162458040999999,-0.94207764,-0.6045227,0.048742145295789394,-0.710487365,0.002375796728035844,0,200,8.854128029999998,8.7478485,8.958160000000003,0.03668464620954101,8.853095999999997,0.0013457632675191913,0,200,J
-2.4130787659999986,-2.6680145,-2.3065338,0.08402440111369329,-2.3840561,0.0070600999825148215,0,200,-0.6904766855000003,-0.89331055,-0.5382538,0.050049798501510534,-0.6843414250000001,0.002504982330041805,0,200,8.862364697500006,8.749771,8.960449,0.03669847353838405,8.863395500000003,0.0013467779600474744,0,200,J
-2.4890853120000007,-2.9128418,-1.9458923,0.09737984894436524,-2.4762497000000003,0.009482834980427391,0,200,-0.7498042293000003,-1.0596466,-0.4130249,0.07507697457063,-0.7496567000000001,0.005636552110679025,0,200,8.834444820000009,8.657913,9.242569,0.05051682356490808,8.835662999999998,0.002551949463088052,0,200,J
-2.4991585509999994,-2.6774597,-2.376297,0.06597234118460317,-2.47586815,0.004352349801377688,0,200,-0.7639685054500001,-1.0189514000000002,-0.59510803,0.05030420321768575,-0.7616043100000001,0.0025305128613662253,0,200,8.837560327499997,8.682632,8.921738000000003,0.03633196378087585,8.84023275,0.0013200115921748747,0,200,J
-2.4257989560000017,-2.6164092999999995,-2.266861,0.0655274281865754,-2.4349136500000004,0.004293843844746797,0,200,-0.7237860873999999,-0.8631591999999999,-0.58961487,0.05014152253124385,-0.723602285,0.002514172281751234,0,200,8.856521675,8.758972,8.966003,0.036609976154623185,8.855530000000002,0.0013402903540420785,0,200,J
-2.412734834,-2.6940765,-2.1580505000000003,0.07170238994010493,-2.41098025,0.005141232723122859,0,200,-0.7303781133000006,-0.9916687,-0.42433167,0.07807373605521749,-0.7327651999999999,0.006095508261619767,0,200,8.855660270000003,8.744232,9.00235,0.03947740165056452,8.85609425,0.0015584652410799945,0,200,J
-2.3565769985000005,-2.6495972,-2.1842040000000003,0.0986304836886122,-2.3323746000000005,0.0097279723126496,0,200,-0.6871638481000004,-1.0055847,-0.22952270000000002,0.11375956383603543,-0.691864,0.012941238364165018,0,200,8.873825364999998,8.746917999999999,8.988281,0.03999015938157293,8.877998,0.0015992128473636055,0,200,J
-2.3694514773255824,-2.8045197,-1.6374511999999999,0.13059086444666687,-2.3717041,0.017053973876927725,0,172,-0.6805977940697676,-1.1000671,0.5033417,0.17034564758016732,-0.68507385,0.02901763964950656,0,172,8.872864531976747,7.746353,9.708694,0.15573256640572414,8.864479,0.024252632239313284,0,172,J
-1.04820091075,-1.27034,-0.9557953000000001,0.057345510013465086,-1.0342941,0.003288507518704425,0,200,-0.9216833502500006,-1.0302277,-0.842865,0.03733341846431657,-0.92352295,0.001393784134231773,0,200,9.0719323775,8.979782,9.160828,0.03200166417596747,9.072311000000001,0.0010241065100313998,0,200,K
-1.0483325195500002,-1.1091919,-0.97758484,0.02517244591922749,-1.05046845,0.0006336520335564328,0,200,-0.9105281060500005,-1.0093231,-0.76104736,0.0384116602059032,-0.91602325,0.0014754556397737672,0,200,9.072267095,9.005692,9.181289999999999,0.02798939609068193,9.0720295,0.0007834062935210809,0,200,K
-0.9821767436000004,-1.1637726000000002,-0.78048706,0.05484624929813768,-0.979888925,0.0030081110620734683,0,200,-0.8773979172500005,-1.056427,-0.75109863,0.06382182414279555,-0.869659425,0.004073225236913921,0,200,9.078578507500003,9.011963,9.154633,0.027957336310018028,9.0771105,0.0007816126535514523,0,200,K
-0.9612843318499996,-1.0354614,-0.88468933,0.03129608046177653,-0.96037293,0.0009794446522699907,0,200,-0.8435153960999995,-1.0789031999999998,-0.50138855,0.07087598441077615,-0.846382135,0.005023405166196582,0,200,9.085654345000002,9.009506,9.15564,0.027403426107525792,9.086563,0.000750947762430626,0,200,K
-0.9604688256,-1.0665588,-0.9005584999999999,0.029356984487623757,-0.957016,0.0008618325382065816,0,200,-0.8288481896000005,-0.9642791999999999,-0.7295531999999999,0.037085850245182864,-0.826149,0.00137536028840813,0,200,9.084882810000003,9.005585,9.166977000000001,0.027883310369461144,9.084694,0.0007774789971596992,0,200,K
-0.9994760118999996,-1.0659485,-0.92871094,0.02744355908207704,-0.999687195,0.0007531489350914532,0,200,-0.8526377869500004,-1.0441284,-0.69685364,0.04437929339122082,-0.85138703,0.001969521681904056,0,200,9.078940287500004,9.000351,9.18631,0.03014452776595208,9.0783155,0.0009086925542322557,0,200,K
-0.9747460181999996,-1.1152802,-0.86460876,0.03599824757670008,-0.97750855,0.0012958738285933935,0,200,-0.8392379761499992,-0.9573517,-0.75505066,0.033176965903607684,-0.8411865249999999,0.0011007110665691463,0,200,9.085469042499996,9.02182,9.150192,0.02704770572635955,9.082763499999999,0.0007315783850597433,0,200,K
-0.9720550540999998,-1.2047424,-0.7610321,0.04492204208719087,-0.969947815,0.002017989865283348,0,200,-0.8330571758499997,-0.9989165999999999,-0.7371979000000001,0.03866211409837432,-0.8305358899999999,0.0014947590665557145,0,200,9.084762564999998,8.916565,9.274567,0.035352725714618366,9.0850445,0.0012498152154530391,0,200,K
-0.9460437002,-1.0131989,-0.8832245000000001,0.02513208458387945,-0.944992065,0.0006316216755312713,0,200,-0.8093180831500001,-0.8841858,-0.74024963,0.02473731999954949,-0.81067657,0.0006119350007601112,0,200,9.0843559975,9.016632000000001,9.185027999999999,0.028991679220621232,9.084022500000001,0.000840517464031401,0,200,K
-0.9507929246000002,-1.0241089,-0.88835144,0.025175819588254312,-0.94786835,0.0006338218919403294,0,200,-0.8011852269499999,-0.8846741,-0.7032776,0.028370990428901507,-0.80316162,0.0008049130979168207,0,200,9.086702797500003,8.950516,9.167266999999999,0.03105415826763464,9.0893635,0.0009643607457113008,0,200,K
-0.92870460545,-0.99845886,-0.8674774,0.025735544785898342,-0.9298934999999999,0.0006623182654269793,0,200,-0.7919947798500003,-0.86582947,-0.71466064,0.026500605743330373,-0.792098985,0.0007022821047634347,0,200,9.091642452500002,9.02623,9.162018,0.024050310109921903,9.091385,0.0005784174163834117,0,200,K
-0.9199768825,-0.9715729,-0.86576843,0.020671895877556527,-0.92204283,0.00042732727917253857,0,200,-0.7807492833499998,-0.8384552,-0.7251129,0.021004023386465974,-0.78165437,0.0004411689984192096,0,200,9.091672182499996,9.022797,9.177551,0.02653269005762345,9.09096525,0.0007039836416939103,0,200,K
-0.9238501744,-0.9832610999999999,-0.86343384,0.023591221424313517,-0.92238615,0.0005565457282909891,0,200,-0.7603012861500001,-0.89619446,-0.66760254,0.031045015421013837,-0.76101685,0.0009637929824909867,0,200,9.092470834999997,9.004517,9.174927,0.027889299652434685,9.093353500000001,0.0007778130351032935,0,200,K
-0.9342409513500004,-1.016037,-0.81474304,0.032004992756924436,-0.93618775,0.0010243195613707855,0,200,-0.7640547931499995,-0.8513794,-0.6775665,0.032645273262935086,-0.768096925,0.0010657138664117048,0,200,9.092140602500002,9.009613,9.184509,0.02892227647338215,9.091064,0.0008364980764027545,0,200,K
-1.0048545818999997,-1.1657715,-0.75779724,0.08289212873010621,-0.991676315,0.006871105005408499,0,200,-0.7992723094999998,-0.9948425,-0.7023773,0.046561683890606616,-0.79859925,0.0021679904067287764,0,200,9.086227327500003,8.999619000000003,9.182541,0.033982672557972916,9.088631,0.001154822034182406,0,200,K
-0.9632540886500004,-1.1422881999999999,-0.8592377,0.0633954262208571,-0.94153595,0.004018980065724136,0,200,-0.7576171887500003,-0.8757782,-0.6942291,0.03347059291204072,-0.7526245199999999,0.0011202805898835504,0,200,9.090929342499997,9.001342999999997,9.165878,0.02886565651412425,9.091186500000001,0.0008332261259914036,0,200,K
-0.902753677325,-1.4786377,-0.085754395,0.1316231509110311,-0.89803314,0.01732465385574806,0,200,-0.7431949626499997,-1.0853118999999998,-0.5538635000000001,0.05548050139843733,-0.74115755,0.003078086035422007,0,200,9.097284752500004,8.95163,9.355728,0.03987490644525173,9.0964355,0.001590008164017578,0,200,K
-0.9521150283333332,-1.1609802,-0.63497925,0.09484974930373573,-0.92111205,0.008996474942981513,0,174,-0.7516575072988507,-0.93107605,-0.5875244000000001,0.053797602033076375,-0.759529125,0.0028941819845092628,0,174,9.089604344827592,8.931427000000003,9.236649,0.03498118380369854,9.09153,0.001223683220308141,0,174,K
-2.9320737464999986,-4.010559,-2.267105,0.3047676827842525,-2.8325500000000003,0.09288334046968276,0,200,-1.0813442239499993,-2.3624115000000003,0.13206482,0.27556703662241494,-1.0916443,0.07593719167285942,0,200,8.701368454999999,8.124344,9.593796000000001,0.14612737708925524,8.7239,0.0213532103349854,0,200,L
-2.7577709180000003,-2.9539795,-2.5664673,0.06031165318948919,-2.7619934500000003,0.0036374955104492212,0,200,-1.0192173751,-1.1493835,-0.8208008,0.060018169090465014,-1.02253725,0.003602180620971649,0,200,8.759624637500005,8.637314,8.941772,0.043645642974046536,8.75923925,0.0019049421506179387,0,200,L
-2.744957500999999,-2.83107,-2.6738129,0.03445241102419101,-2.7444305,0.0011869686253797983,0,200,-0.9923780073,-1.0809174,-0.9132843,0.029367352459571932,-0.988693225,0.0008624413904847257,0,200,8.772034840000005,8.703247,8.855988,0.028823304873549307,8.77323925,0.0008307829038335713,0,200,L
-2.7962976085000006,-3.0045624,-2.4992217999999995,0.06272253965765108,-2.8039627,0.0039341169811056105,0,200,-0.9890857705500008,-1.3973999,-0.6674346999999999,0.07589902185020843,-0.99456025,0.005760661517818417,0,200,8.755836949999999,8.589752,8.888351,0.040037397021017655,8.757103,0.0016029931602185936,0,200,L
-2.6979591400000005,-2.916153,-2.4899139999999997,0.049937708098052834,-2.6986847000000003,0.002493774690086332,0,200,-0.9183919523999998,-1.4109497,-0.44929504,0.0877288896577385,-0.91098022,0.00769635808057966,0,200,8.780576248000004,7.9997406,9.272247,0.0911652524298308,8.78218825,0.008311103250594773,0,200,L
-2.6693981235,-3.0134277000000003,-2.3321533,0.0600522307755666,-2.6705475,0.0036062704211219077,0,200,-0.8740322872000006,-1.3213959,-0.508728,0.09720235789664876,-0.8808212500000001,0.009448298380668194,0,200,8.797130114999995,8.306656,9.337952,0.0777508806401307,8.7998965,0.006045199440315853,0,200,L
-2.6769428265,-2.974472,-2.5972443,0.047162343688751586,-2.6682509999999997,0.0022242866622159273,0,200,-0.8530035392999997,-1.0401459000000002,-0.53479004,0.054005192449219176,-0.84732056,0.0029165608114772,0,200,8.796756884999997,8.543533,8.989578,0.04740947284569628,8.798034999999997,0.002247658115506813,0,200,L
-2.6915748575000005,-4.0090485000000005,-1.8869933999999997,0.2333253368806878,-2.6734923999999998,0.05444071283048645,0,200,-0.45002029316,-1.7658843999999998,0.5002899000000001,0.3384978366275142,-0.316116335,0.1145807854015073,0,200,8.800562686500003,7.529953,9.673798,0.2043632262373772,8.8223725,0.04176432823814942,0,200,L
-2.6245792375000003,-3.752411,-1.9291534,0.17522049861858902,-2.59924315,0.03070222313614695,0,200,-0.6428429407549996,-1.33284,0.22463989999999998,0.27131034299918955,-0.66687775,0.07360930221833788,0,200,8.819390955,8.061996,9.543991,0.21018673314997607,8.835144000000003,0.04417846279225925,0,200,L
-2.5802484125000014,-2.7716979999999998,-2.451645,0.05669413082928276,-2.57953645,0.00321422447048783,0,200,-0.6744269545999997,-1.0817413,-0.3253479,0.17473725784209462,-0.679313675,0.030533109278174663,0,200,8.831516227499998,8.308456,9.331847999999999,0.2144391972487549,8.835761999999997,0.045984169316690415,0,200,L
-2.663671569,-2.9169922,-2.5221557999999997,0.06161489573694672,-2.67575835,0.0037963953766748148,0,200,-0.74993454075,-1.1829987,-0.2559967,0.1638619686529964,-0.79477692,0.02685074477083557,0,200,8.803237709999998,8.410186999999999,9.281006,0.15347696946905562,8.796257,0.023555180157405427,0,200,L
-2.664781341500001,-2.8464508,-2.527176,0.062010633450208436,-2.6676941000000003,0.0038453186608961095,0,200,-0.8329740904000004,-0.996994,-0.67419434,0.06424138527516943,-0.831817625,0.0041269555820727544,0,200,8.8059387225,8.634613,8.986084,0.04189224438718609,8.804527499999997,0.0017549601397957243,0,200,L
-2.4920198065,-2.9763641,-1.8410339,0.09108223857907416,-2.48929595,0.00829597418457538,0,200,-0.7991535182999998,-1.4793549,-0.41702269999999997,0.1017315243950887,-0.8002319299999999,0.010349303055748526,0,200,8.8531504075,8.478973,9.301132,0.07718752025944164,8.8495025,0.005957913283801714,0,200,L
-2.5264337875,-2.877884,-2.3442993,0.0818763888436954,-2.51138305,0.006703743050084008,0,200,-0.8018406669500001,-1.3825073,-0.26690674,0.10313167952073987,-0.8010864200000001,0.0106361433207686,0,200,8.843489442500003,8.557526,9.074249,0.0558967615260127,8.84774,0.0031244479490959336,0,200,L
-2.483363651499999,-2.699707,-2.1480255,0.06314064144960628,-2.47745515,0.0039867406026677385,0,200,-0.7552438365999997,-1.0073546999999998,-0.47355652,0.06422004377597644,-0.7543029699999999,0.00412421402258833,0,200,8.859032577500003,8.554260000000001,9.508896,0.08102457725811978,8.857795750000003,0.0065649821198570215,0,200,L
-2.579017562999998,-2.769104,-2.4261475,0.060869562785894574,-2.5839462500000003,0.0037051036737459618,0,200,-0.7951010134000004,-1.0021514999999999,-0.54615784,0.0665034484936928,-0.7910309,0.004422708661553251,0,200,8.827786019999996,8.743057,8.911636,0.032003004396095124,8.826965500000002,0.0010241922903764836,0,200,L
-2.6613185855,-2.8916168,-2.4785156,0.0597570338357088,-2.6553802,0.003570903092842046,0,200,-0.8444615952999998,-1.0281677,-0.67349243,0.06631429722506749,-0.841163635,0.004397586016454593,0,200,8.804008255000003,8.686584,8.915527,0.03817865968567315,8.8043595,0.0014576100553944447,0,200,L
-2.59211420348837,-2.9045563,-2.2226562999999997,0.11988539133991642,-2.5571976000000003,0.01437250705672491,0,172,-0.8804150066279077,-1.2118835,-0.33276367,0.09752626394211393,-0.8779602049999999,0.009511372158506871,0,172,8.821183921511631,8.555206,9.097153,0.06126790034476536,8.82402025,0.003753755612656099,0,172,L
-2.518995743815,-14.809921,10.067855999999999,2.778939197626896,-2.2984161500000004,7.722503064107218,0,200,-9.88486005000001,-19.386353,-0.5406951999999999,2.496609587531573,-9.5879595,6.2330594325545725,0,200,-1.045335768055499,-10.758163,13.166153,2.5054597477688443,-1.0596542000000002,6.277328547689923,0,200,M
-2.7952925875400005,-13.963654,5.0927277,2.519459941977604,-2.4455642999999996,6.347678399229787,0,200,-9.623234403499998,-16.569885,-5.7288513,1.6241867188260248,-9.463569999999999,2.637982497610849,0,200,-1.1002576468595,-9.389389,12.341507,2.295039867742946,-1.13230135,5.26720799452956,0,200,M
-3.0447088559000006,-16.76471,8.333953999999999,2.5396556487911166,-2.9720993,6.4498508144366316,0,200,-9.637287421199998,-19.386353,-0.75805664,2.0645821895424525,-9.3719025,4.262499617375907,0,200,-0.7405336047349997,-10.521378,17.170456,2.8043947071788,-0.825416565,7.864629673652469,0,200,M
-3.1963104993850044,-15.0164795,3.4499207000000003,2.2111891000958948,-3.0179749000000005,4.889357236382893,0,200,-9.494556332999998,-18.698044,-4.3681792999999995,1.5123083720301895,-9.362838499999999,2.2870766121126023,0,200,-1.0073890738015001,-14.748322,16.641022,2.5786386872476204,-0.91395569,6.649377479370132,0,200,M
-2.9458580859,-16.690735,14.358215,3.1873529629656447,-2.766922,10.159218910525873,0,200,-9.834448466000003,-19.24672,-3.7556152000000003,2.2389056505310982,-9.6035465,5.01269851198008,0,200,-0.8835377493649996,-17.72554,16.838104,3.5583998810770683,-1.0761642,12.662209713649291,0,200,M
-3.4281796955250003,-13.602615,3.0383147999999998,2.410075108780348,-2.9815216,5.808462029962604,0,200,-9.427848461999996,-15.531158,-2.4217072,1.5382332137055024,-9.42725375,2.3661614197467578,0,200,-1.0212409943115004,-18.930801000000002,14.763123,2.769097304164161,-1.1045151000000002,7.667899879929223,0,200,M
-3.2332537125349985,-11.797791,8.939682000000003,2.7164898286524584,-2.85060875,7.379316989172263,0,200,-9.650480590000004,-16.471619,-4.9685974,1.7515714337494852,-9.423584,3.068002487527228,0,200,-0.8555667139149999,-14.589020000000001,9.591171000000001,2.5978554999072734,-1.0565338,6.74885319839847,0,200,M
-2.8853976423499987,-11.278534,4.6069336,2.6488141972675523,-2.41614535,7.016216651646148,0,200,-9.659378833,-18.706238,-3.3663177,1.9204915131006657,-9.5663835,3.688287651891683,0,200,-0.8662339771520002,-8.167541499999999,8.988388,2.146355360002248,-0.83367155,4.606841331410378,0,200,M
-3.0373398550749995,-11.437805,5.5310974,2.5569196581067866,-2.6315994,6.537838138012925,0,200,-9.45410271,-18.747757,0.31561279999999997,2.0054266730910046,-9.570145,4.0217361411448564,0,200,-0.879605254984,-17.889542000000006,18.27565,2.8710937924910125,-0.769302375,8.243179565280425,0,200,M
-1.803108674485001,-17.650467000000006,13.622482000000002,3.624976794328396,-1.98490145,13.140456759419374,0,200,-9.545420521600004,-19.386353,3.4030762,2.8298989784597577,-9.4767,8.00832822828758,0,200,0.04465278922300004,-13.053741,15.549407999999998,3.681623007792358,-0.232315065,13.554347971506047,0,200,M
-1.241649549525,-10.289139,14.011429000000001,3.1273257662221567,-1.82839205,9.780166448077,0,200,-9.732633051250003,-19.386353,1.3198853000000002,2.8168889486311643,-9.499008,7.934863348920387,0,200,1.1075083150549998,-17.048354999999994,13.743988,3.6631837271146037,1.17598725,13.418915018597241,0,200,M
-1.6469187871025006,-11.735748,16.758423,3.23181132169913,-2.0444793999999997,10.444604419062678,0,200,-9.907289417499998,-18.764175,-3.7073669999999996,2.0487626277382778,-9.473647999999999,4.197428304817054,0,200,1.3400048799800002,-14.835587,14.248672500000001,2.7280066823007627,1.20607755,7.4420204586776135,0,200,M
-0.9888341530250002,-4.289795,5.965637,1.8144335061812529,-1.2991562,3.292168948353193,0,200,-9.631374438499996,-17.130463,-1.3180237,1.5271362272228532,-9.4256055,2.3321450564964503,0,200,1.6354689770599993,-15.692764000000002,7.0531770000000025,2.146267639391293,1.4953995,4.606464779898273,0,200,M
-0.8741364343250001,-7.166321000000001,14.830078,2.8633561251137283,-1.47802735,8.198808299226307,0,200,-9.780153366,-19.277893,1.5858306999999998,2.3910817671499465,-9.623146,5.717272017196912,0,200,1.7884069769200004,-6.689377,18.18605,3.0803084520943926,1.2951965,9.488300160044156,0,200,M
-0.44679427903950014,-8.941559,11.672623,2.94786029359404,-0.8531036249999999,8.689880310548341,0,200,-9.878243351000004,-18.377365,-1.5318451000000002,1.8106530503179876,-9.557846,3.2784644686258324,0,200,1.2999111932185,-11.607056,9.472412,2.631545712150456,1.1295242,6.925032835137452,0,200,M
-0.4443408985899996,-7.3909607,14.411453,3.012920643998916,-1.2169571,9.077690807034845,0,200,-9.789976582499998,-17.646225,-0.6473236,1.9913589243357872,-9.52417,3.965510365531784,0,200,1.5660842131600012,-8.495544,12.04921,2.480798490824768,1.3707732999999998,6.154361152078445,0,200,M
-0.22204705344499956,-9.445099,10.4344635,2.8932285516940417,-0.70532225,8.370771452337602,0,200,-9.7745396445,-19.386353,-3.1990662,2.0628030942505315,-9.5146255,4.255156605649568,0,200,1.5475740100325008,-17.44107,13.05275,3.278597092895017,1.5099868499999998,10.74919889753966,0,200,M
0.34118114044508663,-9.501984,17.846481,3.8809794301351386,-0.6771393,15.062001337132068,0,173,-9.909495712716764,-19.386353,-3.456482,2.7116697800550926,-9.663849,7.3531529960640345,0,173,1.4712174128901732,-16.631073,15.051101999999998,4.2430876237221336,1.7669983,18.003792582583948,0,173,M
-7.014308780500003,-17.563354,6.927169999999999,2.1830080402817527,-6.967483499999998,4.765524103934778,0,200,-6.919132761999999,-13.185562,-0.7122803000000001,1.40428887496766,-6.97689065,1.972027244357936,0,200,-0.9006290411029996,-5.491501,6.239715599999999,1.8335689861003637,-0.89863585,3.361975226789115,0,200,P
-6.7879374010000015,-11.169937,-3.9293976,1.2569131978956134,-6.7145996,1.5798307870441777,0,200,-7.2296179215000045,-9.757964999999999,-5.0411835,0.8631415372565545,-7.26628125,0.7450133133376081,0,200,-0.8482560735999998,-6.3460540000000005,9.274643,1.6295904378181816,-0.8487853999999999,2.655564995028453,0,200,P
-6.782417066500003,-10.691436999999999,-3.140396,1.1125423343544736,-6.684349,1.2377504457309014,0,200,-7.1998011845,-9.50441,-3.7135620000000014,0.7904811211412094,-7.24863435,0.6248604028806634,0,200,-0.7760912317945001,-4.903961,1.6578522,1.0430599824382594,-0.70227051,1.087974126964102,0,200,P
-6.874537031500004,-10.243256,-4.6450043,0.9241346742893884,-6.77764135,0.8540248962239542,0,200,-7.1205062195000055,-9.251403999999999,-3.7128447999999996,0.8119177588261605,-7.1762695500000016,0.6592104470972953,0,200,-0.7796235662800001,-4.1574707,3.3304138,1.1160207670800806,-0.67060852,1.2455023525540114,0,200,P
-6.8170539165000035,-9.953078999999999,-3.2112580000000004,1.0118712783990036,-6.759933500000002,1.0238834840488338,0,200,-7.2072125244999965,-10.172195,-5.022049,0.7704727361024979,-7.262908949999999,0.5936282370772693,0,200,-0.6936959898899999,-5.3160553,5.5855102999999975,1.2513650323769023,-0.7106475750000001,1.5659144442556459,0,200,P
-6.9208262035,-9.370666499999999,-4.0466614000000005,0.9289524956387339,-6.9491806,0.8629527391534322,0,200,-7.031487355500004,-9.184097,-4.8224945,0.7088238984086743,-7.118682999999999,0.5024313189552707,0,200,-0.7837376338699993,-3.2345886000000004,3.0473175,1.0207714112702584,-0.74581145,1.041974274066675,0,200,P
-6.781764300999996,-11.026871,-1.1894989,1.2819677308893225,-6.641037000000002,1.643441263041518,0,200,-7.210080953499999,-10.327972,-4.1612396,0.9426914507819428,-7.352554299999999,0.8886671713773644,0,200,-0.7986648569300004,-5.1036224,16.9729,1.867009733673292,-0.84809113,3.4857253456308164,0,200,P
-6.863710717500001,-11.536163,-1.4732361,1.2466253852978066,-6.7559433,1.5540748512689049,0,200,-7.147507020999996,-9.148468,-4.769577,0.7241300820083091,-7.2516327,0.5243643756693604,0,200,-0.7319387048499997,-4.8332977,5.4073486,1.2635590634923433,-0.738014215,1.5965815069336478,0,200,P
-7.043748384499999,-16.381560999999998,-2.745346,1.4186430545251991,-6.9380798000000015,2.012548116152587,0,200,-6.904522635500003,-10.169739,-2.2964477999999997,1.0971071772415462,-7.069557250000001,1.2036441583549136,0,200,-1.0337903617898505,-6.129944,7.3376160000000015,1.6107374748603431,-0.96380615,2.5944752129194737,0,200,P
-6.783497940000002,-13.005661,-4.4299774,1.0989063153571792,-6.7081146500000015,1.207595089931892,0,200,-7.148043672999997,-8.689377,-4.559906,0.6255399332335291,-7.217926049999999,0.391300208069808,0,200,-0.8744619769300006,-5.935318,1.6865691999999999,1.0909457987695268,-0.7775955299999999,1.190162735852881,0,200,P
-6.8516513815000035,-10.397446,-3.8391876000000003,1.0728566788449012,-6.629364,1.1510214533421117,0,200,-7.1588932735,-10.352325,-4.443756,0.8327146988738172,-7.264373799999999,0.693413769720512,0,200,-0.8059347542599995,-5.103088400000002,3.6213226,1.1981675793982542,-0.8883667000000001,1.4356055483210712,0,200,P
-6.8952922859999966,-16.694504000000002,-3.2722626,1.371142440387632,-6.74962625,1.8800315918321509,0,200,-7.004849381500001,-11.164337,-1.5363159,1.132911004356741,-7.132133500000001,1.283487343792599,0,200,-1.241224745455,-6.323074299999999,7.2515410000000005,1.7294917796536269,-1.0981597500000002,2.9911418158894687,0,200,P
-6.967378547499999,-14.885925,2.204712,1.6758337940957568,-6.84046175,2.8084189054333795,0,200,-6.849245545000001,-11.758087,-2.657074,1.316954646028009,-7.101661699999998,1.7343695396947587,0,200,-1.3991268946584998,-12.002899000000001,6.4990997,1.9535845259854323,-1.2153015,3.816492500169726,0,200,P
-6.8010368439999995,-9.95015,-3.5550995000000003,1.0376307720089268,-6.72289285,1.0766776190198415,0,200,-7.199952848,-10.790192,-4.6011809999999995,0.7914993194656548,-7.19661715,0.6264711727145946,0,200,-1.0760991657449996,-5.4512634,1.6594238000000001,1.0259566518992689,-0.95088195,1.0525870515763576,0,200,P
-6.871964497849999,-13.615798999999999,-0.37312317,1.6248546810272353,-6.6281815,2.640152734456118,0,200,-7.1157676115000035,-10.152512,-4.0117645,1.0677332686490937,-7.146713149999999,1.1400543329800776,0,200,-1.11550864926,-7.7932130000000015,10.175888,2.102402592429212,-0.98924255,4.42009666065307,0,200,P
-6.918858536999997,-11.177856,-2.1720734,1.2809269068263358,-6.8629379,1.6407737406316842,0,200,-7.109262324500003,-9.73996,-4.6736603,0.8145431005244347,-7.163803,0.6634804626119594,0,200,-0.781876224977,-4.135254,5.4312744,1.2246273990059144,-0.817001345,1.4997122663959912,0,200,P
-6.844922085499995,-14.820419000000001,-2.8452606,1.422756889592104,-6.8182372,2.024237166881798,0,200,-7.312412558500004,-10.855377,-4.6385193,0.9854813440396368,-7.33704375,0.9711734794501691,0,200,-0.5437244414625001,-8.874419999999997,11.976654,1.6441523804273992,-0.5682373000000001,2.703237050065083,0,200,P
-6.815607747674421,-11.990875,-2.0637512,1.1164413374801232,-6.790069600000002,1.246441260034406,0,172,-7.1492909313953525,-8.828292999999997,-4.762848,0.6831818909121836,-7.208336,0.4667374960703468,0,172,-0.6412389888479655,-3.346939,4.4639435,1.007513016984391,-0.7296218999999999,1.0150824793929902,0,172,P
-0.6759808347999997,-2.4148865,0.19686889999999999,0.2839058331046687,-0.6139144999999999,0.08060252207085601,0,200,-0.6706414019500003,-1.9402924,0.6388397,0.2493260876634329,-0.60518645,0.06216349798955384,0,200,9.119199164999996,8.402466,10.108627,0.11364508584281766,9.126305,0.012915205536221388,0,200,Q
-0.5976745614000001,-0.7728881999999999,-0.49583435,0.03722795737054238,-0.5961227499999999,0.0013859208099829207,0,200,-0.5111990361000001,-0.70744324,-0.44070435,0.03286361119167981,-0.5089187500000001,0.0010800169405579024,0,200,9.1371516375,9.02597,9.231308,0.02937349670362452,9.1386185,0.0008628023085978406,0,200,Q
-0.5976737214000002,-0.8449249,-0.48983765,0.0482610890840452,-0.5920333999999999,0.0023291327195781465,0,200,-0.5003715509000002,-0.65496826,-0.40634155,0.04011451065541589,-0.49446106,0.0016091739651234748,0,200,9.134931670000004,9.06456,9.237289,0.02738280040722297,9.135100999999999,0.0007498177581418106,0,200,Q
-0.59601211415,-0.8577880999999999,-0.47470093,0.04821961938855388,-0.5882110700000001,0.002325131693977001,0,200,-0.47682426545,-0.6646271,-0.35910034,0.041991095218794586,-0.47236634,0.001763252077673874,0,200,9.136580862500002,9.031845,9.292496,0.03014820597235602,9.137222,0.0009089143233516027,0,200,Q
-0.5962866212000001,-0.8183899,-0.50735474,0.03995196702352813,-0.592460635,0.001596159669049079,0,200,-0.4759138481500002,-0.62490845,-0.37567140000000004,0.040404784287340095,-0.474784855,0.0016325465933064848,0,200,9.137173695000003,9.065430000000001,9.252411,0.028977926540990736,9.138863,0.0008397202266150552,0,200,Q
-0.5961187746500001,-0.7158966,-0.48564148,0.03262654351060168,-0.59464264,0.0010644913414491848,0,200,-0.43591476434999976,-0.53456116,-0.35699463,0.02604083905378327,-0.43578339,0.0006781252986250441,0,200,9.1341671125,9.0733795,9.227554,0.02643136533055529,9.132782,0.0006986170732372803,0,200,Q
-0.58116920615,-0.77297974,-0.42485046,0.04235968470999677,-0.576889035,0.0017943428887303337,0,200,-0.4511740108999998,-0.5756073,-0.35427856,0.0356281100056043,-0.44995117,0.001269362222571441,0,200,9.138377062500002,9.058914,9.248413000000001,0.029645091362344483,9.139389,0.0008788314418817512,0,200,Q
-0.5699884033999997,-0.6565857,-0.46946716,0.03325093183317473,-0.567062375,0.0011056244677744324,0,200,-0.4186012264999999,-0.558609,-0.33024597,0.028846028599476974,-0.4168396,0.0008320933659618436,0,200,9.141475954999994,9.069366,9.217834,0.029364089936981055,9.1418075,0.0008622497778271122,0,200,Q
-0.5636736307499999,-0.68048096,-0.45079040000000004,0.03050990344201177,-0.5617141999999999,0.0009308542080408819,0,200,-0.4180522154499999,-0.570343,-0.33084106,0.027274849754888083,-0.414756775,0.0007439174291517183,0,200,9.1396580475,9.060837,9.233688,0.028496358645346564,9.1429365,0.0008120424560442176,0,200,Q
-0.5814073938000001,-0.69255066,-0.47077942,0.03333701293360993,-0.5806198250000001,0.001111356431335676,0,200,-0.4055142210500004,-0.5378418,-0.32388306,0.029714954453068317,-0.40401459,0.0008829785181479248,0,200,9.1379541,9.078903,9.205688,0.02654585287846729,9.138481,0.0007046823050452303,0,200,Q
-0.5843655395500003,-0.7302704000000001,-0.44432068,0.036975940315133515,-0.583297725,0.0013672201621883168,0,200,-0.40310012799999995,-0.5112152,-0.32629395,0.029936725935957267,-0.401527405,0.0008962075597646168,0,200,9.1345986225,9.073654,9.218048,0.0269894025150491,9.131401,0.0007284278481193388,0,200,Q
-0.5812614442000003,-0.6725310999999999,-0.5102539,0.0312746088245647,-0.5825043000000001,0.0009781011571295402,0,200,-0.3948300170999999,-0.4640808,-0.32588196,0.026309495796357253,-0.396118165,0.0006921895690585398,0,200,9.138363577500002,9.050491000000001,9.20549,0.027910485509610096,9.1369095,0.0007789952013821553,0,200,Q
-0.5634822848500002,-0.7236328000000001,-0.45886229999999995,0.036302670099001656,-0.5639190500000001,0.001317883856316949,0,200,-0.39149238585,-0.49217224,-0.28863525,0.02683120282396239,-0.39340973,0.0007199134449806072,0,200,9.134964034999998,9.076202,9.232269,0.027488091867687112,9.13398725,0.0007555951945264062,0,200,Q
-0.5673877726,-0.6807709,-0.47344970000000003,0.03088895501204458,-0.56588745,0.0009541275417361142,0,200,-0.3894171905999997,-0.49388123,-0.27766418,0.026380914821509716,-0.38986969,0.0006959526668197508,0,200,9.134367055,9.044402999999999,9.21315,0.028777573770473595,9.133185999999998,0.0008281487521150499,0,200,Q
-0.5709681707499998,-0.7392731,-0.44239807,0.0386890763326432,-0.5685806150000001,0.001496844627473092,0,200,-0.3914511107250001,-0.60050964,-0.120910645,0.053870168776402376,-0.386138925,0.0029019950839980773,0,200,9.137138650000002,9.062103,9.241058,0.03146097825551477,9.1384735,0.000989793152793973,0,200,Q
-0.5714816277999997,-0.6816406,-0.46435547,0.03353265328535629,-0.5708618000000001,0.0011244388363559161,0,200,-0.3743910224499999,-0.4992218,-0.26643372,0.03019841099067732,-0.37586212,0.0009119440263618603,0,200,9.140965855000003,9.067459,9.215637,0.030087390283461305,9.139412,0.0009052510540693216,0,200,Q
-0.5754418188000002,-0.6750641,-0.49795532,0.02802254760527487,-0.57736207,0.0007852631742898963,0,200,-0.3682215121000001,-0.42330933,-0.29612732,0.02391224704126981,-0.370643615,0.0005717955585627171,0,200,9.141211039999996,9.0385895,9.233367999999999,0.03121672050764081,9.142097499999998,0.0009744836392521623,0,200,Q
-0.5787716912138727,-0.7010803000000001,-0.48954773,0.03199179024257475,-0.5777283000000001,0.0010234746429249012,0,173,-0.3730607227167629,-0.44560242,-0.27978516,0.025165685547602755,-0.37431335,0.0006333117290808223,0,173,9.137027716763006,9.075745,9.205063,0.026384266035027373,9.138411999999999,0.0006961294942070993,0,173,Q
-2.8900646955,-4.1519012,-2.373764,0.2731977469316678,-2.8444214,0.07463700892853961,0,200,-0.9069914991,-1.3860168,-0.42877197,0.21762268810176505,-0.9222640999999999,0.047359634376638114,0,200,8.730195992500002,8.467758,9.129684,0.09838372549006873,8.7258835,0.009679357441305195,0,200,R
-2.7956626120000005,-3.689804,-2.1216583,0.2831185444251768,-2.7913895,0.08015611019743081,0,200,-0.87401832645,-1.4082184,-0.34867859999999995,0.20614961498215426,-0.8881149500000001,0.04249766375729045,0,200,8.769086082500001,8.503052,9.127258,0.1049672196128904,8.7653805,0.011018117193260762,0,200,R
-2.5473342935000005,-3.067566,-2.0877838,0.20199080586735133,-2.5508423,0.040800285654942016,0,200,-0.8214680482999998,-1.2976074,-0.2909546,0.18396260345866267,-0.8345108050000001,0.033842239471289164,0,200,8.82421325,8.548553,9.010895,0.0813190953599355,8.82572925,0.006612795270158284,0,200,R
-2.5771427155000013,-3.2814026,-2.0560455,0.23524780460986905,-2.5875321,0.05534152957376312,0,200,-0.8247415161999995,-1.2900696000000005,-0.45539856,0.16310811422188312,-0.83140565,0.026604256925018874,0,200,8.831606919999997,8.597992,9.067337,0.08692599802660135,8.832763499999997,0.007556129132920701,0,200,R
-2.5660657444999986,-3.3580017,-1.9654082999999998,0.2540013836917548,-2.5613327000000004,0.06451670291732603,0,200,-0.8279467785000001,-1.5248108,-0.3547058,0.17739421367245706,-0.8246230999999999,0.03146870704446935,0,200,8.8251961025,8.574585,9.113831,0.0832678635910689,8.816199999999998,0.0069335371070208575,0,200,R
-2.5423502370000013,-2.7636871,-2.351181,0.07488236324805661,-2.5388184000000003,0.005607368325613899,0,200,-0.8112327585999999,-1.2890167,-0.51631165,0.16082537913724312,-0.7701110849999999,0.025864802574637996,0,200,8.829425839999997,8.64209,8.978775,0.05342138771147291,8.825012000000003,0.002853844665019509,0,200,R
-2.5361475380000003,-2.7645874,-2.2982178,0.08630369519169306,-2.53044125,0.007448327803740664,0,200,-0.8093430338500001,-1.2295989999999999,-0.5163269,0.16109710011511574,-0.75509645,0.025952275665499625,0,200,8.824797875,8.644347999999999,8.952164,0.05531724702004124,8.8283995,0.003059997817876261,0,200,R
-2.5363769494999997,-2.796814,-2.3085327,0.08235974495908929,-2.5382919,0.006783127589726235,0,200,-0.8033265686499996,-1.2143707000000001,-0.552948,0.1598989254045872,-0.74343873,0.025567666345541744,0,200,8.826860662500003,8.674042,8.9618225,0.05332627603342272,8.8308185,0.002843691715592794,0,200,R
-2.531434857,-2.7136077999999997,-2.307235700000001,0.06904466437802867,-2.5328293000000004,0.0047671656790746215,0,200,-0.81016258155,-1.2103576999999999,-0.53645325,0.16597575217951804,-0.750312805,0.02754795031155679,0,200,8.828457642500005,8.6684265,8.938553,0.050526456769641175,8.831520000000003,0.0025529228336944178,0,200,R
-2.5253512555000013,-2.727478,-2.2256927,0.09293416261387458,-2.5298309000000003,0.00863675858074208,0,200,-0.8138179035499999,-1.2451782,-0.5044403000000001,0.15723678288946408,-0.802589415,0.024723405893428464,0,200,8.832781630000007,8.692688,8.982619999999997,0.05444012323645665,8.831207000000001,0.0029637270180005865,0,200,R
-2.539485471499999,-2.746994,-2.3097992,0.10075203687228716,-2.54322815,0.010150972933914709,0,200,-0.8175215895999999,-1.3297881999999999,-0.42340088,0.1780394407380855,-0.7913818349999999,0.031698042458330265,0,200,8.822232502499997,8.689865,9.017487,0.05324904333614649,8.820335500000002,0.002835460616214807,0,200,R
-2.536278612999999,-2.744873,-2.2682952999999997,0.08781393597103973,-2.53939055,0.007711287350725866,0,200,-0.7993979655999999,-1.2523803999999998,-0.5268096999999999,0.16379464830371432,-0.733184815,0.026828686812937458,0,200,8.8322863075,8.655289,8.951492,0.0516101978658332,8.8311005,0.0026636125237504537,0,200,R
-2.532397157,-2.7699127,-2.2606506,0.08870425533915167,-2.53310395,0.007868444915273418,0,200,-0.7856451410999997,-1.2410583,-0.49458313,0.16159534578218174,-0.7504577750000001,0.02611305577846289,0,200,8.833052605,8.654327,8.990082000000003,0.056685705483390775,8.830566500000002,0.00321326920614972,0,200,R
-2.5262712125000024,-2.8363495,-2.1775818,0.1055841765097394,-2.5292435,0.011148018329239805,0,200,-0.8065940874499998,-1.4115906,-0.23223877,0.17566959035199395,-0.78367615,0.030859804974437362,0,200,8.827387810000003,8.645859,8.993561,0.06369510401848813,8.82941425,0.004057066275926022,0,200,R
-2.5254087060000017,-2.7656097,-2.3164825,0.08198494878310472,-2.52741245,0.006721531826968305,0,200,-0.7981345346500001,-1.184433,-0.46154785,0.1653084057871654,-0.763504025,0.027326869023894144,0,200,8.8326340925,8.67421,8.988311999999997,0.05015085827156463,8.833541499999997,0.002515108585374562,0,200,R
-2.535058064,-2.7918396,-2.2548369999999998,0.08787556742989963,-2.5330429,0.0077221153511268376,0,200,-0.7810018924000004,-1.1814728,-0.5486145,0.17101600641019002,-0.7303619499999999,0.02924647444849015,0,200,8.83849358,8.654373,9.013855,0.057444804823059324,8.833366499999999,0.0032999056011593798,0,200,R
-2.532715146500001,-2.8136292000000003,-2.2720184,0.11292113632548645,-2.5232848999999997,0.012751183029039095,0,200,-0.7801127626499997,-1.2582855,-0.39909363,0.1857766089694866,-0.72322083,0.03451294844020153,0,200,8.833682894999997,8.648773,8.990799,0.06384119731837902,8.830581749999997,0.0040756984750442045,0,200,R
-2.53468278372093,-2.746109,-2.2999725,0.09355449436487076,-2.5315552,0.008752443415866637,0,172,-0.7780074200581395,-1.1807251,-0.44088745,0.17657252134881082,-0.7411575499999999,0.031177855295476262,0,172,8.833171218023253,8.704651,8.96077,0.056471579941231524,8.834816,0.0031890393410589023,0,172,R
1.7477989171500017,0.26289368,3.5601807,0.4579406829834942,1.7786026000000001,0.2097096691313891,0,200,-9.469233545,-9.940704,-8.611252,0.1878097090775112,-9.494819499999998,0.03527248682377939,0,200,-0.10304580601850002,-1.142456,1.8483124,0.5307461287458501,-0.23459625,0.2816914531787066,0,200,S
1.9479762301150003,0.051879882999999995,3.4151459,0.5619249962196129,1.91563415,0.3157597013764121,0,200,-9.420385152499998,-10.421111999999999,-8.28775,0.2119329385767332,-9.443733,0.044915570453769364,0,200,0.142932510146,-0.79751587,1.9870911,0.4559733676706224,0.07576752,0.20791171202488853,0,200,S
1.6382620268499997,0.43304443,2.7456055,0.4453178145527212,1.6824112000000002,0.1983079559580118,0,200,-9.447286812500003,-9.765472,-8.459106,0.20701466909933025,-9.480285499999999,0.0428550732223052,0,200,0.2257083903250003,-0.89164734,2.3890076000000002,0.8059739774335868,-0.0383758545,0.6495940523001159,0,200,S
1.929148711699999,0.5696564000000001,3.3268584999999997,0.527479122387998,1.9468765,0.2782342245552126,0,200,-9.40289459999999,-11.078278,-7.834549000000001,0.32442965280197256,-9.4276885,0.10525459961720847,0,200,0.2464947533405001,-3.7625732000000003,2.81221,0.7397398300454601,0.20071411,0.5472150161556861,0,200,S
1.9622787489000009,0.6258087,3.9622803,0.5073951947208053,2.0436401,0.25744988362576393,0,200,-9.416774295,-10.077086999999999,-8.287415,0.20741900746266467,-9.4308475,0.043022644656796935,0,200,-0.06553894117484999,-1.1203461000000001,2.3129578,0.5418227372085826,-0.18721008,0.2935718785562008,0,200,S
2.1534791560000004,0.6582184,3.311615,0.3055205198219446,2.17344665,0.09334278803227124,0,200,-9.394776004999997,-10.315002,-9.01004,0.12149560745472004,-9.39501175,0.014761182630791425,0,200,-0.03747200031780008,-0.94277954,1.4601746000000002,0.3607686980260079,-0.130203245,0.13015405347538087,0,200,S
1.7097911806499997,0.31169128,3.0825806,0.5953199159339246,1.73959355,0.3544058023075751,0,200,-9.415114504999998,-10.386092999999999,-8.163314999999999,0.3223180677936955,-9.47084,0.10388893682626127,0,200,0.37364242403549996,-2.1195679,3.1361084,0.9625989867237392,0.080314635,0.9265968092415696,0,200,S
1.984739072500002,1.3158112,2.4238586,0.16055564357843866,1.9937515,0.025778114684886628,0,200,-9.434072222499994,-9.593765,-9.304367,0.04335092630314778,-9.433998,0.0018793028113409504,0,200,-0.1590533449185,-0.5627289000000001,0.4339447,0.159339795315393,-0.15747070000000002,0.025389170371151338,0,200,S
1.9319565568150008,0.054901122999999996,4.039871,0.6337531443174479,1.98777005,0.4016430479322519,0,200,-9.36120712,-10.703232,-7.266891499999999,0.3312677520015667,-9.4134065,0.1097383235161715,0,200,0.3525715636890002,-1.0958861999999998,3.2861786,0.8843696648511801,0.12298584,0.7821097041089884,0,200,S
2.16321456675,0.89427185,2.676361,0.2317198990130479,2.17910765,0.0536941115986171,0,200,-9.394796845000004,-9.834702,-9.229339999999999,0.06588175497700573,-9.386863499999999,0.004340405638850219,0,200,-0.20022155743930012,-0.611557,0.25216675,0.16244756985949665,-0.210762025,0.02638921295325604,0,200,S
2.10573425505,0.4552002000000001,3.3639832000000003,0.5068019256268255,2.1821213,0.2568481918190583,0,200,-9.391561189499992,-10.749419999999999,-7.4615784,0.2983333437034117,-9.385231,0.08900278396525799,0,200,0.006081544277000007,-1.1521149,4.227005,0.5664411162024398,-0.09528351,0.3208555381246659,0,200,S
2.052878953449999,0.6983795,3.5085602,0.4352677811434692,2.13038635,0.189458041301559,0,200,-9.371405179999998,-10.081299000000001,-8.143844999999999,0.2528600742399654,-9.404167,0.06393821714464082,0,200,0.09607147184400007,-0.8601074000000001,3.3397522000000004,0.8297830778841477,-0.18501282,0.6885399563428897,0,200,S
2.1996398159499995,0.69506836,3.358368,0.4178012556584282,2.24409485,0.1745578892297593,0,200,-9.353847435000004,-10.170685,-8.379562,0.21955594939934805,-9.379921000000001,0.04820481491664908,0,200,0.06787216066660001,-1.8504791,2.9852905,0.7358558060722472,-0.14588928,0.5414837673302367,0,200,S
2.1055255881500003,0.91793823,4.185257,0.4098900858792279,2.0966263,0.16800988250208085,0,200,-9.366213145,-10.035706,-8.293823,0.21487647213170602,-9.3942415,0.04617189827576782,0,200,0.07629379127464997,-3.6155699999999995,2.392517,0.7575470623338677,-0.189697265,0.5738775516506729,0,200,S
2.1010479700000007,0.7391814999999999,3.0530548,0.3624123886433359,2.1093368000000003,0.13134273944216834,0,200,-9.346097885000002,-9.954651,-8.318695,0.21561528243600114,-9.4057385,0.04648995001995655,0,200,0.2659671007239999,-0.9743805,3.066681,0.7856769799748334,0.006919860799999999,0.6172883168623747,0,200,S
2.0908687554000003,0.42053223,3.3153534,0.5463756631337413,2.2692947,0.2985263652648355,0,200,-9.348507620000003,-12.393386999999999,-7.988022,0.3844537677594543,-9.3561325,0.1478046995444404,0,200,0.2255667886120001,-0.878067,3.291031,0.8592913796933997,-0.1092910775,0.7383816752153866,0,200,S
2.005296176924999,-0.25080872,3.6807709,0.6697355294284181,2.21655275,0.44854567937876333,0,200,-9.393104934000004,-10.888031,-7.8430023,0.27303534211870856,-9.378021,0.07454829804588023,0,200,0.1225759140065,-1.090271,13.219666,1.0966785479310093,-0.0608596805,1.2027038374920669,0,200,S
2.1208179522988506,0.37449646,3.3889465,0.5289737487134154,2.2151184500000003,0.27981322682792353,0,174,-9.341838727011488,-10.142258,-7.978958,0.2715743135934384,-9.36557025,0.07375260780374725,0,174,0.08159339322873574,-0.82792664,2.9391173999999998,0.8426105088337099,-0.22821045,0.7099924695970038,0,174,S
