x_accel_mean,x_accel_min,x_accel_max,x_accel_std,x_accel_median,x_accel_variance,x_accel_zero_crossing,x_accel_mean_crossing,y_accel_mean,y_accel_min,y_accel_max,y_accel_std,y_accel_median,y_accel_variance,y_accel_zero_crossing,y_accel_mean_crossing,z_accel_mean,z_accel_min,z_accel_max,z_accel_std,z_accel_median,z_accel_variance,z_accel_zero_crossing,z_accel_mean_crossing,Activity_ID
1.7146912405125003,-7.701156599999999,8.512909,2.115643176065362,1.8989258000000002,4.475946048431932,0,200,9.572509756635,-2.9060059,17.497574,3.595130021173204,9.031989999999999,12.924959869140842,0,200,0.2665582267575001,-6.2900542999999995,5.886261,2.0080007617484013,0.08569336,4.032067059182158,0,200,A
1.3584154537300008,-4.101257299999999,8.533035,1.9055629871666755,1.4417114,3.6311702980595824,0,200,9.810264534349995,-0.44944763,18.327026,3.278102099271269,9.391617,10.745953373246703,0,200,-0.201652677784,-6.5839690000000015,5.5229034000000015,1.9015052794871885,-0.463516235,3.61572232791765,0,200,A
1.0761206864349997,-3.0259400000000003,7.780258,1.823839047219212,1.29292295,3.3263888701614825,0,200,9.739666218999997,4.0058746,18.254364000000002,3.00087242396853,9.28710925,9.005235304934757,0,200,-0.034625472082499976,-5.3896027,5.9711304000000025,1.9740564416373532,-0.321601865,3.8968988347699303,0,200,A
0.94290755928,-3.2272644,6.188049299999999,1.7027777044264751,1.0275878500000002,2.899451910691897,0,200,9.728675756499998,4.213623,19.002869,2.5886145446710507,9.5313415,6.70092526088251,0,200,-0.14104385415150006,-5.423065,5.3595276,1.8832050171425123,-0.390083315,3.5464611365907306,0,200,A
0.41064567580249983,-7.5908050000000005,9.082382,2.113341923844372,0.399314885,4.466214087078232,0,200,9.806227359,-4.8320465,19.594666,3.4254628372187508,9.526657,11.733795649166732,0,200,-0.11243056945849997,-6.599487299999999,5.278427,1.9023990486348608,-0.274841315,3.6191221402468248,0,200,A
0.20508934018349986,-3.6547852,5.5950317,1.9375051164811872,0.458953855,3.7539260763907785,0,200,9.949035610499998,2.4250946,17.813736,3.169119868096092,9.8431245,10.043320738361391,0,200,-0.07458572588849993,-4.9711456,8.198166,2.0783174144593515,-0.379806515,4.319403275245004,0,200,A
-0.11962845078499998,-5.729767,5.5120087,1.9175091367902968,-0.0782394415,3.676841289674268,0,200,10.021420889250004,0.91874695,19.155869,3.642375351877009,9.788994,13.266898203961167,0,200,-0.060678407594999935,-6.019684,7.206009,2.276827479868831,-0.4409256,5.183943373085851,0,200,A
-0.19960166928,-6.9782410000000015,10.863403,2.200363121915331,0.0607147225,4.841597868284981,0,200,9.90271828765,0.33981323,18.36029,3.788503736199916,9.668571499999999,14.352760559200725,0,200,-0.20558914236000012,-7.660782000000001,5.9119415,2.0560870819792427,-0.4381027150000001,4.227494088681918,0,200,A
-0.503328471975,-7.554489,3.8668976,2.0138730395147566,-0.48560333,4.0556846192844045,0,200,9.758719625875003,0.112716675,19.523453,3.663533001995093,9.52002725,13.421474056707178,0,200,-0.09612517817499996,-8.327072,5.4061584000000025,2.041250269009974,-0.362174985,4.166702660733291,0,200,A
-0.3249505630650001,-5.6334534000000005,5.326599,1.7080331070843564,-0.39291382,2.9173770948962408,0,200,9.786525559000006,-3.2652892999999996,18.993118,3.0267668672198065,9.5792465,9.161317668499603,0,200,-0.3111409780950002,-7.7336273,6.240158,2.09672687085578,-0.475524905,4.3962635709686735,0,200,A
-0.09931519169750004,-7.821105999999999,13.096878,2.3388930315586163,0.0631866465,5.470420613073454,0,200,9.940630626499996,2.5234528,19.283676,3.5415769808730238,9.451004,12.54276751144968,0,200,-0.19463409745299998,-6.5630646,7.0621490000000025,2.1500057310035365,-0.38011169,4.622524643348052,0,200,A
-0.2152476503425,-5.2627562999999995,7.709549000000001,2.078054353612727,0.051933288,4.318309896568809,0,200,9.8088694595,-2.8091583,18.650024,3.958339217994271,9.7029645,15.668449364711494,0,200,-0.3283534241700003,-7.458221400000001,6.386017,2.305789906283528,-0.55072023,5.316667091918999,0,200,A
-0.31629943580999986,-7.6552887,5.740036,2.251299465171813,-0.211647035,5.06834928188289,0,200,9.779618093000005,-4.933898999999999,19.574463,4.2388655693188575,9.339416499999999,17.967981314756887,0,200,-0.295285114315,-7.249817,7.1437683000000005,2.2466352067154425,-0.54580688,5.0473697520533385,0,200,A
-0.2114775096950001,-6.0976563,4.334427,2.066385507558933,-0.080245975,4.269949065849587,0,200,9.991354950000002,0.3897705,18.382248,3.9271658697005383,9.6407625,15.422631768140787,0,200,-0.18320716554000005,-5.3059235000000005,6.999954,2.1938372996851325,-0.542793285,4.8129220974897535,0,200,A
-0.4932434859900002,-7.898163,11.160461,2.4007242744666546,-0.353637695,5.763477042013445,0,200,9.739309474,-1.2246399,19.613052,4.379056463230929,9.409737,19.176135508164567,0,200,-0.4047634129450002,-9.986038,6.7664795,2.585381672258689,-0.556312565,6.6841983912511385,0,200,A
-0.40168998512500004,-6.2444763,8.917679,2.1724465280289795,-0.235626225,4.719523917145168,0,200,9.7366133035,1.0227661,19.556213,4.250852075007988,9.468552,18.069743363599727,0,200,-0.3963382709649998,-6.2940674,6.9215393,2.44818965024436,-0.6360549950000001,5.993632563563599,0,200,A
-0.4657136516699997,-9.043106,5.9593050000000005,2.114347866556449,-0.35662842,4.470466900811807,0,200,9.820024874999996,1.0337677,19.292892000000002,4.031700012659826,9.427055500000002,16.25460499208124,0,200,-0.3345731327885003,-7.325622599999999,6.490082,2.3215980694271816,-0.5997390499999999,5.389817595968019,0,200,A
-0.2708536466381505,-5.1425323,6.2797089999999995,2.0488257461614787,-0.19949341,4.19768693813414,0,173,9.878662362427743,-3.9618377999999996,19.236069,4.066187053480947,9.494964999999999,16.533877153896064,0,173,-0.2686981891040462,-6.586883500000001,7.7138367,2.3461720297596846,-0.5186615,5.504523193226677,0,173,A
-0.7133723440209997,-15.498764000000001,6.198044,3.5210426064079465,-0.17507171500000002,12.397741036140067,0,200,8.758343108160002,-5.7886505,19.613052,6.0118321547173705,9.461281,36.1421258564937,0,200,0.4852516133950001,-6.70105,6.0505676,2.050231769961242,0.4158020000000001,4.2034503105584085,0,200,B
-2.2814271563165,-19.724915,4.4562836,4.0278735308016085,-1.54013065,16.223765180132215,0,200,9.104942188899999,-6.2448273,19.613052,6.773110797957259,8.459976000000001,45.87502988140524,0,200,-0.07750153008999999,-12.634064,13.19635,3.92486592410224,0.31924438,15.404572522178931,0,200,B
-2.1032005266,-16.343338,4.4229584000000015,4.181124684185098,-1.18175505,17.48180362470194,0,200,8.827230001850001,-11.229538,19.613052,7.02163968818932,9.091552499999999,49.303423910755406,0,200,-0.3792421043000001,-10.885529,15.155029,3.548984387699313,-0.06288147,12.59529018413347,0,200,B
-2.015086041279999,-17.715942000000005,4.9930115,4.423042237675923,-1.66893765,19.563302636265238,0,200,8.678056930799992,-9.075272,19.613052,7.109301389349433,8.950012000000003,50.54216624460576,0,200,-0.6500607287229999,-15.922424,8.016388000000001,3.780881290026672,-0.27900696,14.295063329273756,0,200,B
-1.3453094519649995,-16.12262,12.039352000000001,4.446859004578248,-1.0542221,19.77455500659865,0,200,8.930967386749993,-9.703994999999999,19.613052,7.549895708064442,9.026207,57.00092520264987,0,200,-0.3587462600650002,-15.926498,9.879897999999999,3.4050919719960713,0.08792877199999999,11.59465133775209,0,200,B
-1.475852270115,-17.302856,6.4496765,3.886451696963995,-0.669815065,15.104506792834318,0,200,9.10194872340999,-9.196671,19.613052,7.420312742984112,9.3988955,55.0610412036924,0,200,-0.5641214810349999,-18.904007,11.014145,3.664553613979909,-0.214866635,13.428953189733212,0,200,B
-0.7149482700500001,-19.144576999999998,8.281891,4.4154926324638035,-0.19692993,19.496575187342135,0,200,8.628809212250001,-10.573257,19.613052,7.260171220093364,8.010574499999999,52.71008614507196,0,200,-0.4502730613514999,-14.385162,16.742004,4.430369024635051,-0.16692352500000002,19.628169694445738,0,200,B
-0.4833965439650002,-14.465561,10.817596,4.429983256688099,-0.19355011,19.624751654536905,0,200,8.577494439850003,-8.171783,19.613052,7.164590800653214,8.56475075,51.33136134080467,0,200,0.2573471827625001,-10.207535,17.778778,4.259768539884917,0.432769775,18.145628013393285,0,200,B
-0.5860931569450001,-15.491425,11.653503,4.929981703264465,-0.66361998,24.304719594522396,0,200,8.318287734799995,-11.778808999999999,19.613052,7.376360015819367,8.2601315,54.410687082978704,0,200,-0.3142904022350001,-18.356613,11.142211999999999,4.099806065551606,0.15641785,16.808409775133732,0,200,B
-0.06936576639,-16.451874,18.125748,5.360587213173951,0.39299011,28.735895270044065,0,200,8.116047194299997,-12.615936,19.613052,8.198146691738506,8.741028,67.20960917926301,0,200,-1.385576692945,-19.753006,16.293076,5.7622119833439855,-0.19896698500000004,33.203086940993025,0,200,B
-0.4448353589875,-18.871338,12.16333,4.86268742588387,-0.24131774500000006,23.645729001849087,0,200,8.769580309399997,-11.801407000000001,19.613052,7.7827388888254605,8.572532500000001,60.57102461163618,0,200,0.12142402708500015,-16.510070000000002,18.549744,4.494491518512626,0.48389435,20.200454009981925,0,200,B
-0.349054942825,-17.338593,9.711395,4.42060407156608,-0.07003021100000001,19.541740357546605,0,200,9.134332397875001,-7.3828429999999985,19.613052,7.114214246515732,9.786491000000002,50.612044345327384,0,200,0.2317822185099999,-13.309662,12.905624000000001,4.152029812790208,0.34925843,17.239351566298694,0,200,B
-0.07893196385000004,-19.46814,8.413666000000001,4.378906152214601,0.47328187,19.17481908990288,0,200,9.0511664415,-10.689209,19.613052,7.178815464451637,9.58209225,51.53539147264999,0,200,-0.05661880874500001,-13.986435,18.941589999999998,4.289972284522054,0.054504394500000004,18.403862201967367,0,200,B
-0.31383957102500043,-17.035492,9.925796499999999,4.696619197373574,0.46308135,22.05823188513798,0,200,8.762869718800003,-11.801986999999999,19.613052,7.417408412003418,8.5215075,55.01794755045906,0,200,-0.2760207862299999,-16.661575,15.416732999999999,4.8639853921315845,0.51729585,23.658353894869453,0,200,B
-0.3759495500229999,-18.44905,11.049377,4.518987067617567,0.165000915,20.421244117294805,0,200,8.939602210809998,-7.4745026,19.613052,7.267026224627393,8.752464,52.80967014942225,0,200,0.4733290103285001,-14.396866000000001,13.606704999999998,3.8913685384441425,0.6813430999999999,15.142749101992898,0,200,B
0.03769637566000004,-17.46614,10.958953999999999,4.215533090078466,0.5283508349999999,17.77071923354651,0,200,8.852144741741999,-6.695327799999999,19.613052,6.732241262807008,8.6907575,45.323072420641296,0,200,-0.4780961689399997,-11.009888,11.052032,3.8147607102984846,0.162445065,14.552399276837,0,200,B
-0.12522323731749962,-19.632263000000002,9.974075,4.514670068940369,0.596458435,20.382245831386022,0,200,8.435283746500001,-9.822937,19.613052,7.083239488910987,8.0654677,50.17228165726799,0,200,-0.43924538288400017,-17.395020000000002,14.351882999999999,4.193404554778351,-0.0641479494,17.58464176003583,0,200,B
-0.002120265687861326,-16.34732,9.677078,4.174422948922424,0.6154938,17.425806956490188,0,173,8.516251808838149,-6.7887270000000015,19.613052,6.865976466692317,8.83638,47.14163284117269,0,173,-0.5647166705895951,-13.7352295,12.724457000000001,4.037854114639928,0.1131134,16.3042658511146,0,173,B
1.0081492597610002,-3.8132324,6.83197,1.8234110734295044,1.1980057,3.3248279427053378,0,200,9.060785879735,-4.5542145,18.915802,4.686057924499713,9.284309,21.95913887176656,0,200,0.6709444391670002,-3.7070922999999993,12.168381,2.606806489095732,0.23052979,6.7954400715916154,0,200,C
1.01104194009,-9.032349,10.677139,2.6007545556832157,1.09797665,6.763924258907004,0,200,9.209411674399997,-0.8169403000000001,19.613052,4.280207459392021,8.626441999999999,18.320175895435103,0,200,0.8519591450849995,-14.024216000000001,11.283432000000001,2.9362656186084553,0.48439026,8.621655783022092,0,200,C
3.0534886074585,-3.0786743,16.594054999999994,3.0695206931619734,2.52620695,9.421957285749563,0,200,8.869996431949998,-2.4677582,19.561646,4.216790841587544,8.158736999999999,17.78132500169659,0,200,-0.040310055539999945,-10.62941,12.3811035,2.8401482530285023,0.10196686,8.066442099180854,0,200,C
2.6426661726930005,-1.5567932,17.395767000000006,2.3724823489154487,2.4928131,5.628672495915366,0,200,9.157696552870002,-1.9466705000000002,19.31723,3.970494389167887,9.460365,15.764825694413672,0,200,-0.34917023159999977,-9.085007000000001,10.651183999999999,2.2365548087284113,-0.47991181,5.002177412446179,0,200,C
2.9518655452385008,-5.0453644,19.188416,2.862467623407229,2.7455139,8.193720895054632,0,200,8.794766311299995,-0.62202454,19.546188,4.0305034322509306,8.088683999999999,16.244957917386536,0,200,-0.21447311184850004,-11.5651245,12.784912,2.7635426645442798,-0.13362885000000002,7.637168058756495,0,200,C
3.1365700549599995,-5.0471497,18.45691,3.0613328637106587,2.7559662,9.371758902434905,0,200,8.888257521349997,-0.31147766,19.613052,4.108476696418075,8.385712,16.879580765010378,0,200,-0.5081088983250002,-15.384383999999999,10.81691,2.84337119169613,-0.39058685,8.08475973376747,0,200,C
2.7109592496815003,-2.7102202999999996,13.050232000000001,2.225165493961557,2.55680845,4.9513614755171815,0,200,9.069172900864995,-0.9925537,18.552841,3.671569777972557,9.1944275,13.480424634521446,0,200,-0.33150268289650003,-4.7619934,8.332169,2.30427014249042,-0.488800045,5.309660889572822,0,200,C
2.8837232203894985,-9.652389999999999,16.169342,3.093096267907676,2.8752671000000003,9.567244522544396,0,200,8.695326834500003,1.8679199,19.387878,3.7204554892408175,7.70069885,13.84178904742213,0,200,0.2288348350700001,-17.345337,17.246658,2.855548650519385,0.14133453199999998,8.154158095483082,0,200,C
3.0755950122500004,-8.955002,15.227402,2.861242687165276,3.0249481,8.186709714856766,0,200,8.63272857536,-1.3557128999999999,19.613052,3.75214274107396,8.246796,14.078575149394007,0,200,-0.3591641253200001,-16.582428,11.49765,3.1440353221841137,-0.317962645,9.884958107141363,0,200,C
2.6200302955949994,-2.8095703,19.187545999999998,2.305312130272666,2.595993,5.314464017982297,0,200,9.105467064285001,-0.56059265,19.55043,3.7156647715659936,9.120292999999998,13.80616469465657,0,200,-0.44556457777,-6.813629,7.4702606,2.199362876478569,-0.650543215,4.837197062432088,0,200,C
3.334458999375,-2.7528076,13.815887,2.5371037657771423,3.14482115,6.436895518320553,0,200,8.868219909200002,0.11366272,19.613052,3.6848221225469673,7.71723935,13.577914074811538,0,200,-0.3803703251331653,-13.328659,8.028488000000001,2.8496073440371474,-0.300476075,8.120262015190448,0,200,C
3.357515108347501,-5.8693695,17.438843,2.7207196484441747,3.0623703,7.402315405430198,0,200,8.8242009205,2.4386444,19.592026,3.331458391302176,8.353081,11.098615012977683,0,200,-0.14342537059000005,-15.593994,19.187134,3.376885087772844,-0.42380524,11.403352896022609,0,200,C
3.1934043156500014,-1.942337,17.476944,2.442763923278889,3.0020675,5.967095584872871,0,200,8.852924646750003,0.2526703,19.115036,3.380333100791273,9.093849,11.426651872305143,0,200,-0.14000236529000007,-5.9285125999999995,12.738983000000001,2.4190709984426118,-0.38037109,5.851904495506138,0,200,C
3.276677698794998,-4.425766,17.954285000000006,2.6893473439202524,3.0789947,7.232589136250918,0,200,8.767130973049998,-0.8766632,19.512420000000002,3.6897926081762296,8.505760500000001,13.614569491351945,0,200,-0.16593985856055,-9.638763,12.593384,2.3949548618551897,-0.44187164,5.735808790323812,0,200,C
3.3867422463049985,-13.368789999999999,17.836745999999994,3.4021423412839438,3.1305771,11.574572510356992,0,200,8.500577002750003,0.38601685,19.613052,3.7301567919005008,7.562423649999999,13.914069692161435,0,200,0.10335602286065017,-15.102112,9.74147,3.0002456680826954,-0.016075133999999998,9.00147406884898,0,200,C
3.097517006654998,-1.279892,17.766357,2.4429791200333795,2.91162875,5.968146980919067,0,200,9.048581116030002,-0.22146606,19.04506,3.4678183525842248,8.8920745,12.02576412651997,0,200,-0.2917593383765001,-7.1635284,10.019241000000001,2.1093645220903228,-0.507102965,4.4494186870533365,0,200,C
2.8577067572500003,-5.54335,18.188323999999998,2.3970271390051883,2.6900023999999996,5.745739105127398,0,200,8.80109081277,-3.6715698,19.329147,3.5877636189285784,8.905861000000002,12.872047785307489,0,200,-0.4500312766865,-8.063811999999999,7.2487183,2.1672545818731783,-0.5280609249999999,4.696992422650285,0,200,C
3.4990657489534884,-4.2247010000000005,18.135803,3.0683207528819394,3.4307861500000003,9.414592242565991,0,172,8.292681233139534,2.1192932,19.593903,3.5471604924445463,7.413520850000001,12.582347559159436,0,172,0.028854100302325675,-12.365082000000001,9.744003,2.746026278851626,-0.025833129500000003,7.540660324143706,0,172,C
2.7916293303449984,-1.1580048,7.1095885999999995,2.760017635438585,1.9688644,7.617697347931997,0,200,7.023559417,2.2596588,11.082138,2.8047956197734267,8.1499785,7.8668784687002,0,200,3.335186996439,-2.0226439999999997,8.055771,2.7001196744119436,3.0976868,7.290646256146463,0,200,D
6.010762638999995,5.5523987,7.9640502999999985,0.21683700700481265,5.9453887000000005,0.04701828760680517,0,200,3.235030061,0.20875549999999998,4.2513733,0.2793386948021377,3.20654295,0.07803010641376186,0,200,6.130259937500001,-0.6771393,6.3634033,0.5092519537528802,6.224616999999999,0.2593375524011257,0,200,D
5.9406451519999965,5.8736115,6.0096739999999995,0.020266722829022882,5.9396745000000015,0.0004107400542284373,0,200,3.1886270910000007,3.1278534,3.2545319,0.022406869013354525,3.18615715,0.0005020677789816272,0,200,6.260300522,6.175171,6.3469695999999995,0.025955427233667883,6.262619000000001,0.0006736842028822284,0,200,D
5.949900445499999,5.8708496,6.0056,0.02476032152788009,5.9502717,0.0006130735221640024,0,200,3.179268034000001,3.10878,3.2529144,0.027668315700135355,3.18257145,0.0007655356936823566,0,200,6.251849071000001,6.1735992,6.341202,0.02932507362494767,6.252090449999999,0.0008599599431086013,0,200,D
5.953800739999998,5.8846739999999995,6.043976,0.024290736752955996,5.952575499999999,0.0005900398920014071,0,200,3.1728636959999985,3.0658417,3.2723082999999997,0.03491541190939465,3.17265325,0.0012190859888026975,0,200,6.25519745,6.187027,6.324951,0.02846906577822362,6.25389865,0.0008104877062848231,0,200,D
5.953712925000002,5.8211365,6.0697327,0.031401819926230014,5.954078699999998,0.0009860742946793755,0,200,3.1720169874999997,3.0368042,3.370636,0.03582260297906858,3.16925815,0.0012832588841959734,0,200,6.251519240500004,6.1853027,6.3320620000000005,0.027613151641556744,6.2507705,0.000762486143579608,0,200,D
5.9674574239999965,5.862625,6.1496124000000005,0.03554988996425697,5.963722299999999,0.0012637946764707784,0,200,3.1612631235000004,3.0226897999999998,3.3121948,0.03520339585290571,3.16091155,0.0012392790795763794,0,200,6.250866847999999,6.126053,6.5618896,0.04080445620628771,6.249809399999998,0.0016650036462908518,0,200,D
5.9851367285000014,5.593338,6.449951,0.11988353512442765,5.975975,0.014372061993929881,0,200,3.146184234999999,2.7387085,3.5931550000000003,0.13021244781093302,3.1534194500000003,0.016955281564914947,0,200,6.234353253000003,6.0104675,6.4993744000000016,0.05616569469434777,6.2390594,0.0031545852604986852,0,200,D
6.0496833070000005,5.1832733,6.4241943,0.11219885072154,6.0563126500000015,0.01258858210323442,0,200,3.132075651,2.686325,3.7094574000000002,0.12264178510629772,3.13376615,0.01504100745405931,0,200,6.185217661500003,6.0121307,6.5437775,0.07284029603312266,6.1757125,0.005305708726192944,0,200,D
6.065313419499995,5.869994999999999,6.3028564000000005,0.06703209536801688,6.0642318500000005,0.004493301809426911,0,200,3.116620865,2.4799042,3.3260193,0.0809253509894067,3.1232834,0.006548912432758668,0,200,6.148992383500004,4.815933,6.3592987,0.1204977402518186,6.157958950000001,0.014519705405794744,0,200,D
6.0355569395,5.8776855,6.2894135,0.04786172689796793,6.033668500000001,0.002290744901655667,0,200,3.120299379500002,2.9779205,3.3655396,0.04374426721186154,3.1191177000000003,0.0019135609139027446,0,200,6.194059995499997,6.051117,6.2822569999999995,0.03825863697878823,6.2003556,0.0014637233034747019,0,200,D
6.033181234,5.705185,6.294327,0.08186666111588932,6.0322037,0.006702150202263863,0,200,3.092283174,2.905716,3.297821,0.05911077211454115,3.0966797,0.003494083379977216,0,200,6.207218694000003,6.0498505,6.3599854,0.04372494587501893,6.2075348,0.001911870891773335,0,200,D
6.023549726999999,5.9458160000000015,6.120819,0.028205957572623112,6.024124199999998,0.000795576042588615,0,200,3.1082283059999978,2.9530182000000003,3.266632,0.03890183023234376,3.10561375,0.001513352395426095,0,200,6.212844930999999,6.1325226,6.3081055,0.02806562833989305,6.21239475,0.0007876794941130079,0,200,D
6.035596931500003,5.837326,6.366272,0.05770861378929292,6.0349197000000006,0.0033302841054817698,0,200,3.1062213870000015,2.9131775,3.3278809000000003,0.054889988267238864,3.1055145,0.0030129108119776203,0,200,6.191608740000001,5.8539276,6.3970337,0.04715268675002445,6.1946639999999995,0.0022233758677459308,0,200,D
6.0418686705,5.9704437000000015,6.089157,0.01755727201260493,6.041343599999999,0.00030825780052460053,0,200,3.1100571435000024,3.060135,3.1526947,0.017416849750832485,3.10890965,0.00030334665524307347,0,200,6.198039006999997,6.124328599999999,6.273834,0.028525615574088087,6.1959458000000005,0.0008137107438806569,0,200,D
6.039965909499997,5.7727203000000005,6.2213593000000005,0.04025221577273898,6.038993799999999,0.0016202408746151366,0,200,3.106830677500001,2.9183502,3.2797546000000004,0.04156270938486202,3.1079864500000003,0.0017274588114104975,0,200,6.190837402999993,5.938858,6.283081,0.03353168951863689,6.1909790000000005,0.001124374201974263,0,200,D
6.036934955500004,5.9463805999999995,6.1234283,0.025727415488321186,6.03800965,0.0006618999077087088,0,200,3.105842057500001,2.9509887999999997,3.2185363999999996,0.02964960355070725,3.105011,0.0008790989907141122,0,200,6.195389557500004,6.0957947,6.2887115,0.029724117395836205,6.19690705,0.000883523154961453,0,200,D
6.04388986395349,5.978836,6.135650599999999,0.027777908025328396,6.042671299999999,0.0007716121742636035,0,172,3.103459912209303,2.9890594,3.2082367,0.031838537342822736,3.1038666,0.0010136924601303185,0,172,6.192001529651162,6.1197205000000015,6.2512817,0.02718985981746579,6.19435885,0.0007392884768934407,0,172,D
1.4969638013500002,-0.89260864,3.1476592999999995,0.5888989195743858,1.34617615,0.3468019374758789,0,200,9.448044064000003,7.1854705999999995,11.502243,0.4839806759933878,9.502823,0.23423729473501664,0,200,1.2422740956350005,-0.88520813,4.355697599999999,0.7771129785307179,1.29457095,0.603904581400884,0,200,E
0.81098045325,0.19363403,1.3729706,0.14129043977147554,0.8007049500000001,0.019962988370816958,0,200,9.620298939999998,9.455307000000001,9.869003,0.06924331554077466,9.609543,0.004794636747079286,0,200,0.8830608363999997,0.2890625,1.1813049,0.13830700799731882,0.90011597,0.019128828461170408,0,200,E
0.8506352988999997,0.65296936,1.1580658000000001,0.07347407624469801,0.8566513000000001,0.005398439880011697,0,200,9.608841857499996,9.467087,9.783050999999999,0.04066218782155755,9.60774975,0.0016534135184356226,0,200,0.9519221488499998,0.7795868,1.1454468,0.05194368557246207,0.9541626,0.002698146470850804,0,200,E
0.8524972541500004,0.7432251,0.9696808000000001,0.043516516186229384,0.849739085,0.0018936871809863648,0,200,9.6048815975,9.515564,9.687958,0.031482012582352836,9.606781,0.0009911171162354225,0,200,0.9717831413500008,0.84080505,1.087143,0.04157949448226683,0.972732535,0.0017288543614008575,0,200,E
0.8810772686500008,0.4004364,1.2835693000000001,0.12307833070728995,0.8884964,0.015148275489693032,0,200,9.594331182500003,9.345627,9.8078,0.054753364869137566,9.5918045,0.002997930964492909,0,200,1.0344081883999998,0.7489929,1.2913055,0.08691668247540202,1.03218845,0.007554509692529855,0,200,E
0.8973393245000004,0.3199768,1.7443389999999999,0.16533312017632984,0.87759399,0.02733504062724073,0,200,9.582108715,9.243179,10.153931,0.09747254603994307,9.5802845,0.00950089723150882,0,200,1.072271348499999,0.7516326999999999,1.3964538999999998,0.11727002979261625,1.0932235499999998,0.013752259887561107,0,200,E
0.8641036226000003,0.731308,1.0093384,0.04555061229334853,0.866516125,0.002074858280298955,0,200,9.572957850000002,9.497299,9.651214999999999,0.0282239057665411,9.573593,0.0007965888567185918,0,200,1.1314836125000003,1.0077515,1.2438506999999999,0.044315603115280384,1.1261367999999998,0.0019638726794710486,0,200,E
0.8835025791500005,0.7751465,0.9963684000000002,0.0363782931871209,0.8810577499999999,0.0013233802152081268,0,200,9.561466832500004,9.484573,9.62999,0.025967817336983227,9.561684,0.0006743275372469267,0,200,1.1942065425,1.0688782,1.2841034,0.0384913726029227,1.1951294,0.0014815857648570285,0,200,E
0.8482752988900001,-0.29051208,1.5624847,0.18945602794660646,0.85235595,0.03589358652530532,0,200,9.557407850000002,9.218185,9.879349000000001,0.08449715041610699,9.563239999999999,0.007139768428442213,0,200,1.2180419930000002,1.0109253,1.6974029999999998,0.1052452789033693,1.1964721999999999,0.011076568731447991,0,200,E
0.7982762150499997,0.579422,0.966568,0.059625460794723736,0.79595185,0.003555195574983138,0,200,9.571358172499998,9.452698,9.721297999999999,0.04113775183101341,9.5737305,0.001692314625710047,0,200,1.148207549,1.0217133,1.302124,0.05489593554574062,1.14746855,0.0030135637394421077,0,200,E
0.8451123805999998,0.727829,0.9534912,0.041832752352587634,0.8439178500000001,0.0017499791693929266,0,200,9.558712600000002,9.470642,9.629089,0.025611996903490752,9.5600355,0.0006559743853844199,0,200,1.2154423545000004,1.1328583,1.3190002,0.03520227329300563,1.21498105,0.0012392000449954574,0,200,E
0.8791307820500003,-0.30445862,1.3859406,0.17560158985579155,0.870025625,0.03083591835988164,0,200,9.551878005000004,9.331894,9.982559,0.06640911004984966,9.5548095,0.004410169897613043,0,200,1.2204422814999998,0.788208,1.4815826,0.08421816425920338,1.2152252000000001,0.007092699191190159,0,200,E
1.0683468648700003,-0.37905884,2.9886475,0.6233341266362454,0.9597931000000001,0.3885454334293709,0,200,9.3995921075,7.13678,11.039734,0.4366737636766259,9.522362,0.1906839758835097,0,200,1.6436418132211508,-0.58270264,4.1992949999999984,0.8032608656751596,1.3610382,0.6452280183252068,0,200,E
1.902507624,1.0562133999999999,2.3351897999999998,0.1630911438388888,1.9076996,0.026598721198677115,0,200,9.1675202275,8.746414,9.674683,0.08690428544491027,9.1700365,0.007552354828690443,0,200,2.0439051050000003,1.5938263000000001,2.5065459999999997,0.0885750443583564,2.0387726,0.007845538483084804,0,200,E
1.8772421239999992,1.4872131000000002,2.3195799999999998,0.11687299114136585,1.86569215,0.013659296058329776,0,200,9.16532426,8.952117999999997,9.391098,0.05718455359422905,9.1664125,0.0032700731697712553,0,200,2.0851614335000006,1.8168335,2.2634125,0.05931086948588502,2.0856247000000003,0.003517779239171687,0,200,E
1.8447104642,-0.06718445,3.1430511,0.5420112780644816,1.9270554,0.2937762255490927,0,200,9.203645223999997,7.4283905,10.570862,0.3876649748674525,9.1501085,0.15028413273898253,0,200,1.8093346397494998,-0.6816406,3.4326171999999997,0.9557610295977524,2.1305084,0.913479145697756,0,200,E
1.9556819149999995,1.3771973,2.5648804,0.16451913651223013,1.9741592000000001,0.027066546278729817,0,200,9.0806626025,8.367599499999999,9.396912,0.10804839120406746,9.089119,0.011674454841787205,0,200,2.277692951000001,1.978302,2.7947998,0.14228477288247002,2.2544708,0.02024495659421608,0,200,E
1.9753211879310333,1.7532653999999999,2.1665955,0.08295223905296085,1.9707031,0.006881073963899565,0,174,9.079473502873563,8.914474499999997,9.206467,0.04160821224978103,9.0794675,0.0017312433266228279,0,174,2.2773452436781607,2.0938567999999997,2.462326,0.059159218130426613,2.27549745,0.003499813089803396,0,174,E
5.513672800500001,4.465148999999999,8.568237,0.44146280281972256,5.436775150000001,0.19488940627344525,0,200,5.032732456000004,2.761261,7.2550354000000015,0.4038135498329297,5.0457611,0.163065383028672,0,200,5.4943258025,1.8068848000000002,5.9954224,0.4975309538800636,5.56797795,0.24753705006880594,0,200,F
5.4723179654999985,5.4139404,6.238693,0.06746602121577046,5.464073000000001,0.0045516640186867895,0,200,5.039336841500003,4.8302307,5.9884185999999975,0.07488094523518174,5.0356825,0.0056071559593142885,0,200,5.552860714000001,5.336685,5.9067535000000015,0.03857151633234282,5.550636300000002,0.0014877618721761891,0,200,F
5.463883132499998,5.4196777,5.665222,0.02171757816851414,5.46279135,0.00047165320150552195,0,200,5.038949962999999,4.9848785000000015,5.2661440000000015,0.02605692359592654,5.035232500000001,0.0006789632672839532,0,200,5.550435024499998,5.443756,5.62825,0.027691378036389228,5.5481489999999996,0.0007668124175542197,0,200,F
5.4572872215000015,5.3540497,5.517364499999999,0.022460956852935605,5.4585572,0.0005044945827494347,0,200,5.0546942165,4.9712067000000015,5.133728,0.02537978211122472,5.0552445000000015,0.0006441333400132422,0,200,5.540401379499998,5.4661865,5.6163635,0.027094202096950255,5.5385361,0.0007340957872703838,0,200,F
5.458562398999996,5.4075775,5.5260315,0.019183075866984752,5.4588776,0.00036799039971849285,0,200,5.0540512869999965,4.9706269999999995,5.120804,0.021076747526087142,5.053672799999999,0.0004442292862784207,0,200,5.540550080499998,5.4646454,5.616928,0.027293873061976538,5.539345,0.0007449555067232885,0,200,F
5.472209624000002,5.1890410000000005,5.763122599999999,0.06450591111203904,5.46627045,0.0041610125683942826,0,200,5.083362953,4.60524,5.8825684,0.10503189008584783,5.07232665,0.011031697935005622,0,200,5.505330504500001,5.3447876,5.7557373,0.06091143886978261,5.509132350000002,0.003710203385187264,0,200,F
5.504836801000002,5.4506836,5.554291,0.017881106660602383,5.5048980000000025,0.0003197339754078388,0,200,5.112028124499998,5.057494999999999,5.1670074,0.019791188351383757,5.112030000000002,0.000391691136359948,0,200,5.4439344795,5.3695526,5.521393,0.02808974894012085,5.441391000000001,0.0007890339955190204,0,200,F
5.515769191,5.4477997,5.5816193,0.022200562607036924,5.516029350000001,0.0004928649800689662,0,200,5.103758160000002,5.0386963,5.1526947,0.021356861334933915,5.1046830000000005,0.0004561155260795953,0,200,5.441559831500005,5.3748016,5.5136414,0.02500046885193037,5.4418945,0.0006250234428163407,0,200,F
5.524523541499999,5.4322968000000005,5.622818,0.0212262030178788,5.5240097000000015,0.00045055169455620724,0,200,5.1015976684999975,4.9938199999999995,5.1650085,0.02445245238222711,5.102791000000001,0.000597922427505084,0,200,5.434872510500001,5.349121,5.503952,0.028514512200909607,5.43300625,0.0008130774060558228,0,200,F
5.517522047999999,5.4696503,5.594299299999999,0.018104166085524467,5.5178910000000005,0.0003277608296522543,0,200,5.1056100405,5.041519,5.166824299999999,0.02108335612340544,5.10681915,0.0004445079054263374,0,200,5.438208146499998,5.355606,5.515869,0.028436156936307758,5.43627165,0.0008086150213063235,0,200,F
5.515623092999999,5.455017,5.5737915000000005,0.01968375654553195,5.5158615,0.0003874502717437719,0,200,5.1040055079999975,5.047530999999998,5.1546783,0.02095260640238351,5.104149,0.00043901171505320247,0,200,5.4401002510000005,5.3440704000000006,5.5166015999999996,0.030774638660566626,5.440017700000001,0.000947078384688442,0,200,F
5.5140627355000005,5.404693599999999,5.702896,0.0314107422787444,5.5126265,0.0009866347305017011,0,200,5.0822983530000005,4.2479705999999995,5.3820953000000005,0.07506820326740654,5.086349500000002,0.005635235141796665,0,200,5.4613838965,5.3564606,5.7939300000000005,0.043653541913154716,5.460678,0.001905631721563555,0,200,F
5.507717434500004,5.4429474,5.6748657,0.024264187702465124,5.507309000000001,0.0005887508048604597,0,200,5.0901828035,4.6733093,5.1596985,0.038470922575336367,5.093635550000001,0.0014800118837975257,0,200,5.460236044499998,5.3586273,5.529724,0.03058077536990175,5.4644699999999995,0.0009351838222243895,0,200,F
5.5042597964999995,5.442734,5.5529175,0.01992256989728736,5.506889350000002,0.00039690879131230037,0,200,5.092079626000002,5.0316160000000005,5.153747599999999,0.01954241164107877,5.092811599999999,0.00038190585274937115,0,200,5.462325141500002,5.3941040000000005,5.5468903,0.026854377722066548,5.464561449999999,0.0007211576028394243,0,200,F
5.505030062499998,5.4390717,5.588973999999999,0.019880864712272468,5.504913500000002,0.0003952487817076807,0,200,5.095535492999999,5.0291443,5.160736,0.02243713925685508,5.0961685,0.0005034252180315073,0,200,5.456964945000002,5.3845673,5.5247498,0.02780595094977658,5.45803065,0.0007731709082213811,0,200,F
5.5065895904999955,5.45076,5.567627,0.0201853748399306,5.506118749999999,0.00040744935742850313,0,200,5.103188931499999,5.035965,5.315002400000001,0.027209453027734743,5.1027603,0.0007403543340685035,0,200,5.4519871455,5.343796,5.5390015,0.026796908501818883,5.450370700000001,0.0007180743052548527,0,200,F
5.451364370499997,5.1193237,5.9039459999999995,0.07666390024543558,5.4502258,0.005877353600842095,0,200,5.171094583499997,4.859955,5.8477324999999984,0.0986952121192798,5.1629103500000015,0.009740744895269635,0,200,5.462686093999996,4.9103546,5.831878700000001,0.07593596893294638,5.46891785,0.0057662713777853975,0,200,F
5.444746860465118,5.344055,5.515396,0.02827162935498348,5.4437028000000005,0.0007992850263855638,0,172,5.1652133854651145,4.95105,5.2504883,0.02947142151538911,5.1665802,0.0008685646861377401,0,172,5.460126642441858,5.315399,5.6256866,0.03925366917388129,5.459472649999999,0.001540850543612518,0,172,F
4.1977063810000015,3.6134032999999994,6.009551999999999,0.31643355017861924,4.121414250000001,0.10013019167864473,0,200,5.604643171499995,2.8463592999999996,7.2834015,0.6367595859307054,5.776527399999999,0.4054627702746434,0,200,6.033221273999997,5.332321,7.2173004,0.2855929246640028,5.961738650000001,0.08156331861813876,0,200,G
4.133602989500004,4.0364227,4.246277,0.04042838193865324,4.136642350000002,0.0016344540661776233,0,200,5.784417795000001,5.670791599999999,5.915634,0.05162658859832678,5.78443915,0.002665304650300885,0,200,5.965783836500004,5.8717804000000005,6.0792694,0.03614484810655801,5.9655762,0.0013064500446461505,0,200,G
4.149439706999999,4.0103300000000015,4.255493,0.0425889464016069,4.150306749999999,0.0018138183555989453,0,200,5.776336527999997,5.6120453,5.927307,0.05133217462914564,5.7752075000000005,0.0026349921521571034,0,200,5.9544906580000045,5.8524629999999975,6.048614499999999,0.03415213803050272,5.9548111000000015,0.00116636853205451,0,200,G
4.152794652000002,3.9068756000000002,4.2878875999999995,0.05097788159225107,4.156639,0.0025987444116335697,0,200,5.767327264999995,5.6517487,5.8967743,0.04422665058459696,5.7692947000000006,0.0019559966219320304,0,200,5.9583801985,5.8732758,6.059173599999999,0.03310951091982015,5.9572602,0.0010962397133496898,0,200,G
4.134164735999998,3.9225159,4.2490845,0.04606602626042135,4.138626,0.0021220787754258293,0,200,5.780771326000003,5.6632996,5.9286650000000005,0.04698479462609905,5.77779385,0.002207570926056706,0,200,5.959035882999997,5.890396,6.0503693,0.02788301421316873,5.9592743499999985,0.0007774624816117694,0,200,G
4.160373314499998,4.0664215,4.2769775,0.04118738249501156,4.15727235,0.0016964004767903846,0,200,5.777933421999999,5.662506,5.9792633,0.05223479512126589,5.776428149999999,0.0027284738213606235,0,200,5.9404649345,5.832733,6.0503845,0.03537219646737376,5.9396667500000015,0.0012511922829264886,0,200,G
4.175552603000003,4.0773773,4.2832794000000005,0.03399431013336655,4.1729889,0.0011556131214435074,0,200,5.7765840130000035,5.688034,5.86528,0.03617089940857093,5.774452149999999,0.0013083339640249571,0,200,5.930013969500005,5.8322449999999995,6.0094757,0.03093817934891525,5.9281234499999975,0.0009571709414256463,0,200,G
4.177850636000001,4.0401764,4.3659669999999995,0.046517536592233205,4.178505,0.002163881210609755,0,200,5.779027229000003,5.573929,5.987915,0.07443867451577298,5.7768935,0.005541116263665188,0,200,5.927519830999997,5.775589,6.041839599999999,0.03794644831399068,5.9262618,0.001439932939646366,0,200,G
4.179279860999999,3.9641724000000003,4.4087677,0.0573383511844396,4.17878725,0.003287686516550126,0,200,5.796976179999998,5.667145,6.064056400000001,0.06283490941976966,5.7927016,0.0039482258417906585,0,200,5.913491735000001,5.755661,6.023758,0.045872287750172734,5.9154053,0.0021042667834346484,0,200,G
4.189268804500002,3.9216002999999997,4.401642,0.06987752326865156,4.1937866,0.004882868258160939,0,200,5.802590177000001,5.605499299999999,6.0437775,0.05743156325833342,5.80616,0.0032983844582959547,0,200,5.893738266500003,5.7422028,6.136154,0.04922869277309491,5.896568299999999,0.002423464192147767,0,200,G
4.2167423090000025,4.045044,4.374709999999999,0.05516928056698322,4.21752925,0.0030436495182785124,0,200,5.7992013585,5.593216,6.0431365999999995,0.07356364102724765,5.7988738500000006,0.005411609281185753,0,200,5.886636812999999,5.7874300000000005,5.9665985,0.0346181508711749,5.8883208,0.0011984163697394278,0,200,G
4.226653059000002,4.1048584,4.344681,0.04258604335819596,4.225967350000001,0.0018135710889061454,0,200,5.790919643000003,5.6307526,6.0039370000000005,0.05483489368513767,5.788703849999999,0.0030068655654603518,0,200,5.878758836500001,5.755294999999999,5.9864807,0.03488829719216841,5.8805465,0.0012171932809690662,0,200,G
4.2184603045000015,4.064331,4.357666,0.049625597323441545,4.2166367000000005,0.002462699909708369,0,200,5.802476118499997,5.635635400000001,5.9475555,0.052807738615909636,5.799911499999999,0.002788657257726234,0,200,5.879990009,5.7575226,5.9689484,0.03421697897419381,5.881401,0.0011708016501204212,0,200,G
4.29646462,3.8097230000000004,5.322891,0.21856389423609154,4.2333526500000005,0.04777017586364541,0,200,5.6233289289999995,3.1654816,6.5439300000000005,0.6168424657692904,5.796547,0.3804946275763381,0,200,5.947606886500001,5.243454,6.8948364,0.2725891657325911,5.876625050000001,0.07430485327479001,0,200,G
5.2640689825,5.044494599999998,5.7700806,0.1211900989352514,5.249855,0.014687040079936028,0,200,3.8890753134999985,3.2086792,4.347717299999999,0.13216167856007102,3.8879013,0.01746670927981554,0,200,6.445590665499999,5.9665375,6.751602,0.11537419871975133,6.4743575,0.013311205730224668,0,200,G
5.208793867999998,5.0872803,5.3937225,0.048087760450124035,5.2091293,0.002312432705108513,0,200,3.8704479209999985,3.696762,4.013077,0.052359993735135,3.86923985,0.0027415689439433764,0,200,6.501900025999999,6.411499,6.589278999999999,0.03345075784924263,6.50123595,0.0011189532006886675,0,200,G
5.192895735999996,4.987625,5.364258,0.0605343026926679,5.19158935,0.00366440180248754,0,200,3.857517546999999,3.7234192000000004,3.9816742,0.03900688551892891,3.8565445,0.001521537117886826,0,200,6.518671333500003,6.419052,6.6056213,0.035258458642376984,6.5184403,0.0012431589058362073,0,200,G
5.192361992485551,5.0719757,5.2885895,0.041029222503805016,5.189392,0.0016833970992667395,0,173,3.856531666473989,3.7335358,4.0065612999999995,0.05678431650233095,3.8561707000000003,0.0032244586006368947,0,173,6.522249070520233,6.421997,6.611801,0.029414762380492076,6.521454,0.0008652282459008118,0,173,G
5.701578445500003,4.1378174,9.558150999999999,0.4619938859557546,5.67996225,0.2134383506604988,0,200,3.732438431050001,-0.8016968000000001,8.116135,1.0416789027581042,4.0788725,1.0850949364513276,0,200,6.1170111115000045,2.5541840000000002,8.280365,0.5687486328347242,5.9911727500000005,0.3234750073513679,0,200,H
5.692397920500003,5.489975,5.8258667,0.038013255211955664,5.6942214999999985,0.0014450075718092745,0,200,4.098037785999998,3.896698,4.2236023000000005,0.05050146561142077,4.0963515,0.0025503980289015146,0,200,5.973151487999999,5.873871,6.048279,0.03504930079489619,5.9730606,0.0012284534862111104,0,200,H
5.7065494619999955,5.333008,5.9921875,0.0694993747849406,5.708000200000002,0.004830163095497637,0,200,4.094443662499999,3.4602356,4.632477,0.11963000777289515,4.094650199999999,0.01431133875974296,0,200,5.962377099500003,5.8193665,6.0995940000000015,0.0419989138228448,5.9627685999999995,0.001763908762298744,0,200,H
5.7135960625000015,5.6018370000000015,5.8482056,0.03628320695076172,5.713051,0.0013164711066318035,0,200,4.0924884035000035,3.9062653,4.259857,0.055179131475508895,4.08631135,0.0030447365503914964,0,200,5.957702246500003,5.8616790000000005,6.0478363,0.03288702721809785,5.9570007500000015,0.0010815565592439088,0,200,H
5.673042076999995,5.258148,6.6711273,0.13396135171098436,5.694381799999999,0.01794564375223405,0,200,4.2826575529999955,3.485733,5.0716553,0.2268518226563876,4.1815185,0.051461749442525115,0,200,5.865314872500003,5.4545900000000005,6.1041565,0.08998291773301317,5.880485650000002,0.008096925483746216,0,200,H
5.502571416499999,5.096328700000001,5.801697,0.08455395381711796,5.5175705000000015,0.007149371106107317,0,200,4.554745103999997,4.358536,4.857193,0.08966693199320158,4.546150249999998,0.008040158693073438,0,200,5.826153329999998,5.65448,5.9534150000000015,0.06399426800917285,5.8400802500000015,0.004095266338029844,0,200,H
5.496864541500006,5.08844,5.7431792999999995,0.08445799797404648,5.506843549999998,0.007133153421784037,0,200,4.663913578000001,4.3380127,5.038467400000001,0.07935426460154736,4.66934965,0.0062970993104523925,0,200,5.7593263085,5.568527,5.977829,0.05523943202673206,5.7516325,0.003051394850635952,0,200,H
5.499379515999997,4.966202,5.8917084000000015,0.12870570252413344,5.504310650000001,0.016565157862230732,0,200,4.643684617,4.3696747,4.91774,0.10629089346520318,4.648674,0.011297754033631173,0,200,5.778976536000002,5.5522003,5.982132,0.06263459178491634,5.783065799999999,0.00392309208806311,0,200,H
5.570433965999997,5.299835,5.9846954000000006,0.095449535370267,5.5724335,0.009110613802399851,0,200,4.5388434555,3.8349,4.8402557,0.20008198051933834,4.60887145,0.040032798928540884,0,200,5.7770063075000015,5.596939,6.0717773,0.09757588075476868,5.761215250000001,0.009521052505068836,0,200,H
5.521188209000001,4.707367,6.142578,0.1672617777230077,5.56039435,0.02797650228706084,0,200,4.465008859500002,3.7345886,5.34581,0.1884050612448049,4.45081335,0.03549646710265869,0,200,5.8772231175,5.6435547,6.1543274000000014,0.1257683297863779,5.88201145,0.01581767277725511,0,200,H
5.457492300000002,5.226287999999999,5.5945434999999994,0.06458064239798549,5.4586334,0.004170659372536479,0,200,4.487818292,4.1204529999999995,4.813705400000001,0.14805153616291672,4.505104099999999,0.02191925736019944,0,200,5.911092611499997,5.71698,6.1194916,0.09634880367683096,5.916946500000001,0.009283091969956513,0,200,H
5.4647129050000025,4.9516144,5.802368,0.08109981183759023,5.4686737,0.006577179480092539,0,200,4.595392380999998,4.300628700000001,5.0721739999999995,0.08702197897175204,4.5846787,0.007572824824160055,0,200,5.8406944345000005,5.6860657,5.976043700000001,0.04338433522527177,5.845611549999999,0.0018822005429387566,0,200,H
5.458741230499999,5.1203613,5.6765137,0.07613629866707361,5.46350095,0.005796735974721834,0,200,4.645406956999998,4.483322,4.8427887,0.06493388090167959,4.6342010500000015,0.00421640888895351,0,200,5.806514954000003,5.6399230000000005,5.9629517,0.05745284696612118,5.80709825,0.0033008296245125397,0,200,H
5.438699874499998,4.964096,5.8489685,0.07345228389440325,5.4426117000000005,0.005395238009304012,0,200,4.6306195080000006,4.3738402999999995,4.878875700000001,0.07115099426058065,4.624572850000002,0.005062463984269182,0,200,5.8265229885,5.716385,6.016083,0.047340697838498334,5.8259354000000005,0.002241141671836,0,200,H
5.4937447325,5.2028045999999994,5.9466095,0.11571134489602973,5.4751587,0.013389115337647944,0,200,4.5872199199999955,4.169052,4.946472,0.11689650084144508,4.6041870000000005,0.01366479190897397,0,200,5.8201348024999975,5.5579224,6.1330870000000015,0.07723428656040544,5.832184,0.005965135020494825,0,200,H
5.555023722500001,5.1092987,5.902466,0.10510268253187273,5.568153499999998,0.011046573875395623,0,200,4.401711042499998,3.9479523000000003,4.7965089999999995,0.13666233734941194,4.38031,0.018676594449804483,0,200,5.889660031499998,5.6385955999999995,6.1414795,0.0950860880722098,5.903473,0.009041364144876036,0,200,H
5.6099882605000015,5.4110260000000014,5.846939,0.06397127873627717,5.60578925,0.004092324503154467,0,200,4.493017505500001,4.1117554,4.810486,0.11161432501435416,4.50325775,0.012457757548409885,0,200,5.780129249500001,5.598236,5.9561005,0.07391635283620619,5.776603700000001,0.005463627216606527,0,200,H
5.6470653552325585,5.476532,5.81604,0.0643813754528419,5.638832,0.0041449615051997925,0,172,4.5496544133720915,4.3957367,4.7277527,0.06487797202236739,4.54657745,0.004209151253735086,0,172,5.7132893825581395,5.563369799999999,5.8540497,0.05801194584278016,5.7143555,0.0033653858604656586,0,172,H
5.1026276455,4.1680449999999984,5.4345245,0.14347430548722725,5.137756400000001,0.0205848763350422,0,200,6.014859687,3.2658080000000003,7.055969,0.5025689678034582,6.11860665,0.25257556739903336,0,200,4.897074051500002,4.0865784,6.9190520000000015,0.4673198007924944,4.773918,0.21838779621273666,0,200,I
5.1536613445,5.012909,5.364868,0.03926433607504711,5.15193935,0.0015416880874142458,0,200,6.132318418999996,6.0490875,6.2555237,0.03453024058472423,6.131195,0.0011923375148389366,0,200,4.7528362315,4.5944366,4.875244,0.03929794274566372,4.75360105,0.0015443283040414634,0,200,I
5.1518171735000005,5.0736694,5.22847,0.03283439652748422,5.1564559999999995,0.0010780975953240677,0,200,6.126920942999999,6.037033,6.1915435999999975,0.030450016235581537,6.129188500000001,0.0009272034887471793,0,200,4.7638428520000025,4.6876984,4.8649445,0.03197521706371755,4.764137250000001,0.0010224145062718542,0,200,I
5.137791598999999,4.8978269999999995,5.3315277000000005,0.05181165065187038,5.1401442999999984,0.00268444714327146,0,200,6.1375548475000015,5.8672028,6.3946685999999975,0.05791917232186888,6.1305923500000015,0.0033546305224503416,0,200,4.7687598455,4.5779266,4.8892365,0.04272310410826798,4.7699127,0.0018252636246459046,0,200,I
5.145077429500003,4.6782074,5.449402,0.0971082033542741,5.14431775,0.009430003158695051,0,200,6.146819083,5.7938385000000014,6.5511627,0.08464295599650824,6.1379088500000005,0.0071644299998268315,0,200,4.745761414500001,4.4689484,4.9592285,0.05916512340769916,4.756347700000001,0.0035005118278482717,0,200,I
5.1501905784999975,4.8410187,5.4507294,0.09118100840926656,5.1478652999999985,0.008313976294530736,0,200,6.1670298774999965,5.925232,6.465317,0.08263001808300076,6.163787999999999,0.006827719888397032,0,200,4.712889557499999,4.481781,4.8776245000000005,0.06949974746904226,4.72563925,0.0048302148982606475,0,200,I
5.168402631499999,5.0540769999999995,5.276428,0.03681129604649608,5.16832735,0.0013550715166227778,0,200,6.171735388500001,6.0706177000000014,6.301483,0.03431053835502552,6.1734543,0.001177213042211677,0,200,4.697653574499999,4.6012726,4.7905273,0.0324841543529755,4.69953915,0.0010552202840279367,0,200,I
5.1671703450000015,4.99205,5.3863983,0.04421957877309015,5.1663515,0.001955371146869525,0,200,6.157437668500003,6.027648999999999,6.3449097000000005,0.04211950407418084,6.157363900000001,0.0017740526234549363,0,200,4.713061606499998,4.613266,4.793869,0.0339354688060996,4.715217599999999,0.0011516160430897592,0,200,I
5.144971233,4.964432,5.325653,0.04556281589405547,5.14379115,0.0020759701921955935,0,200,6.156181586999997,5.9732056,6.329605,0.04637071903248517,6.155548100000002,0.002150243583589682,0,200,4.736008680000004,4.6320190000000006,4.8601227,0.03699898602997837,4.7370377,0.0013689249672465345,0,200,I
5.537433853,4.722702,7.513686999999999,0.6739067169557339,5.193512,0.4541502631580556,0,200,5.7523554164999995,3.0986938,6.520767,0.7394644917254604,6.1144945,0.5468077345227934,0,200,4.680976402,3.6990203999999998,5.009247,0.17765041952367233,4.7296447000000015,0.03155967155693678,0,200,I
6.4439916314999985,6.2287445,8.098633,0.17839198773699802,6.42238615,0.03182370128875725,0,200,5.1354658435000005,3.947281,5.8339690000000015,0.16852702723296245,5.1323775000000005,0.028401358907979676,0,200,4.347981107999998,3.6779937999999994,4.5382385,0.12732693924194266,4.377243,0.016212149456721354,0,200,I
6.3672161095000055,5.9253693,6.719879,0.1430331635604674,6.36202235,0.020458485878115426,0,200,5.130256726500004,4.6625977,5.5742645,0.13231389233484836,5.1215972500000015,0.017506966104797843,0,200,4.437902161499999,4.240631,4.709732,0.1007317139023475,4.4217987,0.010146878185704391,0,200,I
6.371215666999997,5.84256,6.8724213,0.15076681634188754,6.385978700000001,0.02273063290986845,0,200,5.1578476634999975,4.3347625999999995,5.598404,0.16744455377344253,5.16249845,0.028037678588387287,0,200,4.408097148499998,4.0383453000000005,4.916855,0.13160968786723048,4.39706415,0.017321109940509838,0,200,I
6.0639166325000025,5.277252,6.723694,0.3164003311427757,5.87929535,0.10010916954725813,0,200,5.208287574,4.5181580000000015,5.6688538,0.12489126794118395,5.2137221,0.015597828807956604,0,200,4.7134955565,4.120926,5.3614197,0.3122456492309546,4.888679499999999,0.09749734546366036,0,200,I
5.813803329500002,5.53891,6.040573,0.06832634345678508,5.81185915,0.004668489210174554,0,200,5.2855203129999975,5.0370483,5.4701843,0.05876451161608779,5.2863387999999985,0.003453267825477317,0,200,4.927975915000001,4.7608185,5.039139,0.04515124637967668,4.9314957,0.002038635049638266,0,200,I
5.812605291499999,5.6291199999999995,5.998657,0.05686281191805601,5.816520649999998,0.003233379379228213,0,200,5.26560562,5.0774230000000005,5.4230957,0.050260734423931495,5.270431500000001,0.002526141424832973,0,200,4.949288334499999,4.8657684,5.0279846,0.029201814979940368,4.9492797,0.0008527459981226699,0,200,I
5.812467507499997,5.7164,5.9108734000000025,0.0341932248957487,5.810798750000001,0.0011691766287712485,0,200,5.263052751499998,5.186905,5.352371,0.028964628691474186,5.2604523,0.0008389497152349697,0,200,4.952075048500002,4.8622437000000005,5.052246,0.02972267564937569,4.95204165,0.0008834374477579907,0,200,I
5.801102831791908,5.4175415000000005,6.2946167,0.11614198231295055,5.7960205,0.01348896005558172,0,173,5.258846309248557,4.8546143,5.609207,0.10253258813729016,5.2594449999999995,0.010512931630131178,0,173,4.972362727745663,4.8025208,5.111801,0.04121686615686812,4.9723053,0.0016988300557931805,0,173,I
3.0922311414999997,2.4931487999999997,5.200989,0.3974337138730836,2.96917725,0.15795355692295207,0,200,5.026245031,2.140854,6.29245,0.7125194119144033,5.20513165,0.507683912354847,0,200,7.034742054500001,5.652588,10.14563,0.342178001061645,6.97860715,0.1170857844105431,0,200,J
3.2410839849999986,2.8233642999999997,3.4664154000000003,0.09500172554138307,3.25591275,0.009025327855840277,0,200,5.180841142499999,4.642456,5.575362999999999,0.09463553552466668,5.175903349999999,0.008955884584040449,0,200,6.891925964499997,6.7420807,7.144897500000001,0.05558554933558982,6.886581300000001,0.0030897532949392893,0,200,J
3.141814273500004,2.6834105999999998,3.5236358999999995,0.15787106437614892,3.1853485,0.02492327296725816,0,200,5.1839398985,4.8196106,5.5187683,0.14786576512383026,5.1411361000000015,0.02186428449565573,0,200,6.9302314680000014,6.786773700000001,7.170944,0.06660296302912859,6.9173584,0.00443595468425947,0,200,J
3.3299131025000026,2.6393584999999997,3.9891052000000013,0.2278724834434917,3.3075256,0.05192586871070441,0,200,4.974779131500001,4.3801727,5.3321074999999984,0.1894547162309993,4.989891,0.03589308950216847,0,200,6.978663392499998,6.592499,7.191696,0.07314717165514148,6.983161999999999,0.005350508721146732,0,200,J
3.3676747100000006,2.9948577999999997,4.0717773,0.13385185182490109,3.34408565,0.017916318236955275,0,200,4.975300441999999,4.218857,5.176483,0.10645117774103068,4.980354350000002,0.011331853242452505,0,200,6.962507105000002,5.7989197,7.3926544000000005,0.11916116946158695,6.96517175,0.014199384307453045,0,200,J
3.2922803475,2.682846,4.3637695,0.2307829795548633,3.1959151500000003,0.05326078365222048,0,200,5.711456831000002,4.4825287000000005,6.3247833,0.3974065397507737,5.852813750000001,0.15793195783668326,0,200,6.454702308,6.0955660000000025,7.1339570000000005,0.2314678737403581,6.3656235,0.05357737657388235,0,200,J
3.3471889485000004,2.6494293,3.856018,0.14839723627330384,3.3480072,0.022021739733554768,0,200,5.623441622499998,5.1967926,6.2111206,0.10901254565958897,5.624458249999999,0.01188373511118397,0,200,6.496660614000003,6.3352356,6.687805,0.06577531304675632,6.5011899999999985,0.004326391806398793,0,200,J
3.3486060299999987,2.9621124,3.573578,0.09834204225715644,3.3636627,0.009671157275308342,0,200,5.681645350499999,5.305221599999999,6.4355774000000014,0.15362219695238732,5.659309350000001,0.02359977939647808,0,200,6.452211677999999,6.0655975,6.676315299999999,0.08807219754757564,6.458488449999999,0.007756711980859189,0,200,J
3.1768737094999997,3.0323944,3.3756561,0.07301970660744775,3.1845779,0.005331877553037748,0,200,5.937479476999999,5.6357574,6.5460970000000005,0.15426143185284194,5.8874205,0.02379658935728901,0,200,6.325592207499999,5.95343,6.6411896,0.09731916945840874,6.3437882000000005,0.009471020744074476,0,200,J
3.213946528499997,2.816208,3.3957976999999997,0.11767068197256775,3.2565918000000003,0.01384638939588918,0,200,5.862888715999999,5.668228,6.273239,0.14888453301827426,5.80288695,0.022166604172069587,0,200,6.370833893,6.1393433,6.592712400000001,0.07981423261644949,6.3903503,0.006370311728152707,0,200,J
3.1088338455000017,2.5884552000000003,3.3309173999999997,0.09443896866037164,3.1197586,0.008918718801634657,0,200,5.9265416710000025,5.679764,6.2738037,0.13220751293697364,5.882316499999999,0.017478826476980056,0,200,6.3725549305,6.100876,6.4882355,0.08940016498221548,6.40224455,0.007992389498847348,0,200,J
3.241851727,2.8877716,3.6747284,0.13494459212683316,3.2798614500000003,0.01821004294427736,0,200,5.877359766000001,5.417511,6.2652893,0.20557729719023515,5.76737215,0.04226202512004226,0,200,6.346309895500001,6.1307373,6.741745,0.1159668704615901,6.38358315,0.01344831504465522,0,200,J
3.3179275525000014,3.1201477000000004,3.5513152999999997,0.050186539988271404,3.32069395,0.0025186887959943644,0,200,5.718719414999998,5.504822,5.931885,0.048555836503637935,5.71817,0.002357669258568019,0,200,6.442389222999999,6.356781,6.511749299999999,0.029757599706681407,6.442596450000001,0.0008855147403030853,0,200,J
3.1758483875000016,2.7863922000000003,3.5742949999999998,0.11780610879489807,3.1841278,0.013878279269395362,0,200,5.839370652500001,5.5527190000000015,6.298233,0.19622609472446031,5.75689695,0.03850468025081287,0,200,6.414534537999997,6.0919339999999975,6.644348,0.12958876650122655,6.47148135,0.016793248403309417,0,200,J
3.1218653105000014,2.916504,3.3833922999999997,0.10426957169238203,3.16763305,0.010872143580912798,0,200,5.975765997999997,5.6112212999999995,6.3170776,0.18238642919335413,5.86245735,0.033264809553902375,0,200,6.327933586500003,6.1113434,6.5278015,0.10142643537560443,6.3747558,0.010287321793001665,0,200,J
3.200585023499998,2.9340667999999996,3.4545593,0.07072844947937985,3.1966781500000003,0.0050025135657571895,0,200,5.851318050999996,5.6529083,6.1228027,0.07361224433794594,5.8389206,0.005418762516469456,0,200,6.391269763,6.22847,6.5608826,0.05186189233012079,6.397156,0.002689655876061041,0,200,J
3.1604680655,2.8595580000000003,3.3383942,0.09812582350843377,3.19742585,0.009628677239208296,0,200,5.967316060500004,5.7411957000000005,6.2406615999999975,0.13332372696069686,5.938301150000001,0.01777521617069044,0,200,6.313300092999996,6.1301879999999995,6.4421997000000015,0.06928513902007857,6.30633535,0.004800430489031615,0,200,J
3.707443060919541,2.9041443,5.2012024000000014,0.5303511641368461,3.4678421000000004,0.2812723573013079,0,174,4.868594727011495,2.2404327,6.2524414,1.0395608933366671,5.36945345,1.0806868509549294,0,174,6.772349578735629,6.1251526,7.602050999999999,0.3128589494227949,6.6531372000000015,0.09788072223393493,0,174,J
4.901153647000003,2.6982727000000004,14.840866,1.2493883291953034,4.510253949999999,1.560971197129432,0,200,4.3911160185500036,-4.3094482,11.317657,1.5657721829113234,4.9741669,2.451642528778889,0,200,6.1310628577000035,-4.545257599999999,13.945739999999999,1.5323437935066355,6.304847799999999,2.3480775014983077,0,200,K
4.5206585650000015,4.0799866,4.932601999999998,0.10285494686700804,4.517494299999999,0.010579140095015049,0,200,4.994400490500002,4.8057404,5.31456,0.07764681752550555,4.9949647000000015,0.006029028271839155,0,200,6.285226449000003,6.021118,6.4714203,0.06736072845801608,6.291259700000001,0.004537467738394575,0,200,K
4.489961543,4.3736115,4.6219025,0.033431521560821936,4.4913787,0.0011176666338717019,0,200,5.037771000999999,4.93042,5.240204,0.052865162840708906,5.028617799999999,0.0027947254421746693,0,200,6.2689780385,6.1183167,6.352112,0.0411133763596291,6.274169949999999,0.0016903097156885088,0,200,K
4.489162819499998,4.1172333,4.7838135,0.07976412083384521,4.48200235,0.006362314972396259,0,200,5.068011022499999,4.887375,5.270111,0.07403428994148689,5.058693,0.005481076087140148,0,200,6.250769811000002,6.082657,6.394043,0.06199038227454647,6.2627715,0.003842807494544407,0,200,K
4.472202687499997,4.110672,4.7673187000000015,0.06852839257183319,4.471237200000001,0.004696140588479282,0,200,5.057529377000001,4.92424,5.2838135,0.052029526827942346,5.049713200000001,0.0027070716619395727,0,200,6.277801737000001,6.0753174,6.413101,0.05035566206017772,6.28506465,0.0025356927015188213,0,200,K
4.5073832609999975,4.3612366,4.720306400000001,0.046903123531032716,4.502731350000001,0.002199902996967316,0,200,5.087940444999998,4.988632,5.2986755,0.043360792566097976,5.08406075,0.0018801583319601773,0,200,6.2260037944999995,5.9999847,6.3268433,0.04691053001690619,6.231743,0.002200597826467057,0,200,K
4.550292204499999,4.18161,4.879898000000002,0.07886341738257939,4.54057315,0.006219438601258925,0,200,5.1398429804999965,4.822051999999999,5.5643616,0.08784202121054162,5.13038635,0.007716220690353245,0,200,6.1602922750000015,5.8880004999999995,6.470398,0.08566656558726841,6.1763306500000015,0.007338760459517761,0,200,K
4.541688011000001,4.3507385,4.7474823,0.05256556010870509,4.5458374,0.0027631381095418878,0,200,5.112195053999999,4.9463654,5.301346,0.061203212740563874,5.10594935,0.0037458332497667187,0,200,6.186639561000001,5.999649,6.3232574,0.049344326679011466,6.1877212,0.002434862575405002,0,200,K
4.517430644999998,4.3246307,4.736557,0.053258106656150175,4.51648715,0.0028364259245978675,0,200,5.0772967620000005,4.8655852999999984,5.296219000000002,0.05432711848208312,5.07016,0.0029514358025662982,0,200,6.221344451999996,6.009094,6.3142548,0.038631215675934916,6.224639850000001,0.0014923708246005994,0,200,K
4.526071697999999,4.2860260000000014,4.6991577000000015,0.05292616145231843,4.52491,0.0028011785660768773,0,200,5.0809420800000025,4.9545593,5.2973175,0.05463288968640352,5.071098299999999,0.002984752635486736,0,200,6.213504183500001,6.0431669999999995,6.316177400000001,0.04959071710893656,6.22437285,0.0024592392233785732,0,200,K
4.660484019000002,4.204483,6.4120026,0.35587199767961314,4.5233688500000016,0.12664487873247854,0,200,4.859510423499998,2.3885650000000003,5.4326324,0.5345152352663787,5.04557035,0.2857065367318722,0,200,6.255839458500002,5.894211,6.9958344,0.1289961036874522,6.2466431500000015,0.016639994766543924,0,200,K
4.8230879965,4.522339,5.1303864,0.08200915406421401,4.827117899999998,0.006725501350327986,0,200,4.773797912499999,4.4948120000000005,5.002121,0.06546244267145147,4.77269,0.004285331400513071,0,200,6.2274828960000015,6.1078339999999995,6.3648834,0.04320145312184042,6.233177,0.0018663655518385753,0,200,K
4.838101573500001,4.7508545,5.053131,0.04297908440663211,4.8327788,0.0018472016964324073,0,200,4.756246332000003,4.6295624,4.910263,0.04265206702951715,4.7524947000000015,0.0018191988218904235,0,200,6.227546302499998,6.0706787,6.315246599999999,0.03811344839765023,6.23204805,0.0014526349487603465,0,200,K
4.880602957500002,4.020294,5.91362,0.27997010715386944,4.84446725,0.07838326089974915,0,200,4.645773007500002,3.3497467000000003,5.2895660000000015,0.3937191583043863,4.7181015,0.15501477561591434,0,200,6.2450107575,5.9174805,6.808212299999999,0.11206889374290546,6.242744449999999,0.012559436944758636,0,200,K
4.552576291499996,4.412689,4.6866455,0.03712723011090273,4.5511550000000005,0.0013784312157079225,0,200,4.999955214999997,4.8647003,5.148514,0.041155431272944826,4.99910735,0.0016937695232620848,0,200,6.243231804000004,6.1400604,6.32193,0.0336922288914619,6.2434081500000005,0.0011351662876746599,0,200,K
4.5466550514999975,4.3570709999999995,4.733917,0.05092233810575953,4.54473115,0.002593084518157289,0,200,5.024402230500002,4.8831177000000014,5.2547760000000014,0.05523729145222831,5.01470185,0.0030511583669784147,0,200,6.231711953499999,6.0517883,6.347549400000001,0.04676593651562755,6.2404937500000015,0.0021870528181837058,0,200,K
4.551779709999998,4.3471985,4.7281647000000016,0.0584156898051066,4.55115515,0.0034123928154064353,0,200,5.026142653999999,4.831894,5.3480834999999995,0.07300704560988201,5.0122146500000015,0.005330028708683389,0,200,6.230651568000001,6.061661,6.3544769999999975,0.05031546224277481,6.23503865,0.0025316457407040982,0,200,K
4.521194271264367,4.095886,4.7588349999999995,0.08503549553843606,4.536132700000001,0.007231035501467378,0,174,5.115032243103445,4.8757477,5.380920400000001,0.08639627874732098,5.10010535,0.0074643169813847846,0,174,6.179147476436782,5.975479,6.3821106,0.07462006693768806,6.193161,0.005568154389785047,0,174,K
5.298800435000001,4.3303375,6.9719086,0.3014325748194409,5.232811,0.0908615971622778,0,200,4.487969130500002,1.8989258000000002,5.6810455,0.7247536771893905,4.777008,0.5252678925995433,0,200,6.0369454909999964,5.4212494000000016,7.2888335999999985,0.33415139043683795,5.919166649999998,0.11165715173087212,0,200,L
5.372374193500002,4.704376,6.6684265,0.2071168264010183,5.353508000000001,0.04289737977842955,0,200,4.6262101689999975,3.5010223,6.5276794,0.31889162678612,4.584762499999999,0.10169186963429803,0,200,5.912026752499997,4.5271454,6.508301,0.20362335932785955,5.9474412,0.041462472463962605,0,200,L
5.354085690499999,5.241516000000002,5.471527,0.03601174781746504,5.35097515,0.0012968459808686975,0,200,4.558746099500001,4.393203700000001,4.69693,0.04678689151074083,4.55761725,0.002189013217237832,0,200,5.972949522499999,5.878952,6.0470734,0.030361396953570964,5.97270975,0.000921814424972308,0,200,L
5.352651751000001,5.215896599999999,5.7833557,0.04900471369088928,5.349327099999999,0.002401461963926032,0,200,4.5586096179999975,4.410507,4.6556244000000016,0.0434943093103696,4.56237795,0.0018917549423861039,0,200,5.974160852500002,5.839279,6.131958,0.03436058349974297,5.973724400000001,0.0011806496984428088,0,200,L
5.334354085499999,4.889435,5.524124,0.06451984361046396,5.33660115,0.004162810219518727,0,200,4.573674633,4.403122,4.7792053,0.06367409776062058,4.574340899999998,0.004054390725629064,0,200,5.975028456499998,5.898636,6.209503,0.036825315356627024,5.97469325,0.00135610385111503,0,200,L
5.3456893755,5.0168,5.6886597000000005,0.07440534235558564,5.344116250000001,0.005536154971051906,0,200,4.577707366500004,3.7521667,5.240539599999999,0.16669025316838182,4.57494355,0.027785640501339227,0,200,5.9741010380000015,5.696167,6.31073,0.061712055873230025,5.97616575,0.003808377840100664,0,200,L
5.332895975500003,4.999358999999999,5.650757,0.08085010859464928,5.33698275,0.0065367400597665815,0,200,4.592208098,4.384338400000002,4.8913727,0.08016524501308496,4.5868455,0.006426466508007943,0,200,5.9697742415000015,5.758667,6.1161957000000005,0.04574523907050786,5.971618750000001,0.002092626897617919,0,200,L
5.458193521500002,4.9184875,6.4495697,0.20837714364106896,5.43612675,0.0434210339920107,0,200,4.5558509855,3.7976227,5.610092,0.18314964145724594,4.558426000000001,0.033543791165917734,0,200,5.884730137499997,4.8688965,6.2977753,0.14592655011975272,5.896301149999998,0.021294558029852702,0,200,L
5.515603401500004,5.262909,5.74057,0.07450268503290479,5.5241012000000005,0.005550650077112216,0,200,4.556725530000001,4.3763885,4.8157043,0.06641950185445439,4.5484544,0.0044115502265938715,0,200,5.837806865500003,5.685898,5.9594574,0.04580906626765968,5.8370362500000015,0.002098470552314835,0,200,L
5.511916207499999,5.210022,5.9364930000000005,0.08600315949492575,5.5118025,0.007396543443109636,0,200,4.559056937,4.222702,4.957290599999999,0.1006718487354882,4.5562515,0.010134821127821018,0,200,5.8444517495000055,5.6566315000000005,5.9600983,0.044318754499306966,5.84606165,0.0019641520003698407,0,200,L
5.5148067450000005,5.1255190000000015,5.785736,0.07631517211599041,5.51379395,0.00582400549509324,0,200,4.554694839500001,4.1100006,4.9597625999999995,0.09417282911165008,4.552269000000001,0.008868521742892049,0,200,5.833923109,5.6509094000000015,6.0601959999999995,0.05139554012329421,5.8349838,0.002641501544565145,0,200,L
5.509611350999997,5.378006,5.681015,0.043382731837663134,5.51224515,0.0018820614216985899,0,200,4.540940792000001,4.3036957000000005,4.743835400000001,0.0630243092379834,4.540359499999999,0.00397206355492496,0,200,5.8463224795,5.755768,5.9462433,0.033506478361480664,5.84809875,0.0011226840921883712,0,200,L
5.521759630499997,5.16716,5.7825775,0.0634336231252916,5.5210418,0.004023824542801529,0,200,4.524073639499999,4.0019836,4.896179,0.08246480915076293,4.526611299999999,0.00680044474827175,0,200,5.855108875999999,5.7653656,5.9479370000000005,0.0332253285667012,5.85486605,0.0011039224583652503,0,200,L
5.521927631499999,4.8431854,5.925522,0.12908365003016414,5.527336,0.01666258870510989,0,200,4.517004091000002,4.034027,5.2816925,0.12252448110638978,4.5228806499999985,0.015012248470390066,0,200,5.856491851999997,5.7222290000000005,6.077942,0.05853906060255961,5.844688400000001,0.0034268216162301464,0,200,L
5.5309250510000005,5.3049620000000015,5.8094482,0.07876787975872725,5.53227995,0.006204378881685314,0,200,4.4725616489999975,4.0622864000000005,4.9622345,0.11242701124472,4.471679750000002,0.0126398328574204,0,200,5.881593021999996,5.733841,6.0872498,0.05354096111585566,5.881629949999999,0.002866634517209568,0,200,L
5.534346223999998,5.4262695,5.615677,0.03274303369614927,5.53498075,0.0010721062556271663,0,200,4.4739989505,4.381653,4.5628967000000005,0.03336266927192039,4.47631835,0.0011130677009475408,0,200,5.8678562135000005,5.7620544,5.9850309999999975,0.0329627157506105,5.8674773,0.0010865406296555458,0,200,L
5.546266635999998,5.305282599999999,5.800308,0.06561461868155866,5.5439987,0.004305278184726345,0,200,4.477921600000001,4.092926,4.985138,0.09396186813577632,4.48181915,0.008828832663565019,0,200,5.861339863499999,5.6203765999999975,6.1547089999999995,0.05546533653948935,5.86224365,0.0030764035574388122,0,200,L
5.540052998843929,5.034363,6.1901703,0.14387843173706089,5.5398254,0.02070100311911609,0,173,4.488244475722545,4.195983999999998,4.82222,0.0951701931129724,4.4779663,0.00905736565716046,0,173,5.856940209248557,5.5984497000000015,6.26886,0.07466018658552631,5.858383,0.005574143460985602,0,173,L
-0.8069863131650001,-4.2908173,4.6094513,1.3124508114576228,-0.93679047,1.7225271324957725,0,200,9.5077514495,4.691147,12.314728,1.0338153737527151,9.6626055,1.0687742270074665,0,200,0.4247283920335001,-2.6082916000000003,6.006897,1.6197654455686104,0.795364375,2.6236400986580786,0,200,M
0.7765811055141499,-16.410294,19.250153,3.799642600817538,0.356582635,14.437283893947466,0,200,9.663823945299995,-10.024857,19.613052,4.0633993353549585,9.5777585,16.511214158563117,0,200,0.5313529945400003,-10.654053,13.413360999999998,2.6506029854458233,0.431869505,7.025696186454309,0,200,M
0.8153057873049999,-8.905792,19.0755,3.5351156163824653,0.535514825,12.497042421191175,0,200,9.12350463076,-12.055313,19.104507,4.035255380986858,9.422089,16.283285989783394,0,200,0.01827865554999984,-14.8454895,6.3839417,2.4537633994374497,0.2754364,6.020954820418829,0,200,M
1.3243230548000011,-10.607178,15.326507999999999,3.476804776748628,0.9172287,12.088171455622074,0,200,9.514137056669997,-5.9994354,19.613052,3.9546422655692566,9.4369885,15.639195448626745,0,200,-0.4686785157535001,-13.690659,18.344269,3.114513885977924,-0.60002137,9.700196745949306,0,200,M
1.0947502796350002,-16.780014,19.087814,4.136978831606095,1.243042,17.114593853156933,0,200,9.056025911789998,-13.1371,19.613052,5.172898193248625,9.5430905,26.75887571771489,0,200,-0.6461132889600004,-18.169220000000006,18.900116,4.254235172520746,-0.667587265,18.098516903112614,0,200,M
0.7350225035674999,-9.077927,19.250153,3.121537756416457,0.450828555,9.74399796473349,0,200,9.4637044705,-2.4670257999999996,19.568665,3.0879143292231457,9.6517105,9.53521490462163,0,200,0.4528932162149997,-7.3397827000000015,17.44374,2.7885788546889563,0.441047675,7.776172028818368,0,200,M
0.963935785227,-12.539429,19.0197,3.4994780225474007,0.8596420250000001,12.246346430292265,0,200,9.67296631625,-8.81134,19.436432,3.802930292719186,9.653389,14.462278811281235,0,200,-0.07375189910749996,-13.635132,7.949524,2.6998836235744665,-0.08420563,7.289371580845591,0,200,M
2.416794598100001,-9.638458,18.775345,3.12767031390907,2.43517305,9.782321592508062,0,200,9.075042644199996,-6.6099396,19.613052,4.475565100562986,9.2609635,20.030682969377374,0,200,0.3515133651854995,-17.13266,15.316666,3.8028473832246887,0.20946503,14.461648220098866,0,200,M
2.2285672757849992,-12.735031,18.369415,2.8406252841352178,2.39279175,8.069152004868286,0,200,9.41676752535,-4.033386,17.399307,2.3506618305043308,9.3477475,5.525611041389969,0,200,-0.002421795184999977,-8.204742,9.47551,2.0926167715327724,0.35172272000000004,4.379044952500244,0,200,M
1.8803942057055,-6.8815919999999995,18.362381,2.6771104208791394,1.68766025,7.166920205579682,0,200,9.312609918050002,0.1391449,18.415253,2.5081462320119745,9.3953095,6.2907975211558655,0,200,0.5037107883975002,-10.184265,12.311249,2.318493411325261,0.41555023,5.375411698358649,0,200,M
1.9678512546700009,-9.677658000000001,12.137450999999999,2.57165427706094,1.83283235,6.613405720725826,0,200,9.302866384,-10.141205000000001,18.52835,3.4840960281546485,9.207474,12.138925133403,0,200,0.28672424480750003,-9.542769999999999,15.854538,2.600072735724703,0.064178467,6.760378231058941,0,200,M
1.5339431860174988,-4.623642,16.503342,2.738002130510512,1.2180557,7.496655666680099,0,200,9.477936000650002,-5.0317535000000015,19.613052,3.5231086729911034,9.4285505,12.412294721705134,0,200,0.02647194252999996,-4.9969177,8.803513,2.073274773722632,-0.16334534,4.298468287354631,0,200,M
1.5920722229150004,-8.54985,17.014114000000006,2.87558324571692,1.4724960500000002,8.268979003047855,0,200,9.374661599,-2.5119324,18.542587,3.0758788009917493,9.330948,9.461030398390443,0,200,0.27596618793500005,-7.1335297,8.390244000000001,2.4545130434852203,0.17868042,6.02463428063908,0,200,M
1.5699118815085007,-5.860214,12.802703999999999,2.3658911757896246,1.37112425,5.5974410556792105,0,200,9.335552911750002,-11.902695,18.22641,3.166979834579404,9.38508625,10.029761272632587,0,200,0.098178324855,-15.202423000000001,7.2896423,2.682096908800232,-0.043296813499999996,7.193643828195759,0,200,M
1.4985138750200002,-13.895736999999999,16.698729999999998,4.305330089386977,1.6504593,18.53586717858087,0,200,9.1890232476,-8.573502000000001,19.613052,5.694559821520077,9.559059,32.428011560870765,0,200,0.10849907456999996,-16.045197,15.787018,3.962259249626888,0.108932493,15.699498361253829,0,200,M
0.7552979302349999,-2.9779357999999996,7.7033997,1.5410641308970288,0.94950868,2.3748786555374153,0,200,9.763865035000002,2.8746338,18.705475,2.1229744258788408,9.6397095,4.507020412935592,0,200,-0.12405074525,-10.226500999999999,9.783417,1.9569760811564725,-0.26683807,3.829755382218544,0,200,M
0.7324082938239997,-9.427109,14.607513,2.568967417181633,0.743896475,6.599593590540872,0,200,9.676118467050001,-5.7633209999999995,18.969894,3.066813229900824,9.615456,9.405343387094725,0,200,0.34265274506000004,-11.197739,12.391724,2.696533820331939,0.103866575,7.271294644193963,0,200,M
0.8322177038323697,-12.369553,18.071472,3.2133778585220814,0.82359314,10.325797261639957,0,173,9.503030114277458,-4.032913,18.31575,3.3935639140155422,9.646179,11.516276038508485,0,173,0.16445234575722548,-19.753006,18.44696,3.5605449244838505,0.22508240000000002,12.677480159267708,0,173,M
1.7391104903315011,-2.3839874,4.692398000000002,1.2621050967200629,1.57537845,1.5929092751667595,0,200,9.354063288000004,6.791290299999999,15.317139000000001,0.7854235960489315,9.2896805,0.6168902252304352,0,200,1.0809717553149998,-1.8847961,5.287277,1.2433692913213978,1.06409455,1.5459671946010751,0,200,O
1.976558305458001,-0.68307495,4.601242,0.858419333462065,1.99207305,0.736883752061456,0,200,9.3401772455,6.188843,17.20427,1.0428881703569917,9.422592,1.0876157358705538,0,200,0.96923347448,-2.2257233,3.9161224000000003,1.4433159256117216,1.27809145,2.0831608611244206,0,200,O
1.798685987949999,-1.0849761999999998,4.148117,0.8949585905004837,1.77905275,0.8009508787106124,0,200,9.294070299500001,6.618850699999999,11.704253999999999,0.6122321287495426,9.281723,0.3748281794731965,0,200,1.4402050020149997,-1.3369598,3.2541504,1.1537979364955822,1.8776627,1.3312496782614636,0,200,O
2.023854826585,-0.21313477,3.6323852999999997,0.7219654511883521,2.1114502,0.5212341127096006,0,200,9.332434292,7.3856964000000005,11.021927,0.5303042578287749,9.4159925,0.2812226058713278,0,200,0.599572525195,-1.5648041000000001,3.6555786,1.5027645676322443,0.287322995,2.258301345730927,0,200,O
1.757517855825001,-0.40673828,3.9839935,0.8071666483236953,1.69631955,0.6515179981661081,0,200,9.479366828999998,6.266968,11.908707000000001,0.6095909762754317,9.5670015,0.371601158356434,0,200,0.3756261464853,-1.7532806,3.1890106,1.1224082757503555,0.045562743499999996,1.259800337472886,0,200,O
1.8925791223500008,0.30766296,3.5220642,0.4797164513147909,1.9425354,0.23012787366205614,0,200,9.147591514999997,8.363388,10.192611999999999,0.26343767739816465,9.1360475,0.06939940987293948,0,200,2.05741485975,0.72439575,3.5058288999999996,0.32259676023535283,2.09249115,0.10406866971434574,0,200,O
1.8055708347550008,-1.5394135,4.2749176,1.0787257764955505,1.9340057,1.1636493008759283,0,200,9.3945288675,7.279861500000001,11.33992,0.5798591506630744,9.449074000000001,0.33623663460770203,0,200,0.7298732009450001,-1.9626616999999997,3.9022980000000014,1.3977490233203196,0.5055465800000001,1.9537023321929072,0,200,O
1.8503063205425,-0.69044495,4.122879,0.9482358036774232,1.96097565,0.8991511393757691,0,200,9.459903090000006,7.9049225000000005,10.93045,0.4719367405822297,9.4925535,0.2227242871113788,0,200,0.3793278479299999,-1.6656647,3.1153564,1.1308515111287996,0.21640015,1.2788251402222894,0,200,O
1.8146906276100003,-1.0127716,3.764389,0.8274501854982148,2.0079422000000005,0.6846738094810302,0,200,9.418215108500004,7.7126006999999985,12.029114,0.5585928166940649,9.471062,0.31202593486220925,0,200,0.6023633568025001,-1.818512,2.9534912,1.2343758998417385,0.607719435,1.5236838621101014,0,200,O
1.6029270973999992,-1.3543549,3.663147,0.7964536465429863,1.63920595,0.6343384110916201,0,200,9.386549214499995,6.4354095000000004,12.069366,0.712364308361981,9.3728335,0.5074629078280435,0,200,1.18490440498,-1.7533264,4.649719,1.1008366314721487,1.3340912,1.2118412891909474,0,200,O
1.3397575373804995,-4.5369263,12.366164999999999,1.9434494122316013,1.5717697,3.7769956179033577,0,200,9.3870008095,-4.6919556,19.192337,1.9891382239798223,9.3151245,3.956670874097603,0,200,0.5112592325750005,-7.560089,9.369339,1.9688518733125129,0.71604158,3.87637769904619,0,200,O
1.3515071135149994,-1.7076721000000001,4.1942444,0.9342202903707062,1.34173585,0.8727675509403267,0,200,9.474233324999998,7.6462555,12.575211,0.6449453512785955,9.450546000000001,0.4159545061358709,0,200,0.8861037433250003,-2.0526276,3.852005,1.3304210688946978,1.28601075,1.7700202205589104,0,200,O
1.27842522141,-4.5305023,5.0978699999999995,1.371414075510058,1.42440795,1.8807765665071077,0,200,9.463238593999996,3.6421203999999996,14.056351000000001,0.9393383710320696,9.4946215,0.8823565752931821,0,200,0.23813873414,-3.2149963,2.9342346,1.4906232952284517,0.46907807,2.2219578082777285,0,200,O
1.3657499653500005,-3.8149872000000014,7.5322113,1.5454432770555409,1.65735625,2.3883949225961687,0,200,9.378497586999996,0.6351166,17.414870999999998,1.7179030601751073,9.454605,2.951190924158998,0,200,-0.6137005577899999,-2.8343506,5.7891083,1.4767290730541176,-1.144783,2.180728755203273,0,200,O
1.3696274549499996,-5.1444855,5.4824066,1.3143299650290987,1.4358368,1.727463256973392,0,200,9.430259238499998,3.071518,19.091064000000006,1.4901498633205392,9.475235000000001,2.2205466151542215,0,200,0.4017242427000001,-2.7783507999999997,6.0561523,1.7006353400362186,1.10341645,2.8921605597801046,0,200,O
0.575738068152501,-6.3720245,7.599365,2.5699108106275057,0.66628265,6.604441574580123,0,200,9.411060417199998,-0.311203,19.555618,2.7118909632646333,9.2554015,7.354352596636377,0,200,0.09242851198380003,-4.775894,5.2239075,1.7504349869522455,0.035415649,3.0640226435465086,0,200,O
0.9613661219399996,-3.2278290000000003,7.8891144,1.6021218563290265,1.0104674999999999,2.566794442527166,0,200,9.71999910950001,5.409378,18.652070000000002,1.7071125854547269,9.467697,2.9142333794179227,0,200,-0.2326458746900001,-3.2348784999999998,4.8067627,1.5071042781498678,-0.558013925,2.2713633052176343,0,200,O
0.944751874837931,-1.3797607,4.3176727,0.931390735607953,0.97814942,0.8674887023763238,0,174,9.60094620172414,6.3737183,12.889342999999998,0.7440678119113588,9.646552999999999,0.5536369087225573,0,174,-0.17778041652097706,-2.6040955,3.169403,1.2539531263089787,-0.50230407,1.5723984429800617,0,174,O
-0.4725856071600005,-4.716568,10.258331,1.7232445707504958,-0.6292876999999999,2.9695718506210604,0,200,9.600746905999998,4.2089844,14.248291,1.0394237911497863,9.6501465,1.0804018176081944,0,200,-0.7152706148599997,-4.466171299999999,2.7076263,1.521463092458185,-1.3235168,2.3148499417124238,0,200,P
-0.4574595664600001,-4.667267,3.2463837000000004,1.340378486006042,-0.40232849,1.79661448574785,0,200,9.688380224999994,7.597015400000001,16.824966,0.8477101469531825,9.633118,0.7186124932473863,0,200,-0.3510283668149999,-3.4859923999999998,2.4738464,1.4944365738861909,-0.3237915,2.2333406733686965,0,200,P
-0.1609654207505,-3.0639953999999996,2.8504639,1.1186856381222985,-0.0593719465,1.2514575569410942,0,200,9.688434172999996,6.4032745,13.295197,1.0273330846051465,9.6684955,1.0554132667243252,0,200,-0.5205973072099999,-3.3919525,2.9734497,1.5191837082275548,-0.5227279499999999,2.307919139344025,0,200,P
-0.094732973295,-3.1524506000000003,3.111145,1.261704258793909,-0.105957033,1.5918976366586866,0,200,9.734393942000002,5.766083,19.228424,1.1104310089355869,9.6558915,1.233057025605706,0,200,-0.6945926669000003,-3.7666016000000004,2.2290192,1.4599560687628201,-1.31382755,2.131471722717388,0,200,P
-0.07254585089499999,-2.5242462000000003,2.6018524,1.2122563364958263,0.008628845,1.4695654253742825,0,200,9.685686633000008,6.345642,13.895995999999998,1.0548904655533682,9.628730999999998,1.112793894315402,0,200,-0.1990438045249999,-2.8099517999999994,2.9944153,1.4869537458888002,0.041130066,2.211031442412734,0,200,P
-0.054104384896499984,-4.8112335,3.4701385,1.3545226384444888,-0.01718139695,1.83473157805862,0,200,9.736615071500003,6.4609222,14.088272,1.194305819941531,9.602966499999999,1.426366391546213,0,200,-0.30482154837299985,-3.011917,3.0552063,1.6580776156491075,-0.0068206788,2.74922137951663,0,200,P
-0.0681597910145,-3.5280150999999997,3.5760803,1.2498876364532725,-0.00957489,1.5622191037587478,0,200,9.745194489,4.6371459999999995,15.502579,1.0944227786683094,9.6582185,1.1977612184680635,0,200,-0.24827842711499976,-4.0987396,2.8066864,1.4921757700582572,0.03780365,2.226588528748953,0,200,P
0.04736602942000002,-3.3120575,4.083542,1.263113226155998,0.019454956000000002,1.5954550220902135,0,200,9.685630426500008,6.9107210000000014,13.468201,0.9058402467452372,9.7003095,0.8205465526234723,0,200,-0.3851104748550002,-2.8931122000000005,4.042267,1.5171981953616926,-0.54556275,2.3018903640087767,0,200,P
0.12273735170949995,-3.466507,3.3420258,1.1756732803670968,0.35298919500000003,1.3822076621691302,0,200,9.691903266499995,7.028152499999999,13.184555,0.8480107783236321,9.668457,0.7191222801530524,0,200,-0.179993667555,-2.7744904,3.0613403,1.5044193014586869,0.23777008,2.263277434601444,0,200,P
0.01996238647000002,-3.2056273999999996,3.5940093999999996,1.1146685875333255,0.083778383,1.2424860600335392,0,200,9.6897810365,7.546753,12.283951,0.7203328461288264,9.687111,0.5188794092120556,0,200,-0.6854536421349999,-2.7365112000000003,1.9379578000000002,1.367715416308134,-1.1915741000000002,1.8706454600069324,0,200,P
0.2241689320899999,-3.3031616,3.9997864,1.3277036588955946,0.13040924,1.7627970058447495,0,200,9.676684369999997,7.8794710000000014,11.659058,0.6624093485912858,9.651611500000001,0.4387861451011315,0,200,-0.35714591983999994,-2.9564209999999997,1.7727966,1.3712556065644617,-0.493515015,1.8803419385344693,0,200,P
0.6251584613499998,-2.557129,4.766159,1.3016413447828412,0.522270205,1.6942701904480832,0,200,9.626323321499996,4.576523,11.883041,0.8433097375871502,9.581863499999999,0.7111713135093082,0,200,-0.10568931657209996,-2.9946593999999997,3.9525604,1.589198945145338,0.053970336500000014,2.5255532872510553,0,200,P
0.04957069383499997,-3.0856934,4.008819600000002,1.2686039804324638,0.12194824,1.6093560591690907,0,200,9.729639190500004,7.322097999999999,13.027786,0.7011121435327703,9.74940475,0.491558237809116,0,200,-0.3840888988899999,-2.6574707,2.5325165000000003,1.3900480536690372,-0.313812255,1.9322335915090776,0,200,P
0.1871472946275,-2.809555,4.1893005,1.2137708089948072,0.15750885,1.4732395767679085,0,200,9.6920175815,7.171646000000001,14.104797,0.7747013401555283,9.600120500000001,0.6001621664387715,0,200,-0.12194702028999985,-3.2384949,3.245102,1.4847376767117517,0.41775513,2.2044459686474114,0,200,P
0.08155586456849996,-4.148864700000002,5.769302400000001,1.3745996495038355,0.0254745485,1.889524196416068,0,200,9.663994304999996,5.367157,15.348312,1.2019783466077043,9.696868499999999,1.444751945713791,0,200,0.2617607139489999,-4.444763,4.8233795,1.4983571532459103,0.480392455,2.245074158683188,0,200,P
-0.03878532422300002,-5.4100800000000016,5.4620055999999995,1.6376578845760552,-0.08324432500000001,2.68192334691412,0,200,9.615193837499998,5.620285,12.494446,0.8156183162282388,9.619774000000001,0.6652332377669873,0,200,0.5832774329335,-2.8589325,4.9441223,1.481349718497475,1.12356565,2.194396988492549,0,200,P
0.42838462963600016,-3.9239502,4.7944336,1.544162340672916,0.40574646,2.384437334352459,0,200,9.702862392999997,7.7927856,19.321884,1.0017089575320228,9.659561,1.0034208355998924,0,200,-0.4638795450000001,-3.2765807999999996,3.5801544,1.3653652206415858,-0.7704620499999999,1.8642221857376464,0,200,P
0.15246440829653185,-2.2812042000000003,4.1740265,1.1344973315352158,0.06227112,1.2870841952605252,0,173,9.66876018786127,7.9140015,12.282913,0.5879569653021931,9.672302,0.3456933930473643,0,173,0.45000859016763,-2.407364,2.3420715,1.1342620498949134,0.75338745,1.2865503978318111,0,173,P
5.0425162530000005,2.2183990000000002,17.346923999999998,1.4751606882122672,4.596702650000001,2.17609905604689,0,200,4.3157891171,-10.925186,10.292618,2.0773808548928723,5.4151687000000015,4.31551121627544,0,200,6.292612374550004,0.15132141,17.099106,1.2334672581117094,5.91194155,1.5214414768336182,0,200,Q
4.632469015999998,3.7828673999999998,6.0112,0.2646303656281848,4.57167055,0.07002923041250678,0,200,5.407131354000003,3.4461823,6.696426400000001,0.3609694850276595,5.46875,0.1302989691211337,0,200,5.901660689499997,4.938049299999999,6.5029907,0.1442460002073783,5.899063099999999,0.020806908575826986,0,200,Q
4.920361028,4.776473999999999,5.3395996,0.06422205412517333,4.9101563000000015,0.00412447223605669,0,200,5.144727332500001,3.9471436,5.3537903,0.12252256849633612,5.1600112000000005,0.015011779790939372,0,200,5.8690532680000045,5.619217,6.0225067,0.0457423063876472,5.870430000000001,0.0020923585936613908,0,200,Q
4.855548176500002,4.586899,5.11644,0.0854076798851557,4.8848725,0.00729447178336523,0,200,5.1725447065,4.991668700000001,5.778595,0.06693414451112671,5.172546400000001,0.004480179701436393,0,200,5.9054302985000025,5.7501373,6.072876,0.06078408685369247,5.89026635,0.0036947052146372307,0,200,Q
4.820935821999999,4.2642365,5.5634765999999996,0.17797380009051084,4.85964965,0.03167467351865711,0,200,4.810481488500001,3.9183807,5.705673,0.3409121207412595,4.67873385,0.11622107406830308,0,200,6.1874326255000005,5.788742,6.448593,0.13301147022299695,6.232360849999999,0.0176920512108832,0,200,Q
4.893671037500001,4.6388702,5.1720276,0.08833857928166919,4.890136499999999,0.007803704589503753,0,200,4.665666502000001,4.4165955000000015,5.005493,0.07769445544912829,4.6793595,0.00603642840753658,0,200,6.238734429999999,6.050293,6.38974,0.04480756410940444,6.23744205,0.0020077178014183887,0,200,Q
4.604214549999998,4.333069,5.0556792999999995,0.07774896106432555,4.5995025,0.0060449009465820104,0,200,5.290076061999997,4.0711975,5.539932299999999,0.16166879137221507,5.306488,0.026136798103752804,0,200,6.007143703,5.895675700000001,6.4069519999999995,0.06466759703659578,6.0000228500000015,0.004181898106487531,0,200,Q
4.624957272999998,4.439148,4.8075867,0.04905359459327288,4.6254958,0.0024062551425211697,0,200,5.297234331000002,5.030197,5.6226044,0.059658888905707565,5.2935561500000015,0.003559183025463557,0,200,5.993793337499998,5.880340599999999,6.1088867,0.039433607293772176,5.993431,0.0015550093841994422,0,200,Q
4.649880072500002,4.533996599999999,4.7478485,0.03833375638911468,4.6498945,0.001469476878899991,0,200,5.268988945000002,5.1502075,5.3854675,0.038890847301946176,5.269599949999999,0.0015124980038632946,0,200,5.992943798,5.879532,6.0656433,0.033407861972921934,5.991386499999999,0.0011160852416018036,0,200,Q
4.5461233535000005,4.1632233,4.930251999999999,0.14492421588169274,4.59345235,0.021003028348923487,0,200,5.1979260904999975,4.393661499999999,5.533828700000001,0.20279627663521846,5.26013175,0.04112632981710805,0,200,6.120648039999997,5.881164599999999,6.6006775,0.1545079804243074,6.071182299999999,0.02387271601479816,0,200,Q
4.444770131499999,4.0171660000000005,4.908798,0.090133900326846,4.440780749999999,0.008124119988129808,0,200,5.2082144139999995,4.1684265,5.7595367,0.1513951689483774,5.2299652499999985,0.02292049718090773,0,200,6.1911489915,5.9296875,6.563492,0.07844483960232856,6.1818467,0.0061535928602350545,0,200,Q
4.3494321450000015,3.7996519999999996,4.8371887000000005,0.1400106612954848,4.3685761,0.01960298527639897,0,200,5.346482939000001,4.8308105,5.6936493,0.11297233624196455,5.3414383,0.012762748755967498,0,200,6.151291653500003,5.9409943,6.3545837,0.06914690983479446,6.14788055,0.0047812951397011964,0,200,Q
4.2963016595,4.0676879999999995,4.667862,0.0924639583166768,4.2798615,0.008549583587588146,0,200,5.338657922500002,5.091156,5.5213776,0.0681674457667769,5.346817,0.00464680066236647,0,200,6.176336585000001,6.0401764,6.280197,0.042184491608241635,6.177993700000001,0.0017795313322458086,0,200,Q
4.199286579999999,3.5511627,4.649948,0.15006774592137787,4.218444799999999,0.022520328365923218,0,200,5.3583386275,4.477005,5.6466980000000015,0.14657688844050484,5.368202200000001,0.0214847842249002,0,200,6.222103647500004,5.9875793,6.6213837,0.0936380137566514,6.2104265000000005,0.00876807762029084,0,200,Q
4.122122652000002,3.7926483,4.3485565,0.07185590177125316,4.128135650000001,0.005163270619359982,0,200,5.344587563999999,5.117813,5.5115814000000025,0.06327772288827753,5.345764,0.004004070213925642,0,200,6.284241407,6.1591797,6.4279785,0.042788119035147856,6.2823105,0.0018308231305659824,0,200,Q
4.5492977895000015,3.807953,5.1266327,0.3195378098414509,4.740524199999999,0.1021044119182712,0,200,4.7871706430000005,4.0687256000000005,5.5588074,0.39845898712320615,4.548614499999999,0.15876956441925136,0,200,6.378053213999996,6.188568,6.671631,0.09464403582435356,6.380691550000001,0.00895749351712152,0,200,Q
4.788692704999999,4.603073,5.0269165000000005,0.0640500100282143,4.789657499999999,0.004102403784614352,0,200,4.526684029999998,4.321167,4.6688995,0.056842245088439027,4.5278930499999985,0.003231040826694171,0,200,6.4009429275,6.277496299999999,6.5102844000000015,0.037416865346382826,6.40152735,0.0014000218123493438,0,200,Q
4.7721534505813965,4.5137787000000005,5.0791015999999996,0.08630893890368249,4.77026375,0.007449232934679597,0,172,4.513374787209303,4.2169495,4.747635,0.07435129540299991,4.51424415,0.005528115128104155,0,172,6.423136244767441,6.298401,6.5777740000000025,0.04270889642585921,6.422264,0.0018240498339147698,0,172,Q
5.128302912499999,3.0048828,7.6826935,0.5670588296199195,5.1024703,0.3215557162499129,0,200,3.4493045027500018,-3.3463593,9.768097000000001,1.0959536067181177,3.49269865,1.2011143080784499,0,200,6.756234048499997,3.7085419,13.338211,0.7430953742081903,6.8031158000000005,0.5521907351696104,0,200,R
5.100068735000002,4.5579834,5.847534,0.2069698170255618,5.1270370000000005,0.04283650515959453,0,200,3.4693911789999996,3.1268768,4.2079773000000005,0.13107351624813116,3.4693756500000004,0.017180266661649103,0,200,6.792584237999996,6.53479,7.131271400000001,0.08710216706807092,6.77893825,0.007586787507954141,0,200,R
5.1287970755000005,4.6123047,5.446823,0.1501094382406398,5.1450958,0.02253284344892045,0,200,3.463042376,3.197937,3.7998657,0.11225361340639764,3.47078705,0.012600873722792977,0,200,6.762968685,6.4058839999999995,7.034317,0.07409335928175187,6.76331325,0.005489825889654763,0,200,R
5.1411456225,4.652954,5.516739,0.14838657315277473,5.15866085,0.02201857509202377,0,200,3.4609510075000016,3.1951752,4.1742554,0.1181513206265269,3.4596862999999995,0.013959734565792359,0,200,6.7622628895000005,6.507416,7.0107726999999995,0.06677357592022617,6.763687150000001,0.004458710441174209,0,200,R
5.140879295500002,4.519348,5.5537415,0.1683970520666482,5.156829749999999,0.028357567144737424,0,200,3.4545782455000014,2.9939575,3.8598022000000003,0.1236955766274281,3.45074465,0.015300595677191938,0,200,6.758851755000002,6.5126038,7.0466156,0.06652527434184817,6.7560804999999995,0.004425612126258163,0,200,R
5.156548991000001,4.584381,5.8371124000000005,0.17923696202582226,5.1506805,0.03212588855624604,0,200,3.4433266450000017,3.0655517999999997,3.7803345,0.1228014842514494,3.4592133,0.015080204534358975,0,200,6.751444840499997,6.476486,7.004501299999999,0.07145765644440306,6.750595,0.00510619666452634,0,200,R
5.174371251500002,4.716461,5.6678925000000016,0.1686283895072811,5.197944700000001,0.028435533747819305,0,200,3.4474324069999995,3.1271362000000003,3.7532042999999997,0.12896334382157654,3.4487381,0.01663154404964216,0,200,6.738228382500001,6.444351,7.026382400000001,0.07160947000173921,6.73332215,0.005127916193929988,0,200,R
5.182677280499999,4.789688,5.513077,0.13490816428577992,5.1901779,0.018200212790958983,0,200,3.4502405580000013,3.100937,3.7235718,0.1111203672617259,3.44773865,0.012347736020380846,0,200,6.735380635000001,6.4922943,6.9560394,0.06360886998656719,6.73397065,0.004046088340968008,0,200,R
5.1854370975,4.698303,5.633072,0.15132433548432928,5.1983337999999994,0.02289905450977384,0,200,3.455602115,3.2337189,3.7291412000000004,0.0991235273124148,3.44547275,0.009825473666855043,0,200,6.726694108500003,6.532852,6.877716,0.05714580862479495,6.7208633,0.003265643443381688,0,200,R
5.192779453499998,4.6360474,5.9117737,0.19162967399007266,5.1984635,0.036721931953541516,0,200,3.4575764484999985,3.1159057999999997,3.7484894,0.11875483149555,3.4522552500000003,0.014102710003536478,0,200,6.721096501,6.5190125,6.957565299999999,0.06416398374938742,6.71951295,0.004117016810591654,0,200,R
5.202312928999998,4.75943,5.8219910000000015,0.17543825924606074,5.21128845,0.030778582807288013,0,200,3.4645618510000014,3.182373,3.7604828,0.11546999136364128,3.45828245,0.013333318905519394,0,200,6.702235706999997,6.531357,6.854339599999999,0.0548757154009437,6.7038877999999995,0.00301134414076537,0,200,R
5.190600649500002,4.606994599999998,5.5578156,0.16937769857451251,5.197677649999998,0.02868880477439842,0,200,3.4784367339999998,3.2094269,3.7462769000000002,0.10812435791678547,3.48403935,0.011690876774917128,0,200,6.713793720499995,6.5617676,6.9076843,0.060015698089635326,6.710128699999999,0.0036018840171862564,0,200,R
5.201784742999999,4.798813,5.552475,0.13662753677026093,5.2135315,0.018667083803909,0,200,3.478353344999998,3.150055,3.72229,0.108883301109143,3.5004348500000004,0.011855573260424298,0,200,6.705781328500002,6.538803,6.901717999999999,0.049346382986302964,6.7034226,0.0024350655138308907,0,200,R
5.246281137999997,4.617737,6.6270294000000005,0.2347777914319617,5.239173900000001,0.05512061134966971,0,200,3.5063809214999986,2.9229736,5.3909607,0.2108416443309118,3.5085830500000004,0.0444541989841627,0,200,6.6599668020000005,5.944031,7.0659637,0.122639800064377,6.67326365,0.015040520559830363,0,200,R
5.3115121430000025,4.873412999999998,5.8518677000000014,0.17567265071139246,5.3429565000000006,0.03086088020796688,0,200,3.5332446319999997,3.1743011,3.874649,0.12177795432617312,3.5401154000000004,0.014829870159867503,0,200,6.5837693004999975,6.3987885,6.8679504,0.0622932724703186,6.57759085,0.003880451795061353,0,200,R
5.3220002115,4.797989,5.753799400000001,0.1850800908017804,5.33849325,0.034254640011195284,0,200,3.5356188199999985,3.129593,3.847458,0.11289170982364613,3.5451584,0.01274453814690632,0,200,6.576333456999996,6.425003,6.760528599999999,0.06884475387548508,6.56681815,0.004739600136176117,0,200,R
5.328415459500003,4.8529053,5.6700745,0.15847377919508054,5.34983075,0.025113938692371145,0,200,3.536981815500003,3.118225,3.774475,0.11156778361839546,3.53801725,0.012447370341521113,0,200,6.5814595705000025,6.430664,6.893219,0.0675612972742909,6.5760193000000005,0.004564528889385106,0,200,R
5.330560227745668,4.825531,5.7498627,0.18397845530398596,5.351761,0.033848072016040745,0,173,3.53036913468208,3.1380615,3.9169769999999997,0.12075858923724282,3.5312347,0.01458263687456914,0,173,6.576480931791909,6.355011,6.874923700000001,0.07787762913604271,6.5699615000000025,0.006064925119851009,0,173,R
-2.0177886214999994,-4.6566925,0.83200073,1.0270069048830799,-1.8936081000000002,1.0547431826775238,0,200,9.514427277499998,8.141693,10.692093,0.3405860488942939,9.55595375,0.11599885670142634,0,200,-0.11460105811835004,-3.2031097,1.8183593999999996,0.8876267746702315,-0.030593872,0.7878812911114781,0,200,S
-1.6177140071045009,-3.5579834000000004,0.85632324,0.7283910318272065,-1.81038665,0.5305534952463027,0,200,9.6326625755,7.2029266000000005,14.966797,0.5129519087249393,9.6317365,0.2631196606645585,0,200,0.17251075781199984,-1.4883881,2.6424866000000002,0.6702258930998103,0.19177246,0.4492027477814383,0,200,S
-1.5405415350499998,-3.51326,1.2363281000000002,0.6012299128012302,-1.5729064999999998,0.3614774080469748,0,200,9.651814942500003,6.9040985,11.824356,0.5070863118212796,9.6724775,0.2571365276365081,0,200,0.06373481758999996,-2.1572876,2.9949493,0.7753376336349305,-0.04826355,0.6011484461306136,0,200,S
-1.4788155374500005,-2.474228,-0.25517273,0.3882331894091934,-1.4833450000000001,0.15072500935883462,0,200,9.668087484999996,9.30481,10.311278999999999,0.12787204382022324,9.65431975,0.01635125959076109,0,200,0.1450448608100001,-0.7335663,1.0128479,0.3707541297984561,0.10332489,0.13745862476261053,0,200,S
-1.4958736424000003,-2.821762,0.16577148,0.5013326197182626,-1.5228958,0.2513343955935761,0,200,9.674882469999996,9.160324000000001,10.177734,0.15996081098269135,9.675208999999999,0.025587461050240314,0,200,-0.07038070610450001,-1.1356812,0.8417511000000001,0.3576742730570586,-0.06037903,0.12793088560689533,0,200,S
-1.371278228300001,-2.4165650000000003,0.5930786,0.4443403210029405,-1.4221954,0.19743832086899613,0,200,9.6988761575,8.899033,11.071487,0.1821401187676673,9.6933895,0.03317502286469995,0,200,-0.06519943237699999,-1.3659973,0.9360504000000001,0.3806486337644152,-0.09988403300000001,0.14489338238671587,0,200,S
-1.7093048093999992,-3.1282806,0.06991577,0.4569050975964018,-1.7042999,0.20876226820957744,0,200,9.646579254999997,9.086441,10.103577,0.14012398462356965,9.647567500000001,0.019634731066786384,0,200,0.0007196045107500089,-0.7244109999999999,1.0233002,0.28873772145955146,0.0328292845,0.08336947179365352,0,200,S
-1.76275337254,-3.3111725,-0.057739257999999995,0.43695204230866297,-1.80086515,0.1909270872777116,0,200,9.536390087000004,5.725967400000001,10.751968,0.4674135969853063,9.551239,0.2184754706467423,0,200,0.6118660744079999,-1.91362,3.408371,0.7269141423448405,0.6659316999999999,0.5284041703409351,0,200,S
-2.047416540699999,-3.079422,-0.32011414,0.4031624910722267,-2.03025055,0.16253999420756332,0,200,9.568450767499996,8.398941,10.778427,0.21320247697921466,9.562553,0.04545529619007256,0,200,0.15881835885999998,-1.0269165,1.5830536,0.5548074564656365,0.27733612,0.30781131374986914,0,200,S
-1.8958651715,-3.0376587,-0.9401703000000001,0.3801327521766583,-1.8664551,0.14450090927740072,0,200,9.566831145000002,8.893875,10.265533,0.16564416532897905,9.561736999999999,0.027437989507534143,0,200,0.43355735845,-0.8035126,1.2752533000000001,0.4567001105640109,0.60260775,0.20857499098917984,0,200,S
-1.7607357779000006,-3.2322387999999997,-0.41279602,0.33852085667562,-1.7733536,0.11459637040439564,0,200,9.60575356,8.981125,10.110062,0.1541162070303721,9.60767375,0.02375180526942852,0,200,0.30683746476049995,-0.67123413,1.3259735000000001,0.4507772596733074,0.3121109,0.2032001378385764,0,200,S
-1.97144851602,-2.854477,0.13903809,0.4639955337073844,-1.898407,0.2152918553004005,0,200,9.539689114999996,8.429443,10.79274,0.19860193964016554,9.529488,0.03944273042883596,0,200,0.3500028974350001,-0.92248535,2.0773468,0.6684938622745429,0.444175725,0.4468840438987355,0,200,S
-1.93643981865,-3.1572112999999997,-0.38430786,0.4450994520947173,-1.93804165,0.19811352225501755,0,200,9.55509034,8.415268,10.278641,0.2081688040442853,9.5596235,0.04333425097722805,0,200,0.4861370852950002,-0.6076355,1.2885132,0.35325493955715515,0.494392395,0.12478905232152933,0,200,S
-1.7464843704250004,-3.6937102999999993,0.38192750000000003,0.6649269573607082,-1.86418915,0.44212785862496906,0,200,9.5641877525,8.316101,10.928482,0.2990376466354888,9.585388,0.08942351410529148,0,200,0.2803928392694999,-2.2072601,2.2411041000000003,0.9582295158505046,0.5344925,0.9182038050470924,0,200,S
-2.0886971291500003,-3.1308594,-0.97566223,0.3869154054210353,-2.06414035,0.14970353095212408,0,200,9.532844797499992,8.77002,10.601257,0.1963061928831952,9.5401075,0.03853612136429423,0,200,0.4241714471200004,-0.33470154,0.8798218000000001,0.2391269197641415,0.45754242,0.05718168375588616,0,200,S
-1.6320387268500007,-4.09317,1.1086731,0.5713969954399725,-1.66400145,0.3264945263978279,0,200,9.606211619000002,5.003311,18.702362,0.8414776200004089,9.625946,0.7080845849615526,0,200,0.4265854640014998,-1.1028594999999999,3.1821900000000003,0.6323896349024531,0.29773712,0.3999166503320579,0,200,S
-1.866338193335,-2.9840088,-0.051452637,0.4920174561824797,-1.9750824,0.2420811771882784,0,200,9.49418607,8.478912,10.602203,0.23069413453359336,9.462738,0.05321978370820368,0,200,0.8307391355499999,-1.7456055,1.9367218000000002,0.7658462903206442,1.04299165,0.5865205403978925,0,200,S
-2.2174627344827584,-4.507126,-1.427002,0.476107030084518,-2.1128921000000003,0.2266779040959001,0,174,9.467078462643686,8.743134,10.042786,0.15821038920414554,9.4780275,0.02503052725212722,0,174,0.6181801104827584,-1.2007751,1.221817,0.37488684527861216,0.6853866550000001,0.1405401467629501,0,174,S
