x_accel_mean,x_accel_min,x_accel_max,x_accel_std,x_accel_median,x_accel_variance,x_accel_zero_crossing,x_accel_mean_crossing,y_accel_mean,y_accel_min,y_accel_max,y_accel_std,y_accel_median,y_accel_variance,y_accel_zero_crossing,y_accel_mean_crossing,z_accel_mean,z_accel_min,z_accel_max,z_accel_std,z_accel_median,z_accel_variance,z_accel_zero_crossing,z_accel_mean_crossing,Activity_ID
8.918128745,4.251129,15.627228,2.8518520574019472,8.667389,8.133060157307721,0,200,0.9195631375164998,-3.6073456,4.917572,1.7056807883642366,0.81121825,2.9093469517948436,0,200,2.620788269354999,-2.1792602999999997,10.382019,2.2250058328491478,1.8952179,4.950650956212732,0,200,A
8.956081392499996,4.073242,16.469604,2.86940464057087,8.3306425,8.233482991329643,0,200,0.7617716976313998,-3.5554047,5.184723,1.7050339025976606,0.700149525,2.907140609007409,0,200,2.5570977725455,-2.1656342,8.621825999999999,2.414281524486088,1.7858429,5.8287552794748665,0,200,A
9.079646538500004,3.2969055,17.763289999999994,3.1332469748577987,8.7713395,9.817236605455552,0,200,0.7588412492449998,-3.6064148,5.200577,1.825762300727649,0.61322022,3.333407978758318,0,200,2.34594002147,-2.1228027000000003,8.61525,2.474517306226204,1.5710296499999998,6.123235898812988,0,200,A
9.084471641,3.6491394,16.707657,3.1174299572763475,8.804077000000003,9.71836953852401,0,200,0.6929291547425,-3.2668,5.903015,1.8537462046634219,0.6516036999999999,3.4363749913040422,0,200,2.3767667415450004,-1.3784637,8.587966999999999,2.4090672881565096,1.5682677999999999,5.803605198865761,0,200,A
8.967509973000004,3.9001922999999996,16.908493,3.1828810343122234,8.6363755,10.130731678584446,0,200,0.7801176438749999,-4.3636627,5.036682,1.8840902458493816,0.82605745,3.549796054504783,0,200,2.3308709742525,-1.7515717,9.152954,2.485063321980285,1.3614502000000002,6.1755397142516895,0,200,A
8.735771079,1.6698914,18.530151,3.4925504084516024,8.1782685,12.197908355575453,0,200,0.8079148799450006,-6.3611298,5.4718018,1.951345901079893,0.828910815,3.8077508256612993,0,200,2.737795489295002,-2.6394196,10.345001,2.7176335373513725,2.0249481,7.3855320433369345,0,200,A
9.041711799000002,3.754547,17.927841,3.3952713640461982,8.501403999999999,11.527867635512127,0,200,0.5285395814650004,-5.939682,6.9950714000000005,2.1152548390056998,0.48384094,4.474303033937027,0,200,2.1160382089299987,-2.78508,10.283203,2.75740243611666,1.3638077000000002,7.603268194702089,0,200,A
9.112637565000004,2.9766082999999997,17.5242,3.22505296900469,8.493652,10.400966652885966,0,200,0.6441635891975003,-4.5855713,5.8349150000000005,1.9390310135018949,0.421485905,3.759841271322185,0,200,2.1234438340935005,-1.4189148,10.288742,2.598793492748382,1.08582305,6.753727617951332,0,200,A
9.160067767500003,1.6295928999999998,18.129654000000002,3.271079319756311,8.991981499999998,10.699959916137411,0,200,0.6789795684099996,-5.0870667,6.2270355,1.9972616040318458,0.5856781,3.989053914939863,0,200,1.971816252572752,-3.1342773,8.40596,2.5432773523074124,1.11273955,6.468259690759803,0,200,A
9.108897874499995,2.5817566000000003,17.10582,3.358068554434467,8.921813499999997,11.27662441628159,0,200,0.6449650581425,-4.6685944,6.0613556,2.1529303843534398,0.515625,4.635109239872248,0,200,2.2109031717525003,-3.5357208,10.445038,2.7531119956051624,1.33405305,7.579625660345041,0,200,A
9.016003569999997,2.144043,17.950134,3.555381419017781,8.508980000000001,12.640737034696894,0,200,0.572227246528,-4.536911,5.098999,2.068135590693854,0.487442015,4.277184821494616,0,200,2.3011395230600007,-3.4480286,9.282836999999999,2.7863872119847897,1.3923721000000002,7.76395369511237,0,200,A
9.075473942500002,1.7545319,19.11905,3.5834673165442807,8.900024,12.841238008741069,0,200,0.37060843999700005,-4.3479614,5.845459,2.204336409574389,0.260856625,4.85909900657531,0,200,2.3136476856155,-4.327774,10.404358,2.8411170018829006,1.3895798000000001,8.071945818388082,0,200,A
9.091570815499999,1.422287,18.364594,3.7835107641496215,8.840324500000003,14.314953702436053,0,200,0.464693909345,-5.6624602999999984,6.5723724,2.3062900061643994,0.33520508,5.3189735925337835,0,200,2.3190468623599996,-2.4501494999999998,10.578522,2.831542598472498,1.53922275,8.017633486964387,0,200,A
9.0875129085,1.494278,18.841293,3.7333610463511664,8.506820750000001,13.937984702412276,0,200,0.4911035940149998,-5.048080400000001,5.806732,2.0496613885705828,0.448387145,4.20111180779709,0,200,2.252634816700001,-2.653595,10.675980000000001,2.815810073044311,1.26055145,7.928786367457807,0,200,A
9.106488881,1.9428253,17.444519,3.8726409472089283,8.6456455,14.997347905999275,0,200,0.9670040125460002,-5.5508120000000005,7.8591156,2.5457062762909373,0.91283415,6.480620445147069,0,200,2.2168730935000007,-3.1152954,10.261887,2.9088736876764294,1.3393478,8.461546130856267,0,200,A
9.011003782499996,1.312851,18.669098,3.820729784239297,8.394141999999999,14.597976084173265,0,200,0.6894453404699996,-5.375671400000001,8.394347999999999,2.4540767863292148,0.5181960999999999,6.022492873199928,0,200,2.057343899025001,-1.9605560000000002,10.926132,2.8259078094511016,0.8678665249999999,7.985754947516724,0,200,A
9.060381857999998,0.5771941999999999,18.139069,3.984238703705637,8.706741000000001,15.874158048105972,0,200,0.3985058579699998,-5.151581,6.0191345,2.2285896130658998,0.34329986999999995,4.966611663465218,0,200,2.568988263365,-2.7850493999999997,14.402373999999998,3.0542634373653734,1.4649277,9.328525144826948,0,200,A
9.001272004046246,2.1317596,17.451096,3.5227114958960737,8.528366,12.409496283318353,0,173,0.8548755991462426,-4.7387238,6.522339,2.0908165005514667,0.73612976,4.371513638978282,0,173,2.2990974010173417,-4.47435,11.614349,2.9678819400273544,1.5277252000000001,8.808323209940534,0,173,A
6.667611874487497,-3.7249297999999995,19.250153,7.336201521373208,5.16159815,53.819852762198565,0,200,0.486092226165,-11.604858,9.843552,2.6684309658904266,0.157546995,7.120523819722918,0,200,2.8348271858790017,-16.499512,19.243301000000002,6.134421524148044,1.88537595,37.63112743593079,0,200,B
6.294506693914997,-4.3135223,19.250153,7.250632637822545,5.50514975,52.571673648657544,0,200,0.3000842312649999,-5.8266907,8.894913,2.243182624220817,0.1825943,5.0318682856061905,0,200,2.1423841840350013,-19.060532000000002,18.427643,5.517763367493704,1.61376955,30.44571257965546,0,200,B
5.208231679174999,-7.523178,19.250153,7.123365170575408,3.62380985,50.742331353366815,0,200,0.6967179858819997,-5.5254364,12.202086999999999,2.444502461045393,0.5447845499999999,5.975592282056983,0,200,2.0144150496399997,-15.457367000000001,19.008087,5.913370513679997,1.81716155,34.96795083206004,0,200,B
5.056667266,-6.0819550000000016,19.250153,7.265777020238245,3.61454015,52.79151570782214,0,200,0.8960452227429996,-7.153351,10.410065,2.5717340243151443,0.71003723,6.613815891820166,0,200,1.818660354694999,-18.076079999999997,17.047836,6.527797483584912,1.9915619,42.61213998669752,0,200,B
5.298461030225,-6.412018,19.250153,7.6397467572187505,3.96084595,58.36573051443443,0,200,-1.0698718244854997,-13.036377,9.000778,3.349284425178233,-0.650970475,11.217706160741487,0,200,1.9253983551875,-19.486908,19.246399,7.368317696916263,2.61566925,54.29210568268936,0,200,B
5.9616076188300005,-5.2541046,19.250153,7.642225036023443,4.72429665,58.40360350122351,0,200,0.006182630552500044,-9.022110000000001,9.204163000000001,2.8685521869718125,-0.17618561,8.228591649380766,0,200,2.271342689533,-16.101960000000002,18.785201999999998,6.098752768824217,1.94075775,37.19478533524106,0,200,B
5.902558396349997,-6.472427400000001,19.250153,7.264102282764047,4.259285,52.767181974457856,0,200,0.52012687007,-8.708496,10.125916,2.8854956653808785,0.21581268,8.326085234931837,0,200,1.5952022765699996,-16.76706,17.917618,6.3020973626732575,1.85738375,39.71643116861321,0,200,B
5.7687030821250005,-4.4416504,19.250153,7.192376179363017,4.490241999999999,51.73027510546857,0,200,0.40565704391150015,-10.064606,8.883072,2.9602363938678016,0.247276305,8.762999507579442,0,200,1.6336991870050008,-18.421799,18.507445999999998,6.763128416538756,2.0675964,45.73990597859401,0,200,B
4.798263036880003,-10.316025,19.250153,7.047047982345928,3.54727935,49.660885265485824,0,200,0.6709329244349999,-7.9547577,8.506607,2.6122715027375762,0.46656799,6.823962404014832,0,200,1.6785267772000014,-16.635696,19.246399,6.987165752965344,1.98485565,48.820485259411754,0,200,B
4.901789494069999,-14.394546499999999,19.250153,7.409092625438528,3.54554745,54.894653532327595,0,200,0.421581642415,-6.6543274000000014,10.154388,2.759937446405912,0.10255432,7.617254708073586,0,200,1.7040731894740009,-18.932312,18.858994,7.093943211610235,1.7458419500000002,50.32403028955093,0,200,B
5.5383910375150025,-13.283264,19.250153,7.405962334106861,4.01476285,54.84827809420955,0,200,0.4884167425850002,-9.127274,11.487381,2.7698521496119946,0.36293029,7.672080930710187,0,200,1.2812634391450004,-16.910782,18.58548,6.482073366394503,1.62976075,42.017275127320964,0,200,B
4.595411994369998,-9.421707000000001,19.250153,7.08552704484475,3.5482330500000003,50.204693503226366,0,200,0.4404762267950001,-6.108032,10.893555000000001,2.6679999513493,0.169822695,7.118223740399866,0,200,1.9204865995999996,-18.635437,18.739624,6.719668929345473,1.8238907,45.153950520010916,0,200,B
5.913399242300001,-9.816559,19.250153,7.679275059472613,4.4589615,58.97126543903811,0,200,-0.15274085654449995,-12.866928,8.885056,3.1109816613638084,-0.25986481,9.678206897341923,0,200,1.6236160264949997,-18.532822,18.94963,7.2140497469522415,1.9421157999999998,52.04251375150172,0,200,B
4.954793192914999,-15.856216,19.250153,7.9368327729409955,2.73103335,62.993314465630256,0,200,0.19305770977000009,-13.508331,11.297119,3.4684578981802185,-0.253463745,12.030200191448738,0,200,2.0594282644,-18.323318,19.051773,6.837744360984812,2.3791961500000003,46.75474794617958,0,200,B
5.2478033539150015,-4.7463074,19.250153,7.333261494507742,4.0977248,53.77672414682994,0,200,0.6073692285194998,-8.222321,19.024918,3.198891547355137,0.110397339,10.232907131740145,0,200,2.37799933985,-18.840729,18.06041,6.49942745915024,2.73786165,42.24255729675616,0,200,B
4.6784235769999984,-15.9254,19.250153,8.314096625578369,2.5175171,69.12420269945362,0,200,-0.5457326610633499,-17.406952,13.351913,3.928233358405928,-0.492858885,15.431017318093119,0,200,2.736659864825001,-19.208237,19.246399,7.729848631758788,2.5162506,59.75055986990321,0,200,B
4.842122812167001,-12.578339,19.250153,7.9583133397494565,2.4908295000000003,63.334751213634156,0,200,-2.3960674678949987,-19.386353,18.595154,6.953622385779996,-0.58579255,48.35286428402068,0,200,2.1174597980500014,-18.110916,19.246399,7.609234795607318,2.14785765,57.90045417468112,0,200,B
5.647906665666858,-18.901657,19.250153,7.8369975203055,4.3076095,61.41853013327457,0,172,0.33950184587209303,-12.686066,14.809647,3.902161848680224,0.28236389500000003,15.226867093295464,0,172,2.594826030296511,-19.465668,19.246399,7.568573700793656,2.56983185,57.28330786434538,0,172,B
5.965180659000001,2.6346436,10.668242999999999,1.5877982730533422,5.7732544,2.5211033559111757,0,200,1.10617149157422,-2.411316,7.014511,1.5541880212847423,0.8950119000000001,2.4155004055049827,0,200,6.580504930999999,2.6602478,13.062225,1.8984991396607325,6.404281600000001,3.6042989832925407,0,200,C
7.295097960499997,2.218628,18.199738,2.8679236044583982,6.696647649999999,8.224985801009653,0,200,1.0581117243049998,-6.1877900000000015,7.118881,1.870128724376519,0.9447860999999999,3.4973814457381462,0,200,5.583044815249998,0.44869995,17.748184,2.8579092288264616,5.04616545,8.167645160211459,0,200,C
6.986995098499997,-3.3109436000000003,14.459655999999999,2.4667278209067964,6.8322373500000015,6.084746142435592,0,200,1.7325634018900005,-2.9293669999999996,10.291733,1.9543165014086687,1.56253055,3.81935298767822,0,200,5.533943483749997,0.56240845,14.047623000000002,2.278307208749684,5.17317975,5.190683737440776,0,200,C
8.643724587500001,2.515091,18.210709,2.9691352764656727,8.3966595,8.815764289952888,0,200,1.1023030805,-4.6051483,6.8295593,1.8667668492309848,1.00063325,3.4848184693877786,0,200,2.7711792731,-1.8098296999999999,9.833252,2.6258185041490485,2.2982331,6.894922816731544,0,200,C
8.134523852000001,3.4644470000000003,17.476181,2.724615165265245,7.838691649999999,7.42352779879336,0,200,1.2709412434675,-3.5493622000000005,8.198058999999999,1.9428305877601275,1.20760345,3.7745906927363615,0,200,4.0235127348700015,-2.6980286,15.844559,2.9347038991151764,3.947593700000001,8.612486975481819,0,200,C
7.290387348750007,0.66363525,17.657623,2.6047222161324064,7.33760835,6.784577823213716,0,200,1.00445312544,-7.8894043000000025,8.455185,2.008756620370834,0.979881275,4.035103159883653,0,200,4.376379541250004,-4.1727905,15.262741,3.2990113328419524,4.2866898,10.883475774219637,0,200,C
8.693604510199997,-0.6611023,17.300003,3.393850637351316,8.131035,11.518222148649937,0,200,1.1535100546449994,-11.224686,7.222336,1.9583372632157081,0.997779845,3.835084836499189,0,200,2.588958970455,-2.6477049999999998,13.614212,2.8984970743576253,2.0773620500000005,8.401285290059713,0,200,C
7.712509315500003,3.1551514,15.318268,2.063989000031118,7.45730585,4.260050592249455,0,200,0.09034889338500006,-4.858291599999999,7.786712599999999,1.956048565548425,0.217796325,3.8261259907840515,0,200,4.637341848000002,0.792511,14.963698999999998,2.105361864779531,4.1093597000000015,4.432548581667944,0,200,C
8.811915274500006,4.170212,16.389679,2.2260212589520045,8.662620500000001,4.955170645306269,0,200,0.298600234665,-3.5527954,4.9183807,1.3528827979695943,0.31204987,1.8302918650420383,0,200,2.5312265767350004,-1.3464049999999999,8.554459,1.8933443103821952,2.1211166500000003,3.58475267765663,0,200,C
8.5577796025,2.9000702,18.94197,2.7890955114449207,8.1163025,7.7790537719622055,0,200,0.3220380398965003,-4.6096954000000006,5.392105,1.7948097930530718,0.41202545,3.2213421932392112,0,200,3.2566275772799997,-1.4347076,9.391571,2.253522865687001,3.13590245,5.0783653061741525,0,200,C
7.724945971499999,2.3216857999999996,17.510788,2.149085911977473,7.6403655,4.618570257060046,0,200,0.27086372187,-7.326874,8.511261,2.011428438433104,0.113311765,4.0458443629374345,0,200,4.62887008084,-0.5863341999999999,11.712891,2.2630583762108456,4.2650375,5.121433214138069,0,200,C
9.076458665000002,2.5943604,18.963486,3.2754598855785897,8.344940000000001,10.728637462034508,0,200,0.4739389800400001,-4.75737,6.764587400000001,1.7558154709676812,0.406364435,3.0828879680894605,0,200,2.29222466286,-3.7245483,10.703522,2.439476054225786,1.8256531000000003,5.95104341914101,0,200,C
7.800712277499998,2.923874,16.049789999999998,2.3454878499600906,7.570137000000001,5.50131325431041,0,200,0.20958946369200007,-4.168228,5.2454376,1.8040545375271884,0.269210815,3.254612774372436,0,200,4.7981098964169995,-0.0030670166,12.780106,2.1964320404573736,4.5370408,4.824313708347742,0,200,C
8.491965843999997,2.26857,19.053787,3.1780112722580482,7.899124,10.099755646599217,0,200,0.4579080235399999,-4.4161529999999996,4.2279053,1.5980843854478393,0.394912715,2.553873703012198,0,200,3.0428170786974973,-1.7532196,9.896637,2.593618962144207,2.4835586000000003,6.726859320793995,0,200,C
8.200194398500006,3.307953,18.591064000000006,2.9152053319657503,7.72384645,8.498422127521541,0,200,0.5810744457549997,-5.814331,5.7296143,1.57125161971895,0.48758697,2.4688316524694236,0,200,4.153875961425002,-0.90708923,11.284378,2.3547924139275254,4.0067368499999985,5.545047312690621,0,200,C
7.952292560000001,2.636673,17.37323,2.507327593071699,7.590637150000001,6.28669165897872,0,200,0.9449232531670004,-3.2677307,8.6688385,1.7526635237188084,0.7943802,3.07182942737443,0,200,4.2258069624799965,-1.2496796000000001,18.05632,2.7201347255743404,4.04103855,7.399132925275392,0,200,C
8.518964828999996,2.8309326,18.713257000000002,3.0935269351286987,8.01628125,9.56990889836676,0,200,0.8020461280000007,-4.5995636,10.2668,1.8510382961946417,0.7594451999999999,3.426342773979163,0,200,3.4036668477500003,-4.117477399999999,10.752121,2.791094306446275,3.1801528500000003,7.7902074274768145,0,200,C
7.6146943432748495,2.9307708999999997,15.98201,2.513702582364442,7.1521149999999984,6.3187006725856625,0,171,0.41587240207105264,-8.499588000000001,7.4484863,2.001365558491333,0.44586182,4.005464098715325,0,171,4.86466374877193,-1.4150085,12.2873535,2.3187715158212425,4.5517883,5.376701342583941,0,171,C
-8.892510837500007,-9.060547,-8.703125,0.04881462671692173,-8.891601999999997,0.002382867781512409,0,200,1.4439678930000002,1.2354736000000002,1.6971741000000002,0.09119614633970567,1.4157867,0.008316737107213012,0,200,3.8110049389999983,3.5471802,4.022049,0.08283644315985482,3.8145676,0.006861876315375859,0,200,D
-8.852811909999996,-9.137314,-8.702866,0.03958877522192699,-8.849219999999999,0.0015672711235722606,0,200,1.3954797369999998,1.2754974,1.5589905000000002,0.0465643440426216,1.3839264,0.0021682381361196293,0,200,3.9029122139999988,3.7290650000000003,4.0275419999999995,0.06320964802383887,3.9104767,0.003995459603297597,0,200,D
-8.771348782500002,-9.357727,-8.469130999999999,0.1264415316097049,-8.735763500000001,0.015987460915808,0,200,1.6226915745,1.1427155,1.9648743000000002,0.22952975325525135,1.73755645,0.052683907629416576,0,200,3.972526098000001,3.3136597,4.2662505999999984,0.16350027222278374,4.00332635,0.026732339016924397,0,200,D
-8.662996750000001,-8.829666,-8.483871,0.05071175432368149,-8.657966499999999,0.002571682026585428,0,200,1.8253079234999992,1.6835175,1.9375763,0.044660085339037904,1.83107755,0.0019945232224901485,0,200,4.1054849985000015,3.9221343999999996,4.460251,0.07899531678718485,4.10844415,0.006240260074307689,0,200,D
-8.691061345000003,-8.8194275,-8.495102000000001,0.049933025035133485,-8.69088,0.0024933069891592678,0,200,1.7851563244999995,1.7017058999999997,1.8683777,0.024955109539710408,1.7849197499999998,0.0006227574921389455,0,200,4.081396940500001,3.6990203999999998,4.5421143,0.09143719846080592,4.0844346,0.00836076126236081,0,200,D
-8.660834130000005,-8.754974,-8.547028,0.037345203628691655,-8.664001500000001,0.0013946642340684446,0,200,1.7853691844999997,1.720993,1.8517609,0.02196859238294866,1.78453065,0.00048261905128815,0,200,4.120588912499999,3.9874115,4.315155,0.061340785809297464,4.115890500000001,0.003762692003702108,0,200,D
-8.643450627499998,-9.252213000000001,-8.129593,0.09253726057046932,-8.645401,0.008563144593886936,0,200,1.76275444,1.0834503,2.0280914,0.09071205767913612,1.75616455,0.008228677408382918,0,200,4.150070799500002,3.5097197999999996,4.7068176,0.1347913690194045,4.1496735000000005,0.01816871316212528,0,200,D
-8.564011322499997,-8.885864,-8.393494,0.07085923259921738,-8.55648025,0.0050210308445499926,0,200,1.7338974745,1.4350128,1.9827423,0.057583109992707625,1.7287979000000002,0.0033158145564322642,0,200,4.310377794999999,3.5747223,4.6633453000000005,0.11719849407749848,4.3206557,0.013735487014033449,0,200,D
-8.531421510000005,-8.641571,-8.3871155,0.042606494319863256,-8.536583,0.0018153133582285398,0,200,1.767958605,1.7084960999999999,1.902298,0.030858892015985368,1.76243595,0.0009522712164542457,0,200,4.345554968499998,4.1983795,4.6944427000000015,0.06861505423490427,4.341720649999999,0.004708025667658854,0,200,D
-8.573961762500005,-8.751236,-8.317413,0.06505780639872827,-8.573402,0.00423251817341441,0,200,1.720216981,1.2048492,1.9771881000000002,0.07247160156902868,1.72410585,0.005252133033980039,0,200,4.3010276225,3.9801940000000013,4.709244,0.1149923104236019,4.3071518,0.013223231456558024,0,200,D
-8.460374565,-8.60585,-8.268631,0.04923297914748772,-8.45545975,0.002423886235736961,0,200,1.6944551850000007,1.5955504999999999,1.8168793,0.0374394182487388,1.69744875,0.0014017100388039956,0,200,4.482090766500001,4.244964599999999,4.701126,0.062191457179134775,4.480179,0.0038677773460641545,0,200,D
-8.534702680000004,-9.054092,-8.328598,0.09347323590238506,-8.527053500000001,0.008737245830062928,0,200,1.7019612894999998,1.1737518,2.5927734,0.1525585963387399,1.6890258500000002,0.023274125316846583,0,200,4.3591960855,3.4787597999999997,5.1576843,0.17159621880985476,4.385109,0.029445262309839557,0,200,D
-8.627117642499996,-8.937119000000003,-8.042465,0.1096612564537542,-8.6135255,0.012025591167016049,0,200,1.6580570964999992,0.9782257,2.1461792,0.162921845879463,1.6316299499999998,0.026543527864771498,0,200,4.1980361230000005,3.6366577000000007,4.7649384,0.1794777341778558,4.249962,0.03221225706561706,0,200,D
-8.722651297499999,-9.189133,-8.071136,0.0696434960734086,-8.7259905,0.004850216545326878,0,200,1.6408474750000002,1.3964538999999998,1.7303925,0.041228306061304495,1.6435699499999998,0.001699773220684597,0,200,4.052550131999997,3.8608550000000004,4.250351,0.07164181094199891,4.061325150000001,0.0051325490750491155,0,200,D
-8.636113249000001,-8.9729,-7.712249799999999,0.10096670574860478,-8.645340000000001,0.010194275669725342,0,200,1.7189874269999998,1.5797577,2.2681273999999996,0.05824738839719715,1.71458435,0.0033927582550939365,0,200,4.171465987999999,3.9607239,5.9091797,0.1567350393338393,4.1501388000000015,0.024565872554980155,0,200,D
-8.747699727499999,-8.859314,-8.540787,0.056552704099488614,-8.753631500000001,0.0031982083409643164,0,200,1.720726241,1.6104126,1.8110962,0.02933948680931535,1.71949005,0.0008608054862339895,0,200,3.9721137255000034,3.7970428,4.3085327000000015,0.10274378715139554,3.9407425000000003,0.010556285798211272,0,200,D
-8.769732292499999,-8.833466,-8.722228999999999,0.023365435548745983,-8.7690275,0.0005459435783826027,0,200,1.7269610585,1.6777039,1.7728577,0.017077780198458528,1.7259064,0.00029165057650686223,0,200,3.929510953000002,3.8481598,4.020096,0.034949278882654776,3.928833,0.0012214520944175786,0,200,D
-8.783673061046517,-8.889617999999997,-8.647658999999999,0.035281212604068864,-8.78124225,0.001244763962813507,0,172,1.7389647069767435,1.5328522,1.9033203,0.044691331470743896,1.73860935,0.0019973151086279035,0,172,3.8988706005813967,3.6933135999999998,4.0915985,0.06761019418718299,3.9081497000000005,0.004571138358028593,0,172,D
-9.006917505000002,-9.380295,-8.713806,0.11939983617161715,-9.02313225,0.014256320877809016,0,200,0.7320742796399999,-0.29792786,1.3867493,0.2315916367696055,0.78393555,0.053634686221624886,0,200,-4.881860738999998,-5.6109160000000005,-4.3838196,0.2126643087268635,-4.870819149999999,0.04522610820627472,0,200,E
-9.152698919999997,-9.316559,-8.847412,0.07585691408170121,-9.15686,0.0057542714139986,0,200,0.8547866043999994,0.6940155,1.0203094000000001,0.0483545016779112,0.84868622,0.002338157832519117,0,200,-4.553411100999997,-5.121643,-4.2752075,0.15453825654537007,-4.55002585,0.023882072736082616,0,200,E
-8.834248600000002,-8.973343,-8.675522,0.059284208551035014,-8.843666,0.0035146173835226124,0,200,0.8644055161999998,0.5079345999999999,1.2062988000000001,0.08512357280396535,0.8686676,0.007246022646911988,0,200,-5.209696260500002,-5.6109620000000024,-4.9602356,0.10794766069071668,-5.18883515,0.0116526974485981,0,200,E
-8.841294497500002,-9.356017999999999,-7.9559630000000015,0.15810006649403502,-8.88874075,0.02499563102541829,0,200,0.8600685864999997,0.6460570999999999,1.0263062,0.05760452390496078,0.874137875,0.0033182811743171976,0,200,-5.189220515,-5.9198303,-4.818802,0.24580396976957844,-5.107254050000001,0.060419591554483836,0,200,E
-8.955819499999997,-9.045135499999999,-8.883881,0.03630558746648277,-8.949318,0.0013180956812864307,0,200,0.8317673483000001,0.7743225,0.92707825,0.025814042576706168,0.82935333,0.0006663647941519987,0,200,-4.974927064499998,-5.132537999999999,-4.801941,0.06451481695821151,-4.9777068,0.004162161607151537,0,200,E
-8.97020907,-9.087128,-8.841522,0.0424381238758336,-8.9683765,0.0018009943581005976,0,200,0.8388343048999998,0.7025299,1.0436707,0.04702328796891251,0.8372650150000001,0.0022111896114072717,0,200,-4.949706487999999,-5.1309814000000005,-4.7219999999999995,0.07299209487717316,-4.9638137,0.005327845914558249,0,200,E
-8.884689999000006,-9.478133999999999,-7.0699463000000025,0.29839494694936475,-8.9200745,0.08903954436491421,0,200,0.8824653620999999,0.5250244000000001,3.7574157999999995,0.23839681000746896,0.88298798,0.05683303902173725,0,200,-5.0760079860000005,-7.64682,-0.7148895000000001,0.5984933008121244,-5.030242799999999,0.358194231116992,0,200,E
-9.024115756999992,-11.611984,-7.4480743,0.4214504547132701,-8.990463499999999,0.17762048577802214,0,200,1.3095219430499998,-0.38787842,3.9363707999999997,0.5177544801184106,1.21351625,0.2680697016826856,0,200,-4.653025515,-5.7029114000000005,-2.258194,0.7335121589774097,-4.783264149999999,0.5380400873677008,0,200,E
-8.921648165,-9.228958,-8.654312,0.15771099633362773,-8.845802499999998,0.024872758364545538,0,200,1.1548134609999996,0.6857147,1.4648438,0.1360035096990968,1.16233065,0.018496954650472314,0,200,-4.957756874,-5.5696564,-4.2131805,0.3586808035206685,-5.1575165,0.1286519188142324,0,200,E
-8.9510113375,-10.672775,-8.539429,0.26768448193704064,-8.855888,0.07165498186990182,0,200,1.1055764752,0.8026886,1.6443938999999999,0.11502106493398175,1.0724716,0.01322984537854725,0,200,-4.903657997000001,-5.7115173,-3.0420227000000004,0.5265003058918251,-5.1311493000000015,0.27720257210418525,0,200,E
-8.814022287,-9.265137,-7.5854034,0.3044276752791115,-8.9024125,0.09267620947584418,0,200,1.08078430265,0.72488403,1.4491577,0.10841864821853224,1.0894469999999998,0.01175460328153384,0,200,-5.166281511999999,-6.507889,-4.2908173,0.5532512073522032,-5.0242385,0.3060868984366705,0,200,E
-9.0842490825,-9.335022,-8.930008,0.08152455298971474,-9.0753175,0.006646252740172807,0,200,1.0299151584000004,0.704422,1.2499083999999998,0.08999168038902443,1.01851655,0.008098502539240325,0,200,-4.669211419999999,-4.996628,-4.1904755,0.16904969314129895,-4.71924585,0.028577798751167338,0,200,E
-8.995097317499992,-9.524796,-8.49794,0.1339460478483742,-8.999588000000001,0.01794154373419895,0,200,1.0563941943000004,0.7007141,1.4107361,0.10369211770302324,1.0440445,0.010752055273737623,0,200,-4.838778088000001,-5.5821074999999984,-3.9955902,0.23187512213808625,-4.8415374500000015,0.05376607226655241,0,200,E
-9.103122792,-9.418411,-7.310226400000001,0.17219430441883365,-9.136017,0.029650878474285963,0,200,1.2048213222499995,0.60710144,1.9160004000000002,0.12723320748466116,1.2080383499999998,0.016188289086834836,0,200,-4.5663298024999985,-6.0094910000000015,-4.001938,0.2358077254635477,-4.51525125,0.0556052833882919,0,200,E
-9.027341342500003,-9.276245,-8.835525500000003,0.0689943489088652,-9.021286,0.004760220181358229,0,200,1.04345512335,0.60728455,1.4500885000000001,0.11613926136524445,1.03405,0.013488328030464562,0,200,-4.797136763500002,-5.066467299999999,-4.4367980000000005,0.1287752243554863,-4.8041456999999985,0.016583058407805832,0,200,E
-8.994462584999997,-9.198822,-8.663681,0.06179068176625395,-8.997634999999997,0.003818088353138468,0,200,1.0019918834499997,0.8371124,1.1526947,0.05243779573382076,0.998672485,0.00274972242142191,0,200,-4.872687989500001,-5.134369,-4.6464996,0.08867091238843224,-4.8727798500000015,0.007862530703797025,0,200,E
-9.037641450000004,-9.423264,-8.897705,0.07540726554240591,-9.0203325,0.005686255696582918,0,200,1.0136190033499992,0.8140869000000001,1.4997101000000002,0.09670929461150016,0.9854126,0.009352687664253937,0,200,-4.771114958999999,-5.142868,-4.1599580000000005,0.1864731732992094,-4.8353652999999985,0.03477224436027698,0,200,E
-9.077227845930237,-9.269943,-8.9014435,0.08873157165626916,-9.094818,0.00787329180859163,0,172,1.0848417040697682,0.80570984,1.4863434,0.088970941781047,1.0737686000000002,0.007915828481406454,0,172,-4.675664697093021,-5.0045166,-4.362198,0.19198039157976904,-4.6314392999999985,0.03685647075112145,0,172,E
6.022071911499999,5.798935,6.2135315,0.0817751156375519,6.038452000000001,0.006687169537534985,0,200,3.4575032829999994,3.3056793,3.6875,0.06630057344948281,3.4499817000000004,0.004395766039730266,0,200,6.036701051499997,5.8964386,6.2183227999999975,0.06543019150352251,6.0385893500000005,0.004281109960187629,0,200,F
6.162193831999997,5.8629456,7.0644990000000005,0.2044730341423912,6.104576,0.04180922169139547,0,200,3.4548326895000017,2.5270080000000004,4.8209534000000005,0.16372467376241764,3.4559632000000007,0.02680576879861009,0,200,5.891871028500002,4.947296,6.2825623,0.2064010062127017,5.9576645,0.04260137536561572,0,200,F
6.028103179000003,5.684173599999999,6.620117,0.13715423197608126,6.00709525,0.018811283348948705,0,200,3.4034627515000024,3.2167816000000005,3.8297272000000007,0.09741145641671274,3.3827896500000003,0.009488991841225123,0,200,6.0531480345,5.4532776,6.3825684,0.15738866595940787,6.0903548500000015,0.024771192172482075,0,200,F
6.418423850499997,6.164154,6.5944366,0.0632681764962068,6.41916655,0.004002862157155175,0,200,3.3672477735000013,3.140564,3.8335571,0.0983453822895597,3.3510742,0.009671814217679642,0,200,5.684368676999997,5.347275,5.886734,0.07749148347218661,5.6950759999999985,0.006004930010720171,0,200,F
6.406547696499997,6.1819305,6.6265564,0.06886520738817475,6.406929,0.004742416788616319,0,200,3.3361794334999995,3.0467987,3.5771027,0.07430801871354525,3.3387985000000002,0.005521681645132592,0,200,5.712013164999999,5.5679474,5.933975,0.06755600778877001,5.7047653999999985,0.004563814188356354,0,200,F
6.4256526900000015,6.269516,6.6123505000000025,0.07144651251766586,6.42485035,0.005104604150936985,0,200,3.284035799,3.0373077,3.5776062000000004,0.06985899802129572,3.27946475,0.004880279604539399,0,200,5.709778512000003,5.527466,5.8501587,0.06987806170414355,5.7170182,0.004882943507528095,0,200,F
6.4064433355,6.2521057,6.6464996,0.06531180961795695,6.40216825,0.0042656324755722536,0,200,3.393644566000002,3.2208862000000003,3.6204987,0.06484692398598925,3.39240265,0.004205123550444668,0,200,5.678194351000001,5.427887,5.882583599999999,0.07281076957663546,5.68208315,0.005301408166341904,0,200,F
6.265599822499998,5.8173980000000025,6.691940299999999,0.16591399378764873,6.275466850000001,0.027527453334567947,0,200,3.390834501999998,3.1419982999999996,3.8516845999999996,0.09844055481418072,3.3740157999999996,0.009690542832123715,0,200,5.820890519499999,5.327483999999999,6.15152,0.183959051240966,5.826583900000001,0.03384093253347635,0,200,F
6.263158489500003,6.0473175,6.4891357,0.1189166676347628,6.264801,0.01414117384135664,0,200,3.274233933500001,3.0876465,3.475586,0.07796402716153296,3.2630310000000002,0.006078389531244247,0,200,5.885832581999997,5.7239379999999995,6.097473,0.09844976760265288,5.86132815,0.009692356741016357,0,200,F
6.288759537499996,5.5488586,6.524704,0.21351217351136045,6.3474425000000005,0.045587448237545285,0,200,3.366934355999998,3.0950928,4.222473,0.1844407169071716,3.3037567,0.034018378053231414,0,200,5.8150036605,5.5599365,6.4501343,0.1404270559779265,5.7929534999999985,0.01971975805062771,0,200,F
6.847179798000008,5.377823,9.225525,1.0186211176413018,6.4838027,1.0375889813048147,0,200,3.757918548999998,2.0011902,4.874709999999999,0.4754112525288898,3.91635135,0.2260158590310878,0,200,4.612272486,1.0776367,6.6262206999999975,1.6014324100969979,5.768310550000002,2.56458576410908,0,200,F
6.328564074499996,5.5679625999999995,6.5482025,0.1336951874777073,6.3292540000000015,0.017874403154699302,0,200,3.315387037,2.67807,3.8948669999999996,0.12885036931638955,3.3168182,0.01660241767296999,0,200,5.7977980849999975,5.5513763,6.4580230000000025,0.13939988755457994,5.77532965,0.01943232865022953,0,200,F
6.410211415999999,5.930542,6.613266,0.13520125144579584,6.4631805500000015,0.01827937839250931,0,200,3.207122648500002,2.7269134999999998,3.6111907999999997,0.14506198530973094,3.1881561,0.021042979582000604,0,200,5.766454692500003,5.407669,6.2018889999999995,0.10696077679541872,5.73792275,0.011440607772679386,0,200,F
6.439385756,6.1662903,6.608658,0.07408775648042376,6.44851685,0.005488995660302574,0,200,3.177310340500002,2.9078673999999998,3.6762848,0.09132543228413448,3.1663666,0.008340334581884034,0,200,5.753235011500004,5.558700599999999,6.068115,0.0692523398844064,5.74059295,0.0047958865794653464,0,200,F
6.439028849000001,6.328674299999999,6.567932000000001,0.050566658541518,6.43836215,0.0025569869560544763,0,200,3.1207453935,2.921646,3.2969817999999997,0.0524062338800314,3.1167602500000005,0.002746413349488551,0,200,5.777928236499998,5.6591644,5.9549866,0.050823456411951316,5.780517700000001,0.002583023721657516,0,200,F
6.305564270499996,5.9086304000000025,7.2927704,0.2665959378800188,6.22238915,0.07107339409412684,0,200,3.088726196000002,2.3311462000000005,3.8085937999999993,0.2249060917698356,3.03884125,0.0505827501151817,0,200,5.9236758405,4.7182007000000015,6.401764,0.3022487961231831,6.03260035,0.09135433475791352,0,200,F
6.2691017915,5.9823455999999995,6.495941,0.07160301452759486,6.2710572,0.005126991689438961,0,200,2.956305465500002,2.738739,3.1342925999999998,0.06511824761515779,2.963005,0.004240386172469004,0,200,6.027517929999999,5.921371499999999,6.2122955,0.05422025049631565,6.0234222000000015,0.002939835563883218,0,200,F
6.315410980924852,6.2183227999999975,6.5086975,0.0570705305789975,6.3075410000000005,0.003257045460568289,0,173,2.927727232369942,2.8243866,3.085907,0.04422275712493818,2.9280396,0.0019556522477312717,0,173,5.997458487861269,5.755127,6.127746599999999,0.06772678444439785,6.0039824999999984,0.004586917331177931,0,173,F
7.5398009565000015,4.072983,19.156738,1.9320113603384572,8.1668625,3.732667896476857,0,200,1.3157196064925003,-2.2865447999999997,6.0423584,1.2761340690653078,0.8583373999999999,1.6285181622291802,0,200,-0.08145201530000037,-6.5730133,17.617813,5.59905352220696,-3.58544925,31.34940034453816,0,200,G
8.396111339999996,4.808975,9.67157,0.4217635988733568,8.43388375,0.17788453333460574,0,200,0.5439454646669999,-2.529129,2.5092163,0.4932160070529312,0.60083772,0.24326202961323706,0,200,-5.0394531209999975,-5.946884,-3.506012,0.4730964225828234,-4.97963715,0.22382022506066546,0,200,G
8.296245889999996,8.07547,8.705109,0.11613312440667027,8.283592500000001,0.013486902584455158,0,200,0.7942478929500001,0.3631897,1.1156158,0.1287794204802295,0.81276705,0.016584139139223755,0,200,-5.239147572000002,-5.6046295,-4.4134519999999995,0.19487851592376115,-5.24454495,0.03797763596864763,0,200,G
8.206386321500004,7.2202454,8.830292,0.2378672689020513,8.237067999999999,0.05658083761492079,0,200,0.8185395806500004,0.15258789,1.5773315,0.18642897728034066,0.81375122,0.03475576356979376,0,200,-5.418525002999999,-6.7894134999999975,-4.503784,0.3303559055529309,-5.3326262500000015,0.10913502433369696,0,200,G
8.076041428,5.6533356,9.6484375,0.6693940080267575,8.181327499999998,0.4480883379821267,0,200,0.7838524612200003,-0.07839966,2.2009125,0.2560614389385544,0.850868215,0.06556746051128301,0,200,-3.70525032145,-5.820572,7.1650543,3.911044257711324,-5.4123459,15.296267185776724,0,200,G
5.4254576835,2.186493,8.577026,1.1483093902314947,5.348396300000001,1.318614455693827,0,200,2.0705938730164997,-0.934494,4.3573,1.5208435620816991,2.9848709,2.312965140325351,0,200,6.809108499499995,4.1052856,8.814819,0.7488496747151491,6.93497465,0.5607758353209846,0,200,G
5.562108619000004,2.3000792999999997,12.24324,1.8040074357899996,4.850318900000001,3.2544428283856086,0,200,2.9112139179200005,-1.430603,4.405594000000002,1.1035359423356543,3.3281021500000003,1.2177915760266405,0,200,4.638808970000002,-6.558227499999999,8.893051,4.738201073159729,6.930702200000002,22.450549409692,0,200,G
7.5394172640000034,6.651977499999999,8.27594,0.2824257481758209,7.6172485,0.07976430323267222,0,200,1.00322662195,0.30264282,1.9526061999999997,0.2691224200797126,0.976783755,0.0724268769895613,0,200,-6.394597180500004,-8.199982,-5.376739499999999,0.3852211085685362,-6.28978735,0.14839530248677196,0,200,G
7.601783294500001,6.9555054000000025,8.365890499999999,0.15751733992470446,7.606537000000001,0.02481171237695488,0,200,0.7860472118999999,0.18275452,1.3074341,0.1963228201323183,0.790260315,0.038542649704706604,0,200,-6.3443359430000035,-7.019699,-5.4309387000000005,0.1792206221044826,-6.34315495,0.032120031387517754,0,200,G
7.5046176155,6.657135,8.010162,0.21393260206667425,7.55631265,0.045767158227018,0,200,0.7854660805499999,0.22821045,1.7681427,0.20636183636021388,0.7543335,0.04258520750595969,0,200,-6.474663845499999,-7.653961,-6.013855,0.2561438900391837,-6.4231567,0.06560969240440545,0,200,G
7.403446039000003,7.031311,7.7534485,0.15426787566079453,7.41283415,0.02379857746089436,0,200,0.7083227549,0.35482788,1.053772,0.14570358628257285,0.70842743,0.02122953505560315,0,200,-6.614561855499996,-7.0444183,-6.1058197,0.18569937153962188,-6.60318765,0.03448425659021053,0,200,G
7.537508852500006,6.6753235,7.9982147,0.19315668721486515,7.586532700000001,0.03730950581582125,0,200,0.6274127183500002,0.09994507,1.6938933999999997,0.23881497576957136,0.581993105,0.05703259265182095,0,200,-6.4345900759999966,-7.283492999999999,-6.163437,0.18233358014548792,-6.4032822,0.033245534448671066,0,200,G
7.537812883499995,7.227463,8.165344000000001,0.09918767562872087,7.529068,0.009838194996628349,0,200,0.72600074845,0.29438782,1.0576477,0.11665627206482965,0.7273940999999999,0.013608685812063554,0,200,-6.451485514999997,-6.876953,-5.7430879999999975,0.1344647837287855,-6.46063235,0.01808077806322906,0,200,G
7.53045334,6.794739,8.057877000000001,0.17040161544040808,7.553443799999999,0.02903671054470072,0,200,0.6921550747999998,0.23332214,1.1646118,0.17815564726612462,0.6843337999999999,0.031739434652811815,0,200,-6.450704586499996,-7.183441,-5.831924400000001,0.2028698286676284,-6.41793835,0.0411561673836329,0,200,G
7.479423980499997,6.650009,8.306289999999999,0.20644801241435615,7.520217999999999,0.04262078182983817,0,200,0.6773914362499994,0.12922668,1.5925751,0.17467245845290805,0.66043854,0.030510467741982888,0,200,-6.531341405500001,-7.469421400000001,-5.6015015,0.24405563081526674,-6.476082,0.059563150932637775,0,200,G
7.690240716499997,6.636856,8.178101,0.2182919763649121,7.7414323000000005,0.047651386945299336,0,200,0.8266009517000006,0.4012146,2.2557068,0.26401962537451945,0.7692184449999999,0.06970636258290161,0,200,-6.2077523774999985,-7.488861,-5.663727,0.2383863903615331,-6.1671143,0.05682807110960124,0,200,G
7.547864611499993,6.857406599999999,8.011002000000001,0.20511279244767644,7.593948249999999,0.0420712576256836,0,200,0.7712891393999999,0.29522705,1.3830871999999999,0.1906405124749435,0.730621325,0.03634380499670909,0,200,-6.424113923499999,-7.567383,-5.807068,0.28246068968175503,-6.37355815,0.0797840412154927,0,200,G
7.463736429651159,5.549988,9.821823,0.7712633245108947,7.5782015,0.5948471157355978,0,172,0.5314803004534883,-0.73576355,2.2408295,0.5551159112264199,0.5701980600000001,0.3081536748967385,0,172,-3.0442730330813967,-7.3416595000000004,7.3661194000000005,5.3916406863520505,-6.1770935,29.06978929072682,0,172,G
8.304363805000003,7.754119999999999,8.702515,0.16365935962968292,8.344002,0.026784385994397884,0,200,3.725224226000001,3.3913269999999995,4.121475,0.11852471917728002,3.7142182,0.014048109056053092,0,200,2.2451670835,1.5823975000000001,3.4102172999999993,0.4213486243352925,2.14450835,0.17753466322924347,0,200,H
7.641740051999995,7.1977997,8.418137,0.2058644657622096,7.61878965,0.04238017826355997,0,200,3.6802767954999984,2.9324493,4.217865,0.18861138269924652,3.6938019,0.035574253683721635,0,200,3.7952961745,3.0827484,4.564056400000001,0.33027634964645863,3.8242798500000013,0.10908246713578977,0,200,H
7.2054834734999975,6.5216827,8.147842,0.36290488409873056,7.1673585000000015,0.13169995490271305,0,200,3.776106409500001,2.7559967,4.423813,0.3537146741311905,3.685585,0.1251140706957343,0,200,4.397317267000002,2.7534027,5.0364227,0.4713110331075801,4.535591200000002,0.2221340899289345,0,200,H
6.1140986615000035,5.660217299999999,7.1421204,0.3018149543424096,6.0355911,0.09109226666471076,0,200,3.9623861755000007,3.3769989999999996,4.5573273,0.19232318837582585,3.9818114999999996,0.03698820878704339,0,200,5.627312086500001,4.321960400000001,6.3247222999999995,0.3831775664899935,5.714126500000001,0.1468250474611934,0,200,H
5.8855332084999965,5.2167816,6.760162400000001,0.29784568298055425,5.885848999999999,0.08871205087015284,0,200,3.8580016235000003,3.4270629999999995,4.302582,0.196802945842174,3.8810501000000004,0.03873139949215766,0,200,5.916793598999997,4.978058,6.750992,0.33698345548948355,5.9040374999999985,0.11355784927363274,0,200,H
5.668598997,5.0272675000000016,6.1960296999999995,0.2871525055522636,5.8274918,0.08245656144494276,0,200,3.663556747,3.4268036,4.156723,0.10363698568349618,3.64472195,0.010740624801561191,0,200,6.2213004345000025,5.735580400000001,6.7775419999999995,0.2281930207874844,6.116226299999999,0.052072054736117285,0,200,H
5.698421022499998,5.552002,5.815811,0.05644551763034625,5.7054291500000005,0.003186096460557729,0,200,3.622945257499999,3.4389648,3.7249146,0.04526816904069823,3.631156900000001,0.002049207128297229,0,200,6.2261545475,6.1019287,6.4518433,0.058380821894994474,6.2150345,0.0034083203651350666,0,200,H
5.680520407,5.5442504999999995,5.8107147,0.04529224731398967,5.6870652,0.002051387666751604,0,200,3.640589678,3.4600372000000004,3.8034972999999996,0.034300796444478386,3.63977815,0.0011765446367255415,0,200,6.234167932000003,6.025176999999999,6.4366302000000015,0.04664561585567782,6.227500900000001,0.002175813478555462,0,200,H
5.643849412499998,4.9075317,6.2438507,0.17392314109688795,5.638649,0.030249259009008007,0,200,3.730250237000001,3.4952697999999995,4.4498596,0.15953043045744594,3.6655197,0.02544995824193801,0,200,6.209101560000002,5.6748505,6.527588,0.18994706033856304,6.2644500500000015,0.0360798857312617,0,200,H
5.445955209,5.226043700000001,5.644806,0.08514947854048081,5.43536365,0.007250433695715803,0,200,3.7247403704999984,3.5809326,3.8599699999999997,0.04582470767507864,3.7269745000000003,0.0020999038335064108,0,200,6.384679804999998,6.204117,6.5251160000000015,0.06750699189264879,6.386077800000002,0.00455719395439415,0,200,H
5.392774274,5.160614,5.802154499999999,0.12348638323385708,5.35251615,0.015248886844179022,0,200,3.7131683339999983,3.359024,3.837265,0.0638503942803427,3.71880345,0.004076872849755219,0,200,6.431551898500002,5.8824615,6.6436768,0.10397992285041638,6.45204165,0.010811824355978543,0,200,H
5.5063147855000025,5.2134550000000015,5.8197480000000015,0.2019490335485982,5.607261499999999,0.04078341215121284,0,200,3.6916944875000013,3.5087737999999997,3.9424744,0.06853175040517624,3.70175935,0.004696600813597374,0,200,6.345869829999998,6.0490875,6.7237854000000015,0.14505725662749058,6.2792358,0.02104160770029366,0,200,H
5.7094324440000035,5.506271400000001,6.653824,0.2365181657898656,5.6348724,0.055940842748602365,0,200,3.6828742164999966,3.172821,3.834015,0.07316116467393004,3.693367,0.005352556016445909,0,200,6.177467727000001,5.1317444000000005,6.3638916,0.23393945087859805,6.24795535,0.05472766667738,0,200,H
5.854125898500005,5.354782,6.397522,0.22372552689659805,5.879219000000001,0.050053111385160415,0,200,3.6497507454999982,3.460968,4.0406036,0.08542511662648239,3.64215085,0.007297450550648119,0,200,6.070357362500001,5.4811554000000005,6.6102295,0.21242403246575084,6.064300500000001,0.045123969569010366,0,200,H
6.006516727500002,5.4770660000000015,6.349106,0.1135863491460665,5.990371650000001,0.01290185871233212,0,200,3.602730563,3.474701,3.8301086000000004,0.04435188719392155,3.60134125,0.0019670898976623425,0,200,5.9531853455,5.5729675,6.3118744000000016,0.10701228961384557,5.963928,0.011451630128397564,0,200,H
5.978422475000002,5.8731995,6.244293,0.05491492163497596,5.971420500000002,0.0030156486181755512,0,200,3.609926451500004,3.3354187000000004,3.708786,0.04392217993290965,3.6155777,0.0019291578900588907,0,200,5.981200562000003,5.756133999999999,6.1147003,0.05201030082136235,5.9826812500000015,0.002705071391528605,0,200,H
5.939401846999999,5.854019,6.1021423,0.031919878643841604,5.938797,0.0010188786526375752,0,200,3.5934155980000013,3.4329681000000005,3.7177887000000003,0.03146815259786004,3.595108,0.0009902446279222057,0,200,6.024963382499998,5.9421997000000015,6.191299400000001,0.035566861764060126,6.02183535,0.001265001655743762,0,200,H
5.937261328323699,5.861664,5.992508,0.0224741780281736,5.9391937000000015,0.000505088678042041,0,173,3.5934775433526003,3.5079498,3.6731873,0.02636427454918924,3.5958862000000003,0.0006950749725050275,0,173,6.026692662427747,5.946960400000001,6.1100769999999995,0.030430787086256964,6.0290833,0.0009260328026891034,0,173,H
8.861279824999997,8.401245,9.1923065,0.11160768323771587,8.885071,0.012456274957690328,0,200,1.2709219366999998,0.6247100999999999,2.0968018,0.10943108503646902,1.27529145,0.011975162372258914,0,200,2.642924041499997,2.342865,3.6024627999999996,0.23538353621915786,2.5664902,0.055405409123035605,0,200,I
8.040896273999994,6.4239654999999996,9.40033,0.3838115254742316,8.0628815,0.14731128708685673,0,200,1.4086941497999996,-0.07191467,3.1638641,0.4522421178707442,1.3077469000000002,0.2045229331762161,0,200,4.295269772000002,2.6769104,6.1330566,0.4906828608759304,4.32489025,0.2407696699573877,0,200,I
6.5444555609999995,3.1192474,8.006989,1.4435936741030737,7.4123459,2.083962695910412,0,200,1.7997512793499997,-0.702713,3.836792,0.7927520315637049,1.5203171,0.6284557835483814,0,200,5.896253515000003,4.488144,9.487762,1.1368430060503238,5.2672500000000015,1.2924120204055367,0,200,I
3.8821427120000016,2.8793029999999997,5.254654,0.2992211342883285,3.88624565,0.08953328720479392,0,200,3.022818146999999,2.5929108,4.165207,0.2704246685892123,2.9442291000000003,0.07312950138158532,0,200,7.698369292500002,6.4378357,8.509888,0.25974799866581844,7.72935485,0.06746902281089802,0,200,I
3.1917677299999987,2.753891,3.6739197,0.17497899795914773,3.15449525,0.030617649726787433,0,200,3.055519716500001,2.68779,3.386032,0.16552409279716168,3.04641725,0.02739822529632339,0,200,8.004800434999996,7.662201,8.485184,0.10564844429667967,8.0251845,0.011161593782308632,0,200,I
3.2236437245,3.03685,3.3357544000000003,0.04146405157511466,3.2212982500000003,0.0017192675730237686,0,200,2.9465334375,2.7953491,3.0583496,0.04424080691966025,2.94683835,0.0019572489969026585,0,200,8.029392861500003,7.9020996,8.152283,0.03930216747039562,8.031044000000001,0.001544660367871024,0,200,I
3.237158894,3.1269683999999995,3.3565826000000003,0.04656933626121069,3.23787685,0.0021687030798097128,0,200,2.966787797499998,2.8873901,3.0672759999999997,0.032042436454498065,2.9642411,0.0010267177339405463,0,200,8.015659724000002,7.8525543,8.10788,0.03707295211556864,8.017296,0.0013744037785632449,0,200,I
3.221304931000001,3.1136017000000002,3.3653412000000005,0.04038300289720313,3.2178192,0.0016307869229955163,0,200,2.9933422084999988,2.9134827000000003,3.0703125,0.028193774296795936,2.99419405,0.0007948889090986713,0,200,8.016952125000005,7.9113007,8.117065,0.034283658184526215,8.015152,0.001175369218513432,0,200,I
3.527121049999997,2.9140472,4.5230255,0.2582408307546377,3.52523045,0.06668832666884544,0,200,3.059186779,2.6097412,3.643158,0.126760215890642,3.0462341000000004,0.016068152332642163,0,200,7.8524859499999975,6.961334,8.252975,0.1762682999121111,7.8734512,0.031070513553905943,0,200,I
3.5123441285,2.9436492999999997,3.9324187999999993,0.1709497026576517,3.51462555,0.02922380083873953,0,200,3.1520648195000014,2.4356383999999998,3.878128,0.1789829532513245,3.14167785,0.0320348975545658,0,200,7.831016409999995,7.284683,8.523010000000001,0.13494718682828089,7.815505999999999,0.018210743232866942,0,200,I
3.6018463104999983,3.1489257999999998,4.0839996,0.08542885195006701,3.6045914,0.0072980887455064685,0,200,3.1743594310000014,2.7682189999999998,3.7995300000000003,0.06870064764851103,3.1745452999999997,0.004719778987324863,0,200,7.781687017999997,7.4735869999999975,8.493271,0.07049073669695251,7.78043365,0.0049689439600790865,0,200,I
3.6532662974999983,3.1648865,3.8881072999999997,0.08941832925279272,3.65673065,0.007995637606360847,0,200,3.2519700614999985,2.9893494,3.611068700000001,0.06129386465725738,3.2511215,0.0037569378446221852,0,200,7.729514473500003,7.4936979999999975,7.937713599999999,0.05735976063789961,7.729911800000001,0.003290142140437138,0,200,I
3.7087667050000017,3.5787506000000002,3.8197937000000004,0.047753946943253515,3.71004485,0.0022804394486590717,0,200,3.2778751415000014,3.1718292000000003,3.3510437000000004,0.034812071134606944,3.28019715,0.0012118802966809338,0,200,7.690372237000009,7.5928955,7.795486500000001,0.040720287102337764,7.69385525,0.0016581417816968155,0,200,I
3.7300614975000026,3.5738983,3.983261,0.08872805877916938,3.70012665,0.007872668414719734,0,200,3.2964244859999985,3.0852202999999996,3.4357300000000004,0.04351729368906351,3.2934265,0.0018937548500202067,0,200,7.677221376500003,7.4964905,7.860977,0.06300322304250805,7.6879959000000015,0.003969406113744018,0,200,I
3.7664059470000018,3.6158752,3.9924927,0.07170000655783487,3.7652741,0.005140890940393564,0,200,3.3232461505,3.2470092999999998,3.417328,0.03298101104506765,3.32006835,0.0010877470895548744,0,200,7.6478002210000025,7.4523315000000006,7.782364,0.05463235506899532,7.648940999999999,0.002984694220384778,0,200,I
3.8250668300000013,3.5956268,3.9890747,0.06595487886832999,3.83531185,0.004350046046536081,0,200,3.3305111640000016,3.18161,3.441925,0.039532437191256084,3.3291016000000004,0.0015628135902806073,0,200,7.615317380499996,7.481003,7.773193400000001,0.04930798728217031,7.6112365,0.002431277609818669,0,200,I
3.8213736674999983,3.6184082,3.9528656000000004,0.065190586729561,3.83583835,0.0042498125981444155,0,200,3.355811081,3.2548065,3.4502716,0.03538845783175198,3.3519898,0.0012523429477096885,0,200,7.6085131025000035,7.490692,7.800644,0.0476851218137903,7.606613,0.00227387084239602,0,200,I
4.478658283139538,3.5068207,7.7953033,1.0543477944181847,3.91455845,1.1116492715944906,0,172,3.5764727877906988,3.012848,5.1577454000000005,0.4723039999795914,3.36725615,0.22307106839672192,0,172,6.980767177906983,2.8718872,7.8848114,1.2044959628549727,7.554802,1.4508105245339278,0,172,I
4.543340459000001,4.196212999999998,4.974121,0.1238543091760647,4.53504935,0.015339889901480224,0,200,3.464814072500001,3.3384093999999997,3.583725,0.04749929666918483,3.4671936000000003,0.002256183184067233,0,200,7.161098080500003,6.9472656000000015,7.374053999999999,0.09074678671663863,7.1591568,0.008234979299395104,0,200,J
4.600827025500002,4.0494843000000005,5.6831055,0.1916361652946656,4.5905608,0.0367244198488444,0,200,3.4714690455,3.1799622000000003,3.7476044,0.06797870651833487,3.46497345,0.004621104539905905,0,200,7.1188693364999995,6.2742004,7.4896850000000015,0.1537726658868486,7.135483,0.023646032773948368,0,200,J
4.738826520000001,4.1867980000000005,5.3769836,0.17124814963446985,4.741798300000001,0.029325928753229768,0,200,3.5119368760000005,2.956253,3.8055725,0.09990371513905098,3.5197525,0.009980752298584649,0,200,7.009784933000003,6.5443573,7.4991759999999985,0.13789841691786306,7.0006942500000005,0.01901597338845277,0,200,J
4.814255677500001,3.786255,6.188492,0.3485715216163169,4.8760834000000015,0.12150210568191452,0,200,3.462844704499999,3.0400543,4.1411896,0.1529430281663243,3.44920345,0.023391569864685068,0,200,6.9762044545000075,5.7305145,7.7391357,0.2995984153499967,6.961433400000001,0.08975921048022913,0,200,J
4.834379115500001,4.643692,5.0086059999999994,0.09891671166719083,4.8515625,0.009784515847050168,0,200,3.434808352000001,3.3254851999999997,3.5783386,0.040125094015439185,3.4284972999999996,0.0016100231697478338,0,200,6.984138198999999,6.8435364000000005,7.151717999999999,0.07540443685928189,6.981956500000001,0.005685829098065429,0,200,J
4.807305599499999,4.629257,5.2590027,0.07810701223316066,4.80298615,0.0061007053599911095,0,200,3.470219349999998,3.296814,3.8723601999999997,0.07580041974743702,3.4589081000000004,0.0057457036338876425,0,200,6.984308552000003,6.7611237000000015,7.1538086,0.06145373967179245,6.9927977499999985,0.0037765621196484377,0,200,J
4.845579304000001,4.556885,5.6113434,0.14285081214807355,4.8110735,0.0204063545313642,0,200,3.4804850759999986,3.1665343999999997,3.7234192000000004,0.10248262231251047,3.4892807,0.010502687876048671,0,200,6.951173014499997,6.3602295,7.155411,0.11404854693780045,6.9696807000000005,0.01300707105862367,0,200,J
4.8497003895000015,4.670761,5.244095,0.09303565477908676,4.84284975,0.008655633060173409,0,200,3.411392284000001,3.250885,3.6380157,0.05426295344142328,3.411026,0.002944468116186071,0,200,6.981678234999998,6.704254,7.133255,0.07048533080600564,6.985603299999998,0.0049681818588320475,0,200,J
4.823742219000002,4.613159,4.97641,0.05981081293907405,4.8298033500000015,0.003577333344432908,0,200,3.4630595410000016,3.3756104,3.7257233,0.060056012493871415,3.4501648,0.003606724636664039,0,200,6.980115737500001,6.810425,7.172516000000001,0.050829649099597286,6.980575550000001,0.002583653227588191,0,200,J
4.7480059075000005,4.569107,5.1036224,0.07062347190030133,4.7378845,0.00498767478325265,0,200,3.495232315,3.3419342000000003,3.742691,0.057639407945977286,3.4877167,0.0033223013483627893,0,200,7.013461226499996,6.79776,7.148315400000001,0.058472964901706816,7.0156402,0.0034190876243962373,0,200,J
4.7859042255,4.442474400000001,5.159622,0.10490566722351297,4.76121515,0.011005199015610442,0,200,3.514141692499998,3.3413696,3.686615,0.048474016158077525,3.50800325,0.0023497302424935608,0,200,6.978934875499999,6.45105,7.198653999999999,0.08349236174965488,6.9921951500000015,0.006970974470535231,0,200,J
4.941477353500001,4.667877,5.8066406,0.3381800690553642,4.77117155,0.11436575910629088,0,200,3.5211540265000023,3.4147797,3.6577300000000004,0.036239945604436406,3.51668545,0.0013133336574125095,0,200,6.8616593050000025,6.113861,7.1688538,0.2684101803081376,6.98910515,0.07204402489304691,0,200,J
5.2216686260000005,4.8265839999999995,5.597809,0.2086934689775317,5.27628325,0.04355296399387598,0,200,3.5755803634999985,3.3426056000000006,3.8342896,0.07632101759252764,3.5661926,0.005824897726358913,0,200,6.639509584999997,6.352005,6.964035000000001,0.15890447842704314,6.5985489,0.02525063326417063,0,200,J
5.199575279000003,4.481491,6.1098785000000015,0.4524569423610062,4.92824555,0.20471728469067088,0,200,3.4910648359999983,2.9291840000000002,4.0883484,0.1433781678511399,3.4679413,0.02055729901634965,0,200,6.672287444499999,5.6223906999999995,7.649063000000001,0.4056874727561704,6.89736935,0.16458232555128852,0,200,J
4.8243774435,4.489792,5.110244799999999,0.103300352786009,4.821701149999999,0.010670962885713916,0,200,3.4622393045000015,3.2307587000000004,3.799057,0.07246100863246799,3.4611205999999997,0.0052505977720346,0,200,6.974768903999998,6.673462,7.2723694000000005,0.08228372631269443,6.9923402,0.0067706116159024,0,200,J
4.6766407795,3.4968872,5.2030945,0.30864464390108737,4.642700199999998,0.095261516208829,0,200,3.582503893,3.1474762000000003,4.2473754999999995,0.1527495060089187,3.5795364500000004,0.02333241158596869,0,200,7.010738825500003,6.163803,7.8017119999999975,0.21772357697356928,6.997665399999999,0.04740355597016575,0,200,J
4.568787002499999,3.8654785000000014,5.570648,0.15463922023639556,4.56282045,0.02391328843532044,0,200,3.8307843800000017,3.3643646,4.2343445,0.1368238306894225,3.81947325,0.01872076064452776,0,200,6.968926755000001,6.5084230000000005,7.264862,0.1255227051150976,6.988128700000001,0.01575594949941175,0,200,J
4.36477394883721,4.049118,4.791855,0.10542110149424126,4.3472595,0.011113608640259115,0,172,3.2397415720930223,2.9785767000000005,3.747635,0.10725969377441358,3.21929935,0.011504641908580974,0,172,7.362174542441861,7.0535583,7.6306762999999975,0.10310211142440713,7.3865129000000005,0.010630045380170865,0,172,J
8.868955285,8.689803999999999,9.144196,0.07006487517980095,8.865654000000003,0.004909086733961086,0,200,1.6048887654999997,1.2069397,1.8276978,0.12512642350366993,1.64559935,0.01565662185881976,0,200,2.4900479894999985,1.9524078,2.8904113999999996,0.1402266187842686,2.49121095,0.019663504615668587,0,200,K
8.856562055000007,8.423599000000001,9.346664,0.1710748689829681,8.874695,0.029266610797539692,0,200,1.3546961950500005,0.41221620000000003,2.0683439999999997,0.2713568626573646,1.36023715,0.07363454691124782,0,200,2.591335756000002,1.9695892,3.491394,0.3785504502428187,2.5612106,0.14330044337904074,0,200,K
8.434587205499998,6.190277,9.691498,0.5481934828885164,8.3099595,0.3005160946814422,0,200,1.6893037400499995,0.47972107,4.0745087,0.6656616688742728,1.6089782499999998,0.44310545740848206,0,200,3.2631369876000016,-1.4176024999999999,5.6288147,1.2138951010218129,3.5115051,1.4735413162847577,0,200,K
8.6823944895,5.2091064000000005,10.454514,0.6282002208185197,8.80629725,0.3946355174364369,0,200,1.7413948838000002,0.93032837,4.2047424000000015,0.6107583533499172,1.5677718999999999,0.3730257661867023,0,200,2.7073405512499997,0.32975770000000004,5.5473022000000025,1.0353619110890877,2.7561874,1.0719742869340478,0,200,K
9.267886577499997,9.021637,9.413712,0.07273482405510362,9.280876,0.00529035463032688,0,200,1.4936350985000004,1.1866913000000001,1.9023743000000002,0.17098403821944014,1.4333115,0.02923554132582697,0,200,0.9207788081000002,0.27626038,1.4707336000000002,0.2755912441959141,0.8751220500000001,0.07595053387745199,0,200,K
9.265512350000002,9.039688,9.363174,0.044777646704319884,9.261383,0.002005037644376889,0,200,1.5223122439999992,1.3868866000000002,1.7677459999999998,0.06653812980164127,1.5233153999999998,0.004427322717500064,0,200,0.9309002717999996,0.66656494,1.2348633,0.1500794187424191,0.8759841999999999,0.02252383193006237,0,200,K
9.214015737499997,8.772736,9.518341,0.11790642383130905,9.222617999999999,0.01390192478068828,0,200,1.8585922984999983,1.477066,2.7966156000000004,0.23303260160985595,1.7890549,0.05430419341305784,0,200,0.8489168541766996,-0.120895386,1.6896514999999999,0.4291875375950425,0.9173049999999999,0.18420194242689614,0,200,K
9.264405840000002,9.134841999999999,9.418335,0.035814820924530366,9.2679975,0.001282701397856178,0,200,1.8843526404999995,1.6616363999999997,2.1551056,0.11326180558080445,1.84211735,0.01282823660342394,0,200,0.5248123164999998,0.3283844,0.66848755,0.059528142977815786,0.5273742699999999,0.0035435998063872787,0,200,K
9.185317177499996,8.359894,9.704285,0.2871021509597075,9.2651215,0.08242764508569067,0,200,1.49764762905,0.25749207,2.4421234,0.4636368261378867,1.5395202499999998,0.21495910655121295,0,200,0.9080390932099996,-1.0170441,3.6610107000000003,1.2278381993303782,0.52682495,1.5075866437348655,0,200,K
9.384020232499996,8.5776825,10.306778,0.12741710348177598,9.3938215,0.016235118259685606,0,200,1.4125250250000003,0.82403564,2.799652,0.3721207890881704,1.3492737,0.13847388167160266,0,200,-0.4912381763973499,-1.5042725000000001,1.1606598,0.6312999529266926,-0.59877015,0.3985396305652443,0,200,K
9.124879139999996,8.416244500000001,9.589141999999999,0.17662070831350368,9.17321,0.031194874605163757,0,200,2.1844270325000013,1.4672241000000001,3.1338348,0.21637206410028345,2.13439175,0.04681687012301716,0,200,0.8972237366250003,-0.67118835,2.3962402000000003,0.6379506335957015,0.805496215,0.40698101090515704,0,200,K
7.151911015000003,5.651260400000001,9.440567,1.0743870687206,6.823249700000001,1.1543075734340429,0,200,2.7323439784999994,1.6950378000000001,4.9694366,0.5982808295782616,2.56885525,0.3579399510408529,0,200,4.699516591500001,0.48605347,7.366638000000001,1.933869809528396,5.1669922,3.7398524402053934,0,200,K
5.996734922999999,5.0683440000000015,6.636352499999999,0.2656489498487664,5.9785308,0.07056936455575237,0,200,1.5047193915999997,-1.2025451999999999,2.7829437,0.705202195668015,1.19083405,0.4973101367749894,0,200,6.696475677499998,5.861297599999999,7.8014984,0.30818550182794696,6.7462465,0.0949783035369435,0,200,K
6.279265745,5.974243,6.728836,0.15161167818034424,6.2604218000000005,0.022986100960660262,0,200,1.2115098595499991,0.32595825,1.6631622,0.19263074057658566,1.2088393999999998,0.037106602215083835,0,200,6.536697238999999,5.998703,6.9395447,0.1642312138537533,6.552345300000002,0.02697189160387725,0,200,K
6.111910549000004,5.821396,6.4557495000000005,0.12952019873601558,6.0652465000000015,0.016775481880616974,0,200,1.2017330172500005,0.62431335,1.5994110000000001,0.12828811261175666,1.23355865,0.016457839837486752,0,200,6.6923764755000015,6.239746,6.9958344,0.12879017658435912,6.734817549999999,0.016586909584630403,0,200,K
6.143620384000004,5.3998413,6.6614685,0.16689370711760354,6.13979335,0.027853509475456437,0,200,1.2606243133500004,0.7819824000000001,2.0264282,0.22725483048214035,1.1682663,0.05164475797746635,0,200,6.6476859260000065,5.879074,7.5037080000000005,0.21705482144919236,6.67279825,0.04711279551434076,0,200,K
5.871565480499999,4.9908447,6.4731903,0.3313347961556034,5.7712555000000005,0.10978274714347523,0,200,1.1116526050249995,0.029800415,1.5972899999999999,0.2758359443314468,1.1550521999999996,0.07608546818522098,0,200,6.894402311999994,6.31958,7.8808440000000015,0.3123417155700327,6.973907499999998,0.09755734728523123,0,200,K
5.871861129069767,5.426117,6.1327515,0.09385042669975673,5.8914184999999994,0.008807902591726407,0,172,1.2792558906976743,0.9732360999999999,1.6271666999999999,0.11528627858345157,1.261261,0.013290926029621206,0,172,6.8781016261627865,6.626129,7.167617999999999,0.07485305269571707,6.865616,0.005602979497867797,0,172,K
9.288118829999997,8.396514999999999,9.746429,0.2319221940366531,9.344566,0.05378790408677497,0,200,-0.6152268228400001,-2.1652832,1.3228302,0.3832273440246772,-0.590446475,0.14686319720820828,0,200,-2.3015016145,-5.177643,-1.0322876,0.8777944806007022,-2.2139206000000002,0.7705231501730566,0,200,L
8.1362550465,5.0927734000000004,9.448334,1.510213090774147,9.1288835,2.280743579545601,0,200,-0.4059152225849999,-1.3845978,0.51989746,0.23797070247169425,-0.42614746,0.056630055234871614,0,200,-4.6469202470000015,-9.261719,-2.2701416,2.4522279940096685,-3.23728945,6.013422134604683,0,200,L
6.128907923999997,5.252472,6.691131599999999,0.1875166570871948,6.13318635,0.035162496685156586,0,200,-0.1021030424463001,-1.012497,1.0662537,0.19116807923728232,-0.089035035,0.03654523451927185,0,200,-7.991148134499999,-8.556152,-7.397415,0.15770117115454646,-7.984863299999999,0.02486965938351555,0,200,L
6.105841444,5.5545654,6.4030914,0.09593004073724153,6.1084135,0.009202572715848815,0,200,0.013507919540499992,-0.8553314000000001,0.8709564000000001,0.16771181850772454,0.017395019499999997,0.02812725406716793,0,200,-8.007248087500002,-8.360062,-7.5714570000000005,0.09604905645033578,-8.009224,0.009225421244999787,0,200,L
6.282618925,5.9622498,7.121475,0.2227248238176446,6.2672347,0.04960634714460083,0,200,-0.08169876056525004,-1.0864563,0.7574768,0.3132868540350089,0.026329041,0.09814865291115296,0,200,-7.851213073999999,-8.3396,-7.1185913,0.22382094797610905,-7.872543499999999,0.050095816752924106,0,200,L
6.3699538470000014,6.213211,6.493759,0.04603619984228368,6.366386500000001,0.0021193316959186802,0,200,0.06564155600800001,-0.30039978,0.2712555,0.13059900147153736,0.116767885,0.017056099185362616,0,200,-7.776404266999997,-7.884964,-7.629425,0.0475608370683372,-7.781188999999999,0.002262033222640917,0,200,L
6.346380996999999,5.4775542999999995,6.9355009999999995,0.17371768786896913,6.35657505,0.03017783507854058,0,200,0.0045265197723500005,-0.9836273000000001,0.5052643,0.1776081412786861,0.0053787231500000005,0.03154465184846972,0,200,-7.799276957000001,-9.018265,-7.287826499999999,0.16340857352759613,-7.788063000000001,0.026702361902323796,0,200,L
6.309121158,5.9686737,6.52211,0.08053729530617977,6.3071975,0.006486255935234807,0,200,0.008335265979299993,-0.47180176,0.43022156,0.1387960294320616,0.00455474865,0.019264337786105708,0,200,-7.8393953690000036,-8.343643,-7.4490204,0.09006735862825893,-7.83824925,0.008112129090271408,0,200,L
6.183921732499999,5.66568,6.7240753,0.1434019014687312,6.20159915,0.020564105344847688,0,200,-0.012922668121350029,-0.84425354,0.35656738,0.2239881795047782,0.040351867,0.05017070455786474,0,200,-7.947026649499997,-8.453918,-7.1892853,0.14074858330680204,-7.923660349999999,0.01981016370287179,0,200,L
6.985898817499997,6.0742949999999984,9.975067,1.1841090644386878,6.3014373500000005,1.4021142764858645,0,200,0.04169349693900001,-0.5866699000000001,1.2713318,0.2637643255106598,0.038627625,0.06957161941209332,0,200,-5.693921728480003,-8.346741,4.2643585,3.972247719090882,-7.842559799999999,15.77875194182271,0,200,L
8.033913025,7.400833,8.628921499999999,0.3146512557932325,8.137527500000001,0.09900541277225823,0,200,-0.2363918305515,-0.81025696,0.26835632,0.1746530184301356,-0.25709533500000004,0.030503676846757283,0,200,4.514281552000001,3.1753387,5.5588684,0.4990524716011668,4.37408445,0.24905336941123335,0,200,L
7.322628857000001,6.7596282999999975,7.940811,0.3202882868835205,7.268707150000001,0.10258458671478032,0,200,-0.2500812529544999,-1.113266,0.20301819,0.260821495862928,-0.225982665,0.06802785270417536,0,200,5.511137236999998,4.7199860000000005,6.283172599999999,0.3844921822647913,5.598503099999999,0.14783423822274153,0,200,L
6.2007566035,5.602768,7.07135,0.23111651224745214,6.149353,0.05341484223342671,0,200,-0.3378370673029999,-1.2852478,0.35658264,0.21836320609771487,-0.358757025,0.047682489777273115,0,200,6.698971171500008,5.983871499999999,7.050247,0.21927705929725586,6.75933835,0.04808242873405225,0,200,L
5.9987356510000005,5.8337555,6.1210938,0.04297390435559835,5.9970474000000005,0.0018467564555641148,0,200,-0.035151367220165,-0.19023132,0.14552307,0.07759700822434691,-0.0365829475,0.006021295685369363,0,200,6.887523894500004,6.774475,7.026122999999999,0.04344627291785087,6.8868408,0.0018875786304523813,0,200,L
5.740377731000001,5.373047,6.089966,0.17206290738446015,5.73439035,0.02960564409759332,0,200,-0.4358612049500001,-0.91700745,0.15385437,0.2562946230804033,-0.468948365,0.065686933819926,0,200,7.079267272000003,6.735626,7.349319500000001,0.13500877279172546,7.0876695000000005,0.01822736873072774,0,200,L
5.424464185999995,5.143997,5.8950043,0.1583585400578783,5.4255295,0.02507742720926265,0,200,-0.6339294412499998,-1.1541748,-0.25561523,0.21295432040682036,-0.6401825,0.045349542579930686,0,200,7.298043886499999,6.974121,7.584091,0.12465694253387385,7.298408599999999,0.015539353321893525,0,200,L
5.3840930825,5.0895233,6.0763245,0.16241225467676698,5.326416,0.026377740469191027,0,200,-0.5115410602000001,-0.7864227,-0.14065552,0.06441478700795825,-0.5213241500000001,0.004149264785280628,0,200,7.334390787500001,6.829925500000001,7.473068,0.12141712390266315,7.370826600000001,0.01474211797679466,0,200,L
4.984084461403507,4.5829315,5.5877075,0.14569148872383125,4.9707794000000005,0.02122600988656625,0,171,-0.569505212105263,-1.0257874,-0.07066345,0.10663587786816284,-0.571167,0.011371210448713741,0,171,7.607042273684213,7.2911987000000025,8.0542145,0.1011950139183609,7.618469,0.010240430841937258,0,171,L
7.4259194019999955,3.9273071,14.283279,1.3599334281201216,7.583572350000002,1.8494189289185456,0,200,1.7694347366565006,-3.9384155,8.111801,1.5148724700444949,1.826416,2.2948386004987094,0,200,5.115501557499999,2.9210205,8.957397,1.2029612533182878,4.830803,1.447115776985106,0,200,M
7.6707550739999935,4.526367,11.684158,1.0422289033606522,7.76654055,1.0862410870003478,0,200,1.4510355376750002,-2.3334349999999997,6.6902924,1.554533822817452,1.3681488000000002,2.416575406283441,0,200,4.927535231000003,2.8457336,8.54686,1.0954470763800406,4.789520250000002,1.2000042971495786,0,200,M
8.293263481500004,1.7066345,14.297592000000002,1.592613629035532,8.399231,2.5364181713897267,0,200,2.2525049520800002,-4.96698,9.666595,1.9141786543888628,2.3304367000000004,3.6640799209179566,0,200,3.3465777562500016,-4.125122,9.37532,1.815729888345852,3.1693115,3.2968750274324403,0,200,M
8.478853362999999,3.8517303,13.469528,1.4891007928904605,8.571807499999998,2.2174211713869973,0,200,1.1152327726735003,-6.0256042,6.7324677,2.121488694339472,1.20276645,4.500714280210197,0,200,3.6266238425000017,0.5562744000000001,8.998702999999997,1.6755233884975433,3.3380432000000004,2.8073786254022877,0,200,M
8.731663826000002,3.8799133,13.664214999999999,1.5610813623708426,8.790664500000002,2.436975019941606,0,200,0.9637235256864451,-4.941696,8.498932,1.7450266507744432,0.89642333,3.04511801191307,0,200,3.30182503005,-1.0103302,11.204742,1.921593361009143,2.96147915,3.6925210450744133,0,200,M
8.741592159199993,-0.12875366,15.372527999999999,1.4106874666175155,8.813301500000003,1.990039128471744,0,200,1.2620822887500005,-6.3890533,6.6214447,1.7674006590322033,1.3766479500000002,3.1237050895474647,0,200,2.993651805599998,0.29492188,10.648758,1.384823458611575,2.8147354,1.9177360115209252,0,200,M
8.544612290999996,5.5192260000000015,15.027160999999998,1.5115793091243828,8.48070525,2.2848720077729463,0,200,1.1487768558299998,-7.3609160000000005,6.359268,2.106294673152904,1.1366577,4.436477250152298,0,200,3.4373821970500007,-3.6865997000000004,10.308289,1.819292241460861,3.29644015,3.3098242598396834,0,200,M
8.7058865525,5.005920400000001,16.530243,1.6255156423783388,8.67276,2.6423011036166635,0,200,1.0781468244899992,-9.967361,7.4616547,2.051319659927331,1.0358962999999999,4.207912347204381,0,200,3.1511883531999985,-6.2601776,10.698914,1.8244461537362555,2.95833585,3.328603767883016,0,200,M
8.5354749345,4.0438385000000014,15.706726000000002,1.846655037044964,8.4109345,3.4101348258435364,0,200,0.9845709240324996,-3.7837067,9.361191,2.5183028313593043,0.94604492,6.34184915043229,0,200,3.425378797850002,-2.0888367,8.7509,1.798592417117849,3.15376285,3.234934682913825,0,200,M
8.538501130500004,2.5792236,15.970612,1.9321306027985496,8.389572000000001,3.733128666270687,0,200,0.7836547829141499,-10.813248,9.1879425,2.7567998696522147,0.6733398499999999,7.599945521314471,0,200,3.5708929328350014,-1.0957642,13.432448999999998,2.5033888636836337,3.31434635,6.266955802815236,0,200,M
8.655277979,0.9468994000000001,16.31575,1.426933540934514,8.8219375,2.0361393302439104,0,200,0.6330589320499994,-5.869446,5.724655,1.6125988987965838,0.981475835,2.6004752083999545,0,200,3.1104347257000016,-6.441025,12.159607000000001,1.7225888811470975,2.99331665,2.967312453451609,0,200,M
8.769965510000002,2.7418669999999996,14.204085999999998,1.7429562972501145,8.8934555,3.0378966541238293,0,200,0.89619628995,-6.2157288,11.209076,2.1523991327236183,0.942848215,4.632822026549381,0,200,2.897138590409998,-3.050766,12.528259,2.078870379290636,2.5039139,4.3217020538919915,0,200,M
8.753418729499996,4.980773999999999,13.102798,0.8545001412116916,8.81251525,0.7301704913308008,0,200,1.1628614022049997,-4.450531,7.025696000000001,1.6617588963705632,1.31842805,2.7614426296667114,0,200,2.9729064185500005,-1.3310242,8.204224,1.2832928634064624,2.79759215,1.6468405732699574,0,200,M
8.914174424000002,3.1969757000000003,16.560547,1.751811717668044,8.804191499999998,3.0688442941590623,0,200,0.6432335702224999,-4.707168599999998,7.383911,1.952269020873262,0.53772735,3.811354329861445,0,200,2.8706505572300016,-1.2819214,13.137329000000001,2.1809009729597317,2.4828644000000004,4.756329053856706,0,200,M
8.326239931000003,2.7332457999999997,12.866135,1.480728497092357,8.662285,2.1925568821013908,0,200,0.9029222147499998,-5.395996,5.2361755,1.6378717777627931,0.9056015,2.6826239603918527,0,200,3.8604097016000023,0.35733032,9.356964,1.6497130321888318,3.5649414000000004,2.72155308857367,0,200,M
8.715525356499997,3.1808777000000004,17.217926000000002,1.892590846074788,8.55107875,3.581900110646082,0,200,0.9785542300749996,-6.7044372999999995,8.6280365,2.288042906810904,0.960060125,5.235140343407688,0,200,3.123237616449998,-3.1821442,10.777817,2.296623625767206,2.92136385,5.274480078432107,0,200,M
8.503971334499996,3.7812347,17.155487,2.089269323353076,8.417137,4.365046305504218,0,200,1.00371444031,-5.3255004999999995,10.083801,2.556811570057908,0.844291675,6.5372854047819855,0,200,3.5450592829250014,-0.22741699,12.698592999999999,2.4698852775539955,3.0023345,6.100333284277975,0,200,M
8.694447536627905,2.9092255000000002,16.381744,1.9778142197941269,8.5314945,3.911749088019851,0,172,1.0000524278430232,-4.5637665,6.9577789999999995,2.1166644442484324,1.1306381500000002,4.4802683695455245,0,172,3.3217901279651163,-3.1282501,11.545685,2.2952879243464497,3.08890535,5.268346655650633,0,172,M
8.148093421,2.2864838,17.667831,1.972370722245032,8.9720765,3.890246265969388,0,200,1.2247147373999994,-2.0673218,4.472809,0.7018663074020592,1.35215755,0.492616313466202,0,200,3.6186141984999978,1.3660431,10.128525,2.2557474265101933,2.48657225,5.088396452207362,0,200,O
8.000787169,-3.445343,14.114670000000002,2.6873049558064532,8.875419500000003,7.221607925501921,0,200,1.102706377345,-0.7866974,5.540954599999999,0.7920022200543545,0.93477631,0.6272675165710261,0,200,3.5966709205000016,0.9332733,12.484589,2.235731906963157,2.6354675,4.998497159813113,0,200,O
8.941045386,6.581772,11.448853,0.6265070521903431,8.9115295,0.3925110864442333,0,200,0.9197821836799999,-1.8116455000000002,3.3634186,0.8265828685325395,0.8892745849999999,0.6832392385514815,0,200,2.5702608494,0.4133911,5.3229675,0.7327572200094159,2.6922836,0.5369331434759276,0,200,O
8.789402315500004,7.164383,9.878342,0.49486824999636203,8.837059,0.24489458485446186,0,200,1.5442988593799996,-1.0101166,4.548797599999999,0.8178054949860201,1.46444705,0.6688058276293293,0,200,2.7871231856999987,0.6221161000000001,4.6588745000000005,0.7057101709145494,2.7932205000000003,0.4980268453322425,0,200,O
8.8571227965,7.431762700000001,11.321594000000001,0.4797443877937774,8.8290405,0.23015467761962624,0,200,1.32609428510155,-0.98513794,3.1723938,0.6264423948808717,1.373085,0.3924300741040821,0,200,2.6418280816500004,0.7637786999999999,4.709793,0.7045793324407366,2.7569275,0.4964320357026339,0,200,O
8.686310940500007,6.56427,10.689682000000001,0.6168676978358866,8.7735365,0.38052575663334665,0,200,1.2210520165200005,-1.4138794,4.329330400000001,0.9512156317920314,1.1686325000000002,0.9048111781655136,0,200,3.111792674,1.1290893999999998,5.7846985,0.8850474564814239,2.9098129,0.7833090002242379,0,200,O
8.791034636500001,6.823456,11.074767999999999,0.5915835097571841,8.773529,0.3499710490166283,0,200,1.2582688180249997,-1.7745971999999999,3.2772980000000005,0.8695354856773835,1.2187804999999998,0.7560919608522031,0,200,2.8452951055500018,-2.2393494,4.7351529999999995,0.8295919827302409,2.9162063999999996,0.6882228578102926,0,200,O
8.903578042999998,7.361877400000001,11.071121,0.4941604879337042,8.9091795,0.24419458783487666,0,200,1.1892823014409994,-0.77482605,3.6532593,0.824194696635456,1.0845108,0.6792968979620113,0,200,2.563425071349999,0.45588684,4.6502685999999995,0.7708271783716824,2.59160615,0.5941745389164494,0,200,O
8.906352456499993,7.588882400000001,10.665482,0.4867048384009587,8.869712499999997,0.23688159972290335,0,200,0.8360534668899996,-1.0900878999999999,3.4626617,0.6888826602969494,0.822433475,0.4745593196578022,0,200,2.6512833425,0.7120819,4.36322,0.7148129780878097,2.70347595,0.5109575936427636,0,200,O
8.336743170499993,2.69664,17.177734,1.556547510777196,8.75497425,2.422840153306685,0,200,1.3638581826649996,-5.800598,15.007431,1.7599528127615476,1.10032655,3.0974339031472833,0,200,3.5198336850999987,-2.6278229,11.898941,1.85125241488821,2.9839553500000005,3.4271355036294286,0,200,O
8.647206871999996,3.2768402,11.707794,1.1982839867435966,8.943847500000004,1.4358845128861282,0,200,1.23837585459,-1.5323944,4.776108,0.8065491447855119,1.11128235,0.6505215229542406,0,200,2.8296450823800017,-0.084121704,17.13118,1.9290859453195892,2.3819733000000003,3.7213725844295737,0,200,O
8.199231655699997,-0.57762146,17.592728,2.375721610248237,8.855979499999998,5.644053169400477,0,200,0.7137680006450005,-17.607056,7.1434174,2.1742347998264067,0.93909455,4.727296964776177,0,200,3.57958236785,-8.462387,17.865082,2.6902524579510643,2.83238985,7.237458287511741,0,200,O
6.546667931249997,-6.771576,16.522095,5.001710014450502,8.853866499999997,25.017103068654446,0,200,1.212201539555,-8.420166,8.262267999999999,1.3917976838040451,1.0054245000000002,1.9371007926423052,0,200,4.00109780175,-1.1360016000000002,14.166107,2.4035113463645623,2.88740535,5.776866792103193,0,200,O
6.043750604334995,-7.745437599999999,15.441025,4.6433987877300416,7.68843085,21.561152301892815,0,200,0.6947495230699999,-7.491012599999999,10.946945,2.7073083347200906,0.68692015,7.32951841924487,0,200,4.903551333421001,-3.3240203999999998,18.018341,3.4353112805103527,3.9489975,11.801363594001687,0,200,O
8.303895031500005,1.7020874,15.264725,2.0186377616093694,8.541351500000001,4.074898412595283,0,200,0.7107196058605004,-7.6033325,6.9974823000000015,2.044254237928277,0.934974675,4.1789753892877215,0,200,3.641273270719,-4.239654499999999,10.305359,2.163475941427603,3.14479825,4.6806281491360515,0,200,O
6.581588849299997,-10.099777,13.992523,4.869399616573647,8.442153999999999,23.71105262588758,0,200,0.0987370298965,-15.799560999999999,7.653824,2.845599194282705,0.25827026000000003,8.09743477450238,0,200,4.053967587714999,-11.193268,14.619048999999999,3.5889574357937755,3.2242507999999996,12.880615475939429,0,200,O
5.923587654274999,-6.815979,19.131058,5.714653374662403,6.824439999999999,32.65726319254039,0,200,0.5599384267599999,-7.3214570000000005,9.968964,3.0316329395342487,0.26325989,9.19079828006907,0,200,4.679995857005001,-14.400954999999998,18.067535,4.687998611989344,4.58075725,21.977330986014014,0,200,O
7.490705525267439,-5.51178,15.960373,3.319225677903753,8.4399645,11.017259100855627,0,172,0.4329136705348837,-5.5907745,6.5102234,1.815367981810616,0.6136093149999999,3.2955609093831493,0,172,4.218225332191862,-2.8545380000000002,18.065842,2.793783979679516,3.3764877,7.805228925113917,0,172,O
8.786667469,5.454193,12.691711,0.8215697979628668,8.837188999999997,0.6749769329247458,0,200,2.0365499101499998,-0.9885559000000002,5.935608,0.9982260064159484,1.9049988000000002,0.9964551598851332,0,200,2.3513408663999997,-1.1459961,6.068268,1.0198965660466068,2.2981644,1.0401890054336609,0,200,P
8.686977152499997,5.1466064000000005,11.580658,0.8218412035865217,8.799904000000002,0.6754229639125425,0,200,2.1017583509000013,-1.033493,6.6843414,1.0607542563630528,2.0168152,1.125199592392333,0,200,2.553206102315001,0.051620482999999995,10.391632000000001,1.287933375608716,2.52855685,1.658772380006862,0,200,P
8.892022994500001,6.443420400000001,10.927475,0.5313957218229964,8.892456,0.28238141317178345,0,200,2.0208463290999994,-0.16163635,4.712021,0.8670613457347408,1.9863814999999998,0.7517953772673398,0,200,2.176267470300001,-0.1293335,4.8266144,0.7111971710761331,1.9943237,0.5058014161466946,0,200,P
9.077694703999995,7.574722299999999,10.184142999999999,0.3514196842082131,9.061042500000001,0.12349579444900023,0,200,1.7785773478000009,-0.1668396,3.3727417,0.5848743229627866,1.7822342,0.342077973661178,0,200,1.6500224273499997,0.56192017,2.6838683999999997,0.3850939150156713,1.64362335,0.14829732338209706,0,200,P
8.849757130499999,5.602951,14.370743,0.829128832635583,8.952591,0.6874546211076445,0,200,1.7172402172950003,-1.2568207,5.113037,0.8979904982642569,1.6376342999999998,0.8063869349728885,0,200,2.4572695169999994,1.0307465,6.3780823,0.996933963558966,2.20133975,0.9938773276973896,0,200,P
8.958011414999998,8.198074,10.112518,0.31186255551830805,8.9312135,0.09725825353440977,0,200,1.8346859713050008,0.022491455,2.984848,0.5643533624081606,1.94735715,0.3184947176613966,0,200,2.0961049639999985,1.1746826000000001,3.055832,0.341922520964114,2.12690735,0.11691101034245495,0,200,P
8.9171096885,5.9188995,9.92897,0.4298224322911994,8.923744500000002,0.18474732330072272,0,200,1.443840558075001,-0.55651855,3.5661163,0.6688281533097913,1.4468841499999998,0.4473310986597857,0,200,2.432457431,1.3368073,5.1443634000000005,0.5242257960836529,2.3359298500000003,0.2748126852795398,0,200,P
8.812657717000006,6.933075,12.218903,0.6588837349982067,8.811661,0.4341277762451871,0,200,1.3001355737015,-0.61209106,4.506256,0.7895179847665795,1.21484375,0.6233386482698811,0,200,2.7872868395,1.0751343,5.5248566,0.7924457387601528,2.6740265,0.6279702488791242,0,200,P
8.420071710400004,-0.84158325,11.760315,2.050474567401705,8.982231250000002,4.204445951561209,0,200,1.1924929804609996,-5.9945374000000005,13.248138,1.8262968020259425,1.15049745,3.3353600090901834,0,200,2.8500243333499986,0.30769348,18.9729,2.262284307428104,2.1812515500000003,5.1179302876354535,0,200,P
9.110901165999996,6.822342,11.595108,0.4560796574564666,9.1264725,0.208008653945608,0,200,0.8895964820900004,-2.273285,3.44812,0.7401820442335693,0.95354462,0.5478694586057855,0,200,1.99575523415,0.89302063,5.699463,0.7101185192093085,1.83071135,0.504268311324021,0,200,P
9.130537543000004,7.5786743,11.400238,0.42906404038329815,9.1433105,0.1840959507500405,0,200,1.052029875325,-1.1090851000000002,2.9342346,0.6129201737074247,1.0485077,0.3756711393375397,0,200,1.9029319745,0.6441803,5.150223,0.6029364089142909,1.7628708,0.363532313194461,0,200,P
9.203645385,8.146545,10.689102,0.2730530198232059,9.205307,0.07455795163457209,0,200,0.967955472895,-1.4466553,2.7864227,0.5361686866989277,1.01548765,0.2874768605964529,0,200,1.61424796955,0.5509795999999999,3.071228,0.35944357182505565,1.5867156999999998,0.12919968132635395,0,200,P
9.101662297500004,7.328583,11.750183,0.4764664716373497,9.0883105,0.22702029859454534,0,200,1.13016922455,-1.8842773000000002,4.097809,0.8238707421325856,1.2009200999999998,0.6787629997420974,0,200,1.9086969018,0.18650818,4.5177154999999996,0.6853464464662439,1.83039855,0.469699751683908,0,200,P
9.011975254500005,7.246597299999999,10.81456,0.5427245076672144,9.1076965,0.2945498912226202,0,200,1.2759585585499993,-0.41706848,3.4551239999999996,0.5685614469138782,1.3261718999999998,0.32326211891680273,0,200,2.096549454150001,0.31742859999999995,5.2839203,1.0832134679135867,1.7217865,1.1733514170693788,0,200,P
9.142336826500006,7.746994,11.46756,0.3359716201547909,9.151337000000002,0.11287692954943508,0,200,1.2429774465499996,-1.4824982,2.9531403,0.5822218352488769,1.2307510499999998,0.3389822654405704,0,200,1.7551111597499984,0.81095886,3.3566132000000004,0.4716924752540183,1.71530915,0.22249379121126264,0,200,P
9.080305644,7.8946533,10.205688,0.27635646785886553,9.070297,0.07637289732742816,0,200,1.3154087827199996,-0.12530518,2.9919738999999996,0.4892937825836779,1.32564545,0.23940840567504346,0,200,1.9499630715,1.0620421999999998,3.0704803,0.3360448548982149,1.9192734,0.11292614450356235,0,200,P
7.977274327500001,-6.590973,13.438476999999999,3.2554288231019615,8.889762750000003,10.59781682228302,0,200,1.5638537584740015,-3.5744019000000002,7.2315674,1.234620886188662,1.5139008,1.5242887326132768,0,200,2.7125752970450008,-1.0109863000000001,15.752197,2.467168402257582,2.1937561000000003,6.086919925098228,0,200,P
9.051331884302325,7.2616270000000025,10.083084,0.3259800404319124,9.0428695,0.10626298675999124,0,172,1.504252411802325,-1.7795258000000005,3.8215027000000004,0.5694311572112819,1.5007781999999998,0.32425184280297964,0,172,2.0012241602325576,0.97457886,3.1898346,0.3750739349838661,1.96035765,0.1406804567042814,0,172,P
-9.299071479999997,-11.569153,-7.677428999999999,0.29345256217732946,-9.259079,0.08611440624843941,0,200,2.349354781799999,-0.73487854,5.4504395,0.5935975088185963,2.10437005,0.35235800247564353,0,200,-3.2601000185000015,-3.925583,1.9624328999999998,1.0339645674599385,-3.57733155,1.0690827267626173,0,200,Q
-8.96580198,-9.352844000000001,-8.6586,0.1265097250314071,-8.9248655,0.016004710527522233,0,200,2.086083295499999,1.7166138,2.4734955000000003,0.10262891854803413,2.08077235,0.010532694922339023,0,200,-4.5212821255,-4.880539,-3.728302,0.2697342571336017,-4.6205596999999985,0.07275656947141595,0,200,Q
-8.847856349999997,-8.951431,-8.740005499999999,0.029189440654474763,-8.844795000000003,0.0008520234457211037,0,200,2.1514951280000005,1.9849243000000003,2.3358917000000003,0.0493639253037233,2.147583,0.002436797121391573,0,200,-4.738236543999998,-4.839905,-4.576645,0.043400039054131714,-4.742752000000001,0.0018835633899001575,0,200,Q
-8.838093722499996,-8.915314,-8.770203,0.02433913806961126,-8.836067,0.0005923936419716003,0,200,2.146921157499999,1.9893951,2.3261871,0.043430077185280726,2.14436335,0.0018861716043194413,0,200,-4.7654547035000006,-4.8683777,-4.6280212,0.03756262695764012,-4.763816749999998,0.0014109509439588321,0,200,Q
-8.82559972,-8.923325,-8.684082,0.03380594887168053,-8.824180499999999,0.001142842179114678,0,200,2.086487576000001,1.9480286,2.2924042,0.05111035510485276,2.0875625500000003,0.002612268398944148,0,200,-4.826279661499999,-4.97966,-4.622986,0.06083967912726949,-4.83013155,0.003701466556309111,0,200,Q
-8.86930588999999,-9.052597,-8.637833,0.058033930725223136,-8.862846499999998,0.003367937115419998,0,200,2.1776840159999997,1.3906097,2.5733032000000002,0.09097263313255972,2.17774205,0.008276019979071304,0,200,-4.681696551,-5.0248870000000005,-4.32724,0.0882298129976956,-4.68930065,0.007784499901608336,0,200,Q
-8.918892472499998,-9.000854499999997,-8.840117999999997,0.0268465071372488,-8.918739500000003,0.0007207349454703508,0,200,2.207296066,2.0193024,2.3265839,0.04203970225049765,2.2113495,0.001767336565310497,0,200,-4.572142875999997,-4.6740265,-4.4632263,0.03981124367973778,-4.567794999999999,0.0015849351233274615,0,200,Q
-9.203568329999998,-9.546951,-8.779404,0.1893895090996559,-9.233772,0.035868386157008644,0,200,1.916814114,1.2284088,2.8931885,0.2323022846115335,1.85190585,0.05396435143573791,0,200,-4.014798883000001,-4.746002,-3.17453,0.3920645035421724,-4.002121000000002,0.15371457493777013,0,200,Q
-9.564726572499996,-9.820694,-9.349976,0.07307585543671405,-9.589531,0.0053400806478075295,0,200,1.6232835394999992,1.3147888,1.9977875,0.06685600302736144,1.61683655,0.0044697251407945626,0,200,-3.1013259890000016,-3.4417267,-2.737503,0.1984203245052786,-3.01428225,0.03937062517678007,0,200,Q
-9.581394110000002,-9.738342,-9.402115,0.0472823177577052,-9.585372999999999,0.002235617572540604,0,200,1.644855577499999,1.5072021,1.8167419999999999,0.04759455290138733,1.64188385,0.002265241465882957,0,200,-3.0331684059999997,-3.3302612000000003,-2.741745,0.12171349493859755,-3.0200882,0.01481417485016801,0,200,Q
-9.517165777500004,-9.64653,-9.407745,0.03220102329633175,-9.5155945,0.0010369059013309002,0,200,1.689133833,1.5995788999999998,1.8282928,0.033624771036091204,1.6851883,0.0011306252272295578,0,200,-3.227887576500001,-3.3838043,-3.035904,0.06386331742936407,-3.2291870000000005,0.0040785233130837175,0,200,Q
-9.51622575,-9.722321,-9.059142999999999,0.11312623320010799,-9.523918,0.01279754463804522,0,200,1.637353361499999,1.1544037,2.0437621999999998,0.14608820922345325,1.6663055,0.02134176487411545,0,200,-3.237393955499998,-3.933014,-2.6626282000000003,0.2933426890459034,-3.20417785,0.08604993321668156,0,200,Q
-9.598739782500003,-9.824188000000001,-9.247558999999999,0.1288388906499937,-9.6473235,0.01659945974392104,0,200,1.5209728246999992,0.70002747,2.0120392,0.12652235269021767,1.5298614499999998,0.016007905730267828,0,200,-3.0037380235000004,-3.9581757000000004,-2.2863922000000003,0.4373577947451288,-2.8441696,0.19128184062432216,0,200,Q
-9.130445604999998,-9.40892,-8.875305,0.10344459996008,-9.1164625,0.01070078526090098,0,200,1.834955368,1.4746857,2.3034972999999996,0.1916090364647606,1.843277,0.03671402285495396,0,200,-4.258378970499998,-4.868347,-3.6981506,0.21318195647944133,-4.295196499999999,0.04544654656840241,0,200,Q
-9.041206725,-9.174927,-8.911911,0.03624874077912555,-9.040794,0.0013139712080722395,0,200,1.9318845364999988,1.7694702000000002,2.1641082999999997,0.08286883946947557,1.90905,0.006867244555017714,0,200,-4.439515224500001,-4.6757965,-4.2388306,0.07457221953101137,-4.44174185,0.005561015925781354,0,200,Q
-8.854120260000009,-9.249008,-8.318878,0.14770307953319006,-8.864281,0.02181619970358786,0,200,1.9441656535000005,1.1767273,2.442749,0.22379033862977046,2.02216345,0.05008211566402733,0,200,-4.816915814,-5.393371599999999,-4.264267,0.2267365432057827,-4.822143649999999,0.051409460024907774,0,200,Q
-8.849892912499994,-9.13295,-8.518219,0.08578737407697988,-8.8587495,0.00735947355102368,0,200,1.9872579969999995,1.6599731,2.1964417000000003,0.0710406238055615,1.9992523000000002,0.005046770230683312,0,200,-4.811263355999996,-5.391693,-4.463394,0.1579733730153079,-4.7903748,0.024955586581833604,0,200,Q
-8.894289901162796,-9.037308,-8.775696,0.05133372040753571,-8.896896,0.002635150850879049,0,172,2.085922952325582,1.9202118000000001,2.3102264,0.06886093960441902,2.0913239,0.004741829003203446,0,172,-4.681430383139537,-4.9132385,-4.4907227,0.0837822948707644,-4.66993725,0.007019472933811714,0,172,Q
7.867073969500005,6.6490173,9.704071,0.4361018224216161,7.814582799999999,0.1901847995194548,0,200,0.6553645328500001,-0.32435608,1.619873,0.2896806107352666,0.6534194999999999,0.08391485623595703,0,200,-5.9669844004999995,-6.9465330000000005,-4.544174,0.5198377848232569,-5.9821168,0.27023132252995075,0,200,R
7.342510671499995,6.519867,8.350143,0.27134790816699983,7.34120175,0.07362968726660657,0,200,0.6775381475050003,-0.015670776,1.4045563,0.2376835469535825,0.67256927,0.056493468492435826,0,200,-6.7142310354999974,-7.5151978,-5.8645325,0.29658941447298603,-6.72621915,0.08796528077742866,0,200,R
7.214675295500001,6.1599884000000005,9.016266,0.35436838077415084,7.1835632,0.12557694929249355,0,200,0.7450617223899997,-0.18629456,1.4676208,0.2776528952282702,0.75244142,0.07709113022864078,0,200,-6.852921903,-8.000076,-5.797058,0.3314905396764746,-6.86273955,0.1098859778950004,0,200,R
6.888947445000002,6.0171660000000005,8.143784,0.2767213727921635,6.918602000000001,0.07657471815997953,0,200,0.7642651381799997,-0.43280029999999997,2.062729,0.2269979602525024,0.752586365,0.051528073958796654,0,200,-7.2326739625000025,-8.757828,-6.1631620000000025,0.2998268958708721,-7.2012635000000005,0.0898961674875628,0,200,R
6.772696453999997,5.724670400000001,8.038788,0.33223363603460965,6.714278999999999,0.11037918891277748,0,200,0.6712564864800002,-0.5152588,2.153885,0.30327791125540043,0.671760565,0.09197749145543853,0,200,-7.3477169075000015,-7.946258500000001,-5.8261414,0.3473007833785955,-7.4192277,0.12061783413538613,0,200,R
6.6917224115000025,6.186615,7.289306599999999,0.16123635505802375,6.70822905,0.0259971621923971,0,200,0.7098820499000001,0.34849548,1.0933533000000002,0.13388435089742773,0.70693205,0.017925019415225556,0,200,-7.4410792489999995,-7.9894104000000015,-6.727310000000001,0.1986261954167445,-7.433509750000002,0.039452365505730766,0,200,R
6.605791469499999,4.720581,8.220001,0.3128745918044623,6.589111249999998,0.09789051019680893,0,200,0.7853900918750001,-1.021759,2.2501830000000003,0.2925482596662504,0.769622805,0.08558448423375188,0,200,-7.495902261999999,-8.675827,-6.562439,0.2960407955972149,-7.5063095,0.087640152657832,0,200,R
6.3912347319999965,5.9237823,7.100281,0.1962433228532136,6.395759649999999,0.03851144176447063,0,200,0.6847876756999999,0.20913696,1.1404877,0.14229810362704207,0.6667785749999999,0.020248750295852404,0,200,-7.712761913999997,-8.336563,-7.320572,0.19458752805593213,-7.70736695,0.037864306074918176,0,200,R
6.555096051499999,5.4561462,8.049149,0.3622436720275789,6.506881699999999,0.13122047792402414,0,200,0.7413480376199999,-0.26268005,2.475174,0.3331861591532194,0.6670761249999999,0.11101301665127444,0,200,-7.539486846000003,-8.837601,-5.746048,0.42361723909864063,-7.612594599999999,0.17945156526155487,0,200,R
6.375224378500002,4.99115,8.558746000000001,0.3913148584691808,6.3965148,0.15312731845875496,0,200,0.74516860831,-0.37054443,1.7753448,0.2760337551726298,0.7330475000000001,0.07619463399470333,0,200,-7.724818269499999,-8.863097999999997,-6.611328,0.2939272061799544,-7.729492,0.0863932025327534,0,200,R
6.4955374865000035,3.2491912999999997,9.583313,0.4465017213677155,6.4926757,0.19936378718433306,0,200,1.7994316889500006,-1.2171783,3.0738373,0.4424804274915442,1.86019135,0.19578892871309966,0,200,-7.432134930000001,-8.549667,-5.6739197,0.2840626865195994,-7.44316875,0.0806916098727322,0,200,R
6.838583452000003,5.6470947,8.817413,0.42184642316328896,6.8781740000000005,0.17795440473566065,0,200,1.9939115905,1.2860107,3.6580199999999996,0.3510566694727805,1.96504975,0.12324078518132105,0,200,-7.001278301500004,-8.2860565,-5.5534514999999995,0.4212716662843974,-6.99277485,0.17746981681403268,0,200,R
7.227185512999996,5.745300299999999,9.193710000000001,0.5775111132260125,7.202873200000001,0.3335190858995481,0,200,1.81976814487,-0.041381836,3.1194610000000003,0.5212141479083952,1.88430785,0.2716641879798745,0,200,-6.578811871000003,-8.100525,-4.1955870000000015,0.6707958437551557,-6.624816899999999,0.4499670639991912,0,200,R
6.9129632695000005,5.9864044000000005,7.841507000000001,0.3543644234143281,6.9309845,0.1255741445817692,0,200,1.9438485735,1.2721863000000002,2.534378,0.17932782421608992,1.9356308,0.03215846853807685,0,200,-6.945506287000003,-7.9779053,-5.580261,0.3961781391535265,-6.9436567999999985,0.15695711794315098,0,200,R
7.594065172,6.2469177,10.082245,0.8692668205501012,7.171333199999999,0.7556248053092819,0,200,1.7763760404100009,-0.6274109,4.0451202,0.7086705668768492,1.7562256,0.5022139723575547,0,200,-4.7367179099950025,-7.7596436,4.9942779999999996,3.583606101114732,-6.625847,12.842232687946732,0,200,R
7.8702769460000015,7.046692,8.410049,0.2286419878326016,7.8902586999999995,0.05227715860004355,0,200,1.6248363505,1.071167,2.237152,0.18455468699662572,1.6032562,0.0340604324924225,0,200,-5.781756973999999,-6.531204,-5.2021027,0.21350425925248254,-5.76538845,0.045584068718951286,0,200,R
7.640334918499996,6.297943,8.6483,0.4325490310186567,7.731742999999999,0.18709866423517885,0,200,1.6471154819999998,1.2030945,2.3332062000000002,0.18454714151905452,1.64012145,0.03405764744285395,0,200,-6.088650897000004,-7.7421570000000015,-4.854004,0.5648208862709224,-5.95869435,0.3190226335678703,0,200,R
7.656569739306352,7.0610046,8.197403,0.2179227227314212,7.6521454,0.047490313082675865,0,173,1.5728345196531788,1.0540161,2.0057068,0.1551506004360068,1.5837708000000001,0.02407170881565344,0,173,-6.124799956069364,-7.2101440000000006,-5.5377045,0.212995106730586,-6.1132050000000016,0.045366915491173714,0,173,R
8.674808681500004,6.275176999999999,10.7825165,0.9632103566923118,9.0856935,0.9277741912393306,0,200,1.086939238719,-0.8610076999999999,3.334961,0.7217873740912931,1.1054382,0.5209770133976043,0,200,2.115924676365,-3.3571472,7.057083,2.5000511952875404,0.98192597,6.25025597905866,0,200,S
8.860892643999996,7.126388499999999,10.329651,0.7653506501325842,9.159691,0.5857616176583692,0,200,1.2252703071499995,0.08390808,2.9805908,0.5119252339990686,1.2096252500000002,0.2620674452050012,0,200,1.893269571565,-0.39953613,6.0586853,1.996405628189874,0.729423525,3.9856354322682055,0,200,S
8.724190444499996,5.9978485,10.170592999999998,1.0375596709074892,9.227745,1.0765300706936576,0,200,1.1005273469999997,-0.21028137,2.3548126,0.3966604784239973,1.12093355,0.1573395351435544,0,200,2.058072284666501,-0.84013367,7.1063232,2.3529667560947174,0.58387755,5.536452555286896,0,200,S
8.378498448999995,5.3678284000000005,10.070175,1.4589944486994366,9.2241135,2.128664801335773,0,200,1.2088867936499998,-0.5700989000000001,2.5202637,0.42668803898793023,1.11720275,0.18206268261536548,0,200,2.371150590227499,-1.1660004,7.3802949999999985,2.8944850435308944,0.507751465,8.378043667224045,0,200,S
8.2690084795,4.165848,10.043564,1.447122466847912,9.021263000000001,2.0941634340559863,0,200,1.1062953184100006,-1.3208008,3.1093292000000003,0.5997578503365689,1.1475143500000002,0.3597094790403423,0,200,2.8793196920349997,-0.74069214,8.198441,2.761993756333629,1.4781342,7.62860951002595,0,200,S
8.087409969999998,5.123337,10.412643,1.2740295509377062,8.255302,1.6231512966625332,0,200,0.9376287829100004,-2.764511,3.790741,0.7169464750566009,0.99468995,0.5140122480960853,0,200,3.516404950355,-1.4162598,7.794922,2.5885549745529923,4.224205,6.700616856283044,0,200,S
9.188898008000002,5.5289917,10.621658,0.7647895404666046,9.371231,0.5849030412071202,0,200,1.3412192536580003,-0.54244995,4.0786133,0.6405567633312417,1.2206955000000002,0.4103129670493963,0,200,0.778222274268,-0.46855164,6.131424,1.3221763256037875,0.41368866,1.7481502359871333,0,200,S
7.965217752000005,4.1694794,10.3281555,1.371938443651689,8.19605275,1.8822150931694188,0,200,1.0861110717649998,-0.90156555,3.2182922,0.7922892204948278,1.00831605,0.6277222089123018,0,200,3.645824051849999,-0.10774231,7.728347999999999,2.648444495278538,4.337494,7.014258244571193,0,200,S
8.684429636999996,4.3310699999999995,10.906754,1.3972347650997308,9.2867505,1.9522649888033,0,200,1.2579627226999994,0.46290588,3.1466064,0.440664906671134,1.1735687,0.1941855599714792,0,200,1.7908148133985,-0.85702515,7.936035,2.460537835887506,0.517829895,6.054246441833972,0,200,S
8.565494235500005,5.977539,10.581406,1.0073001879537309,8.938270499999998,1.014653668651621,0,200,1.36587020585,-0.29736328,2.5618133999999997,0.4300472693754873,1.3231964,0.18494065389731296,0,200,2.4748547408875,-0.29118347,6.842376700000001,2.2754574472607123,1.43401335,5.1777065942942375,0,200,S
8.066247475499999,4.1873627,9.975662,1.31344795081127,8.3372115,1.7251455194903245,0,200,1.2473989893999993,0.49461365,2.1647644,0.27117828834653684,1.23757175,0.07353766407055749,0,200,3.4760209626900016,-0.16194153,8.1214905,2.580141500483861,3.9371109,6.657130162519107,0,200,S
8.796668954000006,6.7048035000000015,10.14003,0.7465606356155509,9.0596925,0.5573527826506954,0,200,1.3825636283500002,0.48612976,3.2181243999999998,0.3554793351934175,1.312088,0.12636555774955407,0,200,2.052082973815,-1.2432251,5.9864654999999996,1.987472501591365,0.89271545,3.9500469445818376,0,200,S
8.711726904000006,6.14711,10.001022,0.9330606229356224,9.1856765,0.870602126073012,0,200,1.4344086478500016,-0.15501404,2.491745,0.3473478745876363,1.4272613499999998,0.12065054598054832,0,200,2.0637176497830008,-0.4187317,6.3877106,2.2306297461318136,0.8042984000000001,4.975709064328083,0,200,S
8.784189300999996,6.337219,10.489319,0.7874836803825556,8.943985000000003,0.6201305468688549,0,200,1.2445835853500002,0.02822876,2.688675,0.3948368417794317,1.2128830000000002,0.15589613162635602,0,200,2.359618984669998,-0.43980408,6.671921,1.7416957565131228,2.27015685,3.03350410825582,0,200,S
8.899167341999995,6.1759949999999995,10.31868,0.7114510568222502,9.099822999999999,0.5061626062534966,0,200,1.4291301009499993,0.23255920000000002,2.5738373,0.3927199860694429,1.4183273500000002,0.15422898745838345,0,200,1.9357801873338492,-0.34902954,6.343521,1.6624451699798313,1.4427719,2.7637239431892704,0,200,S
8.925869276500004,5.4003754,11.463867,0.9137732183324324,9.2379535,0.8349814945416112,0,200,1.1524506394999996,0.35118103,2.1554412999999997,0.3158612989495832,1.1651153500000002,0.09976836017411796,0,200,1.7107806442270006,-0.8340148999999999,6.8880463,1.9912673880308625,0.6361770499999999,3.965145810635253,0,200,S
9.1197281715,7.517334,12.3541565,0.4816478115249038,9.1811525,0.2319846143467293,0,200,1.305177919525,0.027664185,2.5071106,0.31589872876389885,1.2525635,0.09979200683464733,0,200,1.61400810225,-0.26605225,4.8701935,1.2294080565183865,1.4842986999999999,1.5114441694323164,0,200,S
9.079549476162788,7.216461,10.339996000000001,0.4816866993112829,9.1457595,0.2320220762933983,0,172,1.4428735811627909,0.54463196,3.3075410000000005,0.4185971811119515,1.3872223,0.17522360003487192,0,172,1.4054772115523262,-0.48625183,4.6931,1.2998656882625559,1.2032699999999998,1.6896508075222887,0,172,S
