x_gyro_mean,x_gyro_min,x_gyro_max,x_gyro_std,x_gyro_median,x_gyro_variance,x_gyro_zero_crossing,x_gyro_mean_crossing,y_gyro_mean,y_gyro_min,y_gyro_max,y_gyro_std,y_gyro_median,y_gyro_variance,y_gyro_zero_crossing,y_gyro_mean_crossing,z_gyro_mean,z_gyro_min,z_gyro_max,z_gyro_std,z_gyro_median,z_gyro_variance,z_gyro_zero_crossing,z_gyro_mean_crossing,Activity_ID
-0.1502162656805,-6.1687737,6.3811064,1.513606261897749,-0.063210929,2.2910039160560767,0,200,0.09503863490100008,-3.2407625,3.3063529000000003,0.8878746748430802,0.049839460999999995,0.7883214382277054,0,200,-0.09879261080499996,-4.0142574,1.5815768,0.7338456563958777,-0.09035573000000002,0.5385294474110967,0,200,A
-0.0008021447124999995,-2.7002728,4.283601,0.9810840031932292,-0.019002186,0.962525821321652,0,200,-0.011780493669899994,-1.1890628,1.3281571,0.5107907345856504,-0.060415141500000005,0.26090717453854834,0,200,-0.0045859623089999895,-1.4245994,1.7328443999999998,0.4110755958384573,-0.022711437,0.1689831454939427,0,200,A
-0.20949263094000006,-12.959833999999999,1.2475975000000001,1.1443620623924269,-0.094635828,1.3095645298430478,0,200,0.011900335137999991,-3.583777200000001,2.5340363999999997,0.6859960617282642,-0.068937255,0.4705905967066885,0,200,0.129551950452,-0.7481565,4.794414499999999,0.6890788160014271,-0.0157874855,0.4748296146619286,0,200,A
0.11424134656574993,-2.7940156000000003,5.332886,1.0457413562521898,-0.039241945,1.0935749841761695,0,200,0.06135546784650001,-1.4074417,3.5194059999999996,0.6843641720740288,0.0104250765,0.4683543200185709,0,200,-0.13987482394200004,-4.9080143,1.9480275000000002,0.7921596358508856,-0.078638083,0.6275168886714075,0,200,A
0.06759897566375002,-13.050382,4.9611095999999995,1.9452389043647724,0.15250592,3.783954395054261,0,200,-0.02360458827749999,-4.4114876,2.0589287,0.8229281784366136,0.06528659549999999,0.6772107868650029,0,200,0.17550710749509982,-1.3447051,3.800522,0.7892009038882308,0.026290192999999996,0.6228380666980006,0,200,A
-0.229599013695,-9.897198,18.884114999999998,2.863224046515348,-0.20169437,8.198051940543722,0,200,0.0021110867949999785,-2.7656536,1.7713076,0.6235105579550195,0.02320865,0.38876541588137975,0,200,-0.04678701958750006,-1.8048993000000002,3.3499152999999997,0.6908247121925161,-0.06638781499999999,0.4772387829758727,0,200,A
0.0214413909965,-16.052296,9.399002000000001,2.371219561209487,-0.052024586,5.622682207462512,0,200,0.051832482241500034,-4.3315926,3.9018364,1.173303044363817,0.0093604785,1.3766400339134013,0,200,-0.15528439998900004,-5.7911196,3.317957,1.3072433007761268,-0.038691202999999987,1.708885047424063,0,200,A
-0.0026708176030000013,-1.70638,1.149594,0.5453739920584454,0.020946294,0.2974327912137652,0,200,-0.012125905678000001,-0.9078322,0.8083088,0.4111551102211536,-0.023130086499999997,0.169048524660969,0,200,0.0010696520550000014,-0.8962293,0.8955453999999999,0.3618134678259114,-0.045082923,0.13090898550021182,0,200,A
0.15417358900349998,-3.3628662000000005,7.855433500000001,0.9835988176082834,0.082199,0.9674666340004132,0,200,0.1016444916215,-1.5938622,3.5385817999999998,0.7338711921848312,0.00030599715,0.5385669267187855,0,200,0.16608431088664996,-0.7204607,4.2798905,0.6039599158910313,0.00977806225,0.3647675800031016,0,200,A
-0.07999282813000015,-6.8654556,7.616814,1.7671476099951804,0.093916905,3.1228106755116785,0,200,0.02202141514750009,-3.301481,7.061411,1.2803908561727724,-0.10941624,1.6394007445708452,0,200,-0.135065954186,-3.4230366,1.7530833,0.7611120280665287,-0.036560939,0.5792915192675443,0,200,A
-0.02862551719199998,-1.9620432,1.9805005,0.7746274266694005,-0.095167265,0.6000476501484575,0,200,0.0025750840894999943,-1.9571174,1.31431,0.6849836110488962,0.132398785,0.4692025474055855,0,200,-0.0073995934499999985,-1.1337836000000001,0.9701136999999999,0.3788713437284145,-0.028039092,0.1435434950985744,0,200,A
-0.24356392490699996,-10.495875999999999,3.0521564,1.7185884322120728,-0.023794545,2.9535461993331498,0,200,-0.02639458625499994,-3.2567396,5.74581,1.4293860201638553,-0.07213172,2.043144394639865,0,200,-0.017540911222499945,-3.7916182999999997,3.7973254,0.9492870081975898,-0.032832781000000005,0.901145823932731,0,200,A
0.025101332956500008,-1.8118406999999999,2.3991497,0.5715436420745268,0.0294689435,0.32666213479581474,0,200,0.010144087177549988,-2.3981366000000004,3.4022286,0.902745192943726,-0.0092811165,0.8149488833830049,0,200,-0.0292484055015,-1.3308575,2.2995634,0.4650208667493882,-0.05946465550000001,0.21624440651235236,0,200,A
0.10118786626299986,-4.580463,8.378478999999999,1.5746661582251873,-0.047230097,2.4795735098596703,0,200,-0.016945428224799986,-2.5280986,2.5244505,0.6769601332403961,0.017883391999999998,0.4582750219968548,0,200,-0.15027312668849999,-5.443844,2.382654,0.9544936461020409,-0.08609627,0.9110581204491682,0,200,A
-0.08230371334000003,-9.023681,16.688608,2.3971080231201025,-0.048295093,5.746126874506768,0,200,0.012429263992499991,-1.6460596,4.8169,0.8784750188422666,-0.088643055,0.7717183587299208,0,200,0.032041295491499935,-3.3900142,3.2039726,0.949654247254241,-0.047214385,0.9018431893280192,0,200,A
-0.07623163593599998,-15.22565,7.8841968,1.7309763916845076,-0.0637414325,2.996279268569117,0,200,0.07781011338400003,-4.0993633,4.3875985,0.9759527010872888,0.079136365,0.9524836747595752,0,200,-0.01190619522115005,-3.9226463,5.990704,0.8236989002573463,-0.050942810500000005,0.6784798782851617,0,200,A
0.08235985534200005,-1.138593,2.0486782,0.6270580575841442,0.080602165,0.3932018075811999,0,200,-0.04924385833874998,-1.5832088,1.3622476000000001,0.6104012589218482,-0.0620110415,0.3725896968933771,0,200,0.049277001693000005,-0.9164704,1.0702478000000002,0.3274553144408178,-0.00886513035,0.10722698295553487,0,200,A
-0.023550132396984908,-1.6967915,1.387149,0.5342377897754054,-0.033913757999999995,0.28541001602411026,0,199,-0.012452021125628142,-1.0441847,1.1566516000000002,0.5688173204595135,0.004035488,0.3235531440547409,0,199,-0.01340997946030151,-0.82272714,0.75386393,0.2809020018710074,-0.050410442,0.07890593465513943,0,199,A
0.03911570189499998,-6.187946299999999,5.939024,1.901855349515096,-0.15322311500000002,3.6170537704791874,0,200,0.003598950585000014,-4.0333166,2.5106029999999997,1.4982883050523146,0.24425288,2.2448678450565374,0,200,0.11515268457500012,-5.6505055,4.0785540000000005,2.0044456906859733,0.5040594250000001,4.017802526909566,0,200,B
-0.0553145561985,-10.760061,6.1339674,2.2426211876421416,-0.16600627999999998,5.02934979126145,0,200,0.05956266112499994,-5.243457,3.812356,1.741476350273523,0.351844595,3.0327398785619915,0,200,0.07993477520500003,-6.1043085999999995,5.1289050000000005,2.322038656161232,0.46198122,5.39186352070706,0,200,B
-0.11275344365300015,-5.326147,6.6154675,1.8857970313841408,-0.41527788,3.5562304435772387,0,200,0.015652683604999933,-3.580579,2.7524182999999995,1.6209762445973306,0.376878575,2.6275639855488646,0,200,0.08865922252000003,-5.4161477,4.084944999999999,2.2276480475741485,0.29313667,4.962415823860916,0,200,B
-0.08828950324000001,-5.884345,4.646859,1.975117814497448,-0.24163965,3.9010903811451763,0,200,0.046066028679999996,-3.8980277,3.3479010000000002,1.6147583260762677,0.301777425,2.6074444516326296,0,200,0.08324216239459997,-5.7080307,4.1541877000000005,2.1120969089264516,0.43321881,4.460953352696673,0,200,B
-0.03426981727499997,-6.3711709999999995,5.654599,1.901053057321216,-0.116470955,3.614002726750341,0,200,0.040516234375000015,-3.633842,3.0996947,1.544312840680811,0.116421552,2.3849021498916367,0,200,0.09055506865,-5.613222,4.0753574,1.9784228607683836,0.37622689,3.914157016010954,0,200,B
-0.06733541137249999,-6.091006299999999,6.5025496,2.0392211679876406,-0.17346247,4.15842297196888,0,200,-0.06356006793249999,-3.9353116000000004,2.8770545,1.6070522876224318,0.087659545,2.5826170551524923,0,200,0.03197071175499997,-7.2217717000000015,4.105185,2.3840582429008887,0.47636175,5.683733705543673,0,200,B
0.11713115016500003,-6.4713059999999984,6.4546127,1.9759644096178268,0.059830575,3.904435348076327,0,200,-0.008629481920000006,-7.595560000000001,2.9484272000000002,1.5132329104424622,0.11109563199999999,2.2898738412461648,0,200,0.15560505777,-5.9274755,9.722324,2.6180010265013234,0.8145830749999999,6.853929374761982,0,200,B
-0.2998929955499999,-10.331824000000001,5.1443377,2.20328228206201,-0.28691273500000003,4.8544528144483765,0,200,0.04171495977499999,-5.62269,4.0520415000000005,1.849611058998816,0.221883135,3.421061069570721,0,200,0.07988606172500001,-6.4111056,4.9478089999999995,2.352116002804204,0.28141809999999995,5.532449690647626,0,200,B
-0.044591666030300015,-5.4379992,4.338998,1.7699282713170332,-0.249095835,3.1326460856073006,0,200,-0.005614482035000043,-3.3366325,3.1806552000000003,1.5972649194266515,0.343323535,2.551255222831028,0,200,0.037046203793,-5.24038,3.8527172,1.8118100636122672,0.164771375,3.2826557066066875,0,200,B
-0.11806272452200005,-10.736624,7.0053554,2.3064145059306416,-0.16334179,5.319547873167286,0,200,0.022833555974999985,-5.0634255,3.3894472,1.5212779710528952,0.10417180699999999,2.314286665210813,0,200,0.04207410871999997,-4.9996305,3.9432641999999998,2.108387908511161,0.40605364,4.4452995727560705,0,200,B
-0.07727358105500003,-18.012379,8.588339,2.9946432678502126,-0.15268902,8.967888301680599,0,200,-0.10668118060249998,-4.0343804,4.6613736,1.7696981468377624,0.145184625,3.1318315309210103,0,200,0.0073143639067499875,-6.962913499999999,4.1382074,2.2029924221542907,0.30645126,4.853175612069228,0,200,B
-0.06448497618209999,-6.954934599999999,5.0292900000000005,2.004572755562916,-0.20488683,4.0183119323451,0,200,-0.05528191066649997,-4.919615,2.7897038,1.5096560487546298,-0.0913038115,2.279061385541442,0,200,0.06894501913699996,-7.9706535,4.1552515,2.3130183763908017,0.39380282,5.350054009521539,0,200,B
-0.23146494064000006,-7.6462913,5.0569873,2.0049487093750447,-0.21607184,4.019819327224658,0,200,-0.022833892965000033,-3.8255879999999998,3.4086225,1.7009960112357467,-0.27293140000000005,2.893387430239921,0,200,0.09795207380499996,-5.9562387,4.609054,2.5396501260804003,0.57649555,6.449822762900193,0,200,B
-0.031962066074999976,-8.89052,11.833134,2.5330562487107504,0.08220232999999999,6.41637395913258,0,200,-0.05943084228000005,-4.6287975,3.7590947,1.6629254505980764,-0.049758235,2.7653210542468147,0,200,-0.004457327935000028,-6.4760876,4.437546299999998,2.2713576160220925,0.19726114,5.159065419861563,0,200,B
-0.114823538,-4.6933784,5.2434080000000005,2.0697898696867125,-0.546303575,4.284030104657738,0,200,0.06157808585500001,-4.334784,3.7207456,1.7714882418250926,0.251179235,3.138170590924558,0,200,0.051564708450000066,-7.264384,5.394153599999999,2.6780396500068933,0.42789075,7.171896367009044,0,200,B
-0.1827072506415001,-10.172033,9.39794,2.3178082049211146,-0.33857672000000005,5.3722348747996405,0,200,0.06845446123999997,-4.647972,5.353796,1.7629830072803807,0.1190865775,3.108109083959376,0,200,0.023441554857000026,-7.0055246,5.949156299999999,2.7095396617433734,0.196728245,7.341605178560393,0,200,B
-0.011194216774999974,-3.7389004,6.225582599999999,1.8247920222926597,-0.22885435,3.329865924622934,0,200,-0.10748436868999997,-4.0631413,4.0307379999999995,1.8506874676578882,-0.0476271735,3.425044102945966,0,200,0.15858082247000002,-6.3056464000000005,4.4513940000000005,2.3746258733676795,0.07795099,5.6388480384672155,0,200,B
-0.13344076700351742,-4.7828593,3.3429775,1.6577520719150287,-0.2927701,2.7481419319385707,0,199,-0.029803811112060333,-3.6466227,3.052825,1.535010094599654,0.20643866,2.3562559905228384,0,199,0.0004085685276381875,-5.861431,4.9776344,2.3427801883471444,-0.15161376,5.488619010911882,0,199,B
0.09660204309299984,-5.150997,6.0183005,1.3467757481362186,0.0395039985,1.8138049157678708,0,200,0.010831075740000008,-1.2038953000000001,2.0632707999999997,0.4524070427421784,-0.007603325,0.2046721323227232,0,200,-0.0700682367205,-2.1287556,1.7615900000000002,0.502375349382502,-0.043500474000000004,0.2523809916671909,0,200,D
-0.006360959892149996,-1.4864873,2.5615175,0.43083920936505415,-0.019085544000000003,0.185622424326305,0,200,-0.004013347552100006,-0.48590705,0.420633,0.09755272075286588,0.0009187905999999999,0.009516533326286632,0,200,0.008921169856499994,-0.24430269,0.65584576,0.09461220929506832,-0.0024876588,0.008951470147693815,0,200,D
-0.00118910140325,-0.12401409,0.07838615,0.028247303271494363,-0.000976048565,0.0007979101421117763,0,200,0.002277269017,-0.017190438,0.02328961,0.005551157292291853,0.0025169535,3.081534728376502e-05,0,200,-0.0008260979289999997,-0.031250063,0.02520895,0.006410861962360081,-0.0003573962,4.109915110043535e-05,0,200,D
-0.0018866764194500004,-0.088860095,0.075190626,0.021946536904462112,-0.0020411799,0.0004816504820989174,0,200,0.0021228056514999987,-0.031038877000000006,0.027550667999999997,0.005327189287979464,0.0019843213,2.8378945709963128e-05,0,200,-0.0005065332459999998,-0.02059742,0.018817363,0.005348267355355236,-0.0003573962,2.860396370435849e-05,0,200,D
-0.001812014675,-0.059032694000000004,0.08051695,0.01870976037465773,-0.0015084144,0.0003500551332771127,0,200,0.0021762739485499992,-0.018255437,0.019028552,0.0044850275852686425,0.0019845876,2.0115472440620672e-05,0,200,-0.0004852279529999992,-0.021662683999999998,0.028404742,0.005626278015065129,-0.0003573962,3.165500430280521e-05,0,200,D
-0.001002413798,-0.10164327,0.06453798,0.02385279683849768,0.0006221144,0.0005689559170186449,0,200,0.0024160196989,-0.023581757999999998,0.032877255,0.007153665624298956,0.003049852,5.117493186427658e-05,0,200,0.000398941497000001,-0.025923742000000003,0.0326658,0.007609825442727766,-0.0003573962,5.790944326878684e-05,0,200,D
-0.00015542074579999983,-0.0867293,0.06027719,0.017812398982834834,-0.00044315,0.0003172815575236955,0,200,0.0015691344797999995,-0.020385966000000002,0.021159347000000002,0.00497226756042313,0.0019845876,2.4723444692436178e-05,0,200,-0.0003628304005999999,-0.03870718,0.016686568,0.005335951994345215,-0.0003573962,2.847238368595668e-05,0,200,D
-0.0003097256865999998,-0.09631668,0.14975940000000001,0.02918557165705925,0.00062238076,0.0008517975929493403,0,200,0.0014519633807999995,-0.047017574000000006,0.03500805,0.008550838173404542,0.0019845876,7.311683346775233e-05,0,200,0.00012170642175000027,-0.024858745,0.047579236,0.008184019195120592,-0.00035766252999999996,6.697817018610229e-05,0,200,D
-0.0004908205540000003,-0.14425358,0.23071949,0.033331682249275164,-0.0025734126,0.0011110010415666446,0,200,0.0017025588660999984,-0.09708474,0.045660697,0.011484911954661892,0.001984854,0.00013190320260633565,0,200,0.0006277070552500012,-0.03125033,0.07740664,0.010415506042753105,-0.00035766252999999996,0.00010848276612662641,0,200,D
-0.0020460200721000013,-0.23267053,0.19023971,0.037989467318653984,-0.0004428837,0.0014431996271550794,0,200,0.0018836537761999976,-0.038495193999999996,0.06909651,0.010051441862525556,0.00091958954,0.00010103148351573124,0,200,-0.0004162520413499995,-0.103688315,0.09551614,0.013730869720753694,-0.00035766252999999996,0.00018853678328831065,0,200,D
-0.004911401821350001,-0.2944556,0.24137240000000001,0.06582860423872422,-0.00044261737,0.0043334051360185795,0,200,0.0031033815174,-0.07045313,0.07442284,0.0145026362076919,0.001984854,0.00021032645697265608,0,200,-0.00014486001560000023,-0.14203809,0.07208005,0.01922080028020139,0.0007073356,0.0003694391634113898,0,200,D
0.0007771103577000013,-0.06329322,0.091170125,0.021165488503183345,0.00115527928,0.0004479779035783861,0,200,0.0019904039327,-0.011863317,0.025420937999999997,0.005507390326276052,0.0019851204,3.0331348205959046e-05,0,200,-0.00017150759880000025,-0.028054804,0.022012625,0.006806741030136334,-0.0008905610799999998,4.633172345134145e-05,0,200,D
-0.0008793545182999995,-0.06329295,0.059212457,0.01920482728417764,0.00062264706,0.00036882539101509376,0,200,0.0010263822463000007,-0.022515962,0.022225145,0.005518251755774275,0.00091985584,3.0451102440105864e-05,0,200,-0.0010077401295999992,-0.03231586,0.0347958,0.006328636591826369,-0.0014231932999999998,4.005164111140368e-05,0,200,D
-0.0002292980444999998,-0.12081723,0.13804202,0.035218956961835635,-0.0004423510400000001,0.001240374929479631,0,200,0.001106330349900001,-0.035299133999999996,0.054183077,0.009506701916269846,0.00091985584,9.037738132480874e-05,0,200,1.486043950000012e-05,-0.05362115,0.032665268,0.01034068544040381,-0.00035792886,0.00010692977537737932,0,200,D
-0.0010602043200999994,-0.15064463,0.093300916,0.028185938834838057,0.0016881778,0.000794447148001232,0,200,0.0017137441368499998,-0.025711487999999998,0.017964354,0.006300829626708378,0.00145275432,3.970045398480604e-05,0,200,-0.0004913532457000005,-0.053621415,0.024142887000000002,0.008205026265398959,-0.00035819516,6.732245601588683e-05,0,200,D
-0.0007718160823000001,-0.16924389,0.10182303,0.023573108248803643,-0.00015446334,0.0005556914325098144,0,200,0.0009589710103999992,-0.03222425,0.019973708,0.004879520010855711,0.0009201221400000001,2.3809715536341314e-05,0,200,-0.00027923246944999995,-0.052497562000000005,0.038049914,0.0069595645294798225,-0.00035819516,4.843553843999372e-05,0,200,D
0.00026631607770000095,-0.12556805,0.08428904400000001,0.024811097941464282,0.00013315806,0.0006155905810609332,0,200,0.00013848439880000002,-0.031158984,0.0231695,0.0061362843685888865,-0.0002663161,3.7653985852188316e-05,0,200,0.0007281814472000008,-0.036518864,0.028462535,0.0078712001813351,0.0007653925,6.195579229464971e-05,0,200,D
-0.0019170745661306523,-0.0669785,0.050200585,0.019373078048953545,-0.0019973707,0.0003753161530908457,0,199,0.00016728398532663303,-0.019441076,0.014647386,0.005373474727712357,-0.0002663161,2.887423064936339e-05,0,199,0.0009420444205025126,-0.03864939,0.028462268,0.0074842882836859284,0.0007653925,5.6014571113318444e-05,0,199,D
-0.11535215577370002,-4.0148480000000015,3.6667733,0.8095880448826136,-0.048869006,0.6554328024168528,0,200,0.02306297467720004,-0.8386294,1.7030915,0.3525732588821272,-0.011984224,0.12430790287876348,0,200,-0.11079442608949998,-2.1468077,0.7421894,0.4106432892054885,-0.029594644000000007,0.1686279109695025,0,200,E
0.050781159751999976,-5.9355199999999995,13.538579,1.907642501429289,-0.022237395,3.639099913259394,0,200,0.007419568050399982,-2.391785,1.4016217,0.4229742301999369,-0.0018642128,0.17890719941322916,0,200,0.023455526875050016,-2.6219156000000003,2.5073326000000002,0.6952729839550627,0.0028959212,0.4834045222177768,0,200,E
-0.017629926880399997,-1.1546135,0.672315,0.18845580432185552,-0.01318238075,0.0355155901825975,0,200,-0.033470350028000015,-0.35499936,0.12436989,0.0861412948294532,-0.00985343,0.00742032267489478,0,200,-0.0080550502034,-0.47221202,0.61329246,0.11944371953786785,-0.0034956653000000003,0.014266802137040834,0,200,E
0.008570318689500001,-1.0480868,1.078181,0.2397887699831276,0.0033292177,0.057498654210021274,0,200,0.003797934352500004,-0.41998023,0.5110609,0.12558147606742648,0.00133184682,0.015770707131273612,0,200,0.013116867235499995,-0.17606877,0.25962440000000003,0.0809479876435226,0.013548300000000001,0.006552576703535886,0,200,E
0.0066796263197499905,-7.583483999999999,5.643904,1.6273552393062074,-0.009453955,2.6482850748973643,0,200,-0.056762115967199996,-1.9891145000000001,1.9097533,0.5979382057832923,-0.00026591662999999997,0.3575300979353428,0,200,0.06359974596869998,-2.2043324,2.220776,0.5875012309200316,0.0060914485,0.34515769633255233,0,200,E
0.008772986008500008,-6.0399156,7.195995,1.1049566126081465,-0.018508437000000003,1.2209291157464688,0,200,-0.08730321297150001,-1.28604,0.9201226999999998,0.3685908814967031,-0.0237016,0.1358592379225166,0,200,0.056787246408400015,-1.2157671,3.6365125,0.6811689491279043,-0.006691858199999999,0.4639911372560134,0,200,E
-0.011088718350700008,-0.26937795,0.11305199,0.055399718494518205,-0.0115840845,0.003069128809271862,0,200,0.0024508073524000013,-0.10040037,0.07856405,0.02629008374053822,0.0039954073,0.000691168503084512,0,200,0.0034812841741999998,-0.10682685,0.057223875,0.02299558862299354,0.0050259177,0.00052879709611795,0,200,E
-0.055100003696999966,-0.99908406,0.3729765,0.1976381145380281,-0.020106068,0.03906082431814672,0,200,0.03856337122490002,-0.21970999,0.48336452,0.11553864697842615,0.014115553000000001,0.013349178945605378,0,200,-0.028199761329699993,-0.44131988,0.45882857,0.10710364158957132,-0.0072246233500000015,0.011471190041747348,0,200,E
0.07567722335610001,-1.139699,2.876348,0.3739701483110284,-0.0062576294999999995,0.13985367182777256,0,200,-0.03310222385459997,-0.42637128,0.29161695,0.11511659096078446,-0.008787633000000001,0.013251829514432562,0,200,0.032610673559700015,-0.26981258,0.51528734,0.13322530933202806,0.008754076999999999,0.017748983046614566,0,200,E
-0.0277224412507,-0.5633906999999999,1.7162752000000001,0.2257762775553509,-0.02223633,0.05097492750675086,0,200,-0.0007872300977999971,-0.20479602,0.25220242,0.07392998122437668,-0.0045263086999999995,0.005465642123836686,0,200,0.010911237189699998,-0.26022518,0.46735042,0.08424687220651621,0.00715618,0.0070975354765810735,0,200,E
-0.022262961199399984,-0.77005196,0.81080043,0.17528537582291354,-0.015844743999999997,0.030724962977380036,0,200,-9.480844750000247e-05,-0.2836256,0.24474557,0.06892802644563231,0.0008000136,0.0047510728296897885,0,200,-0.0050305341273000105,-0.26022518,0.17014164,0.04899814814563328,0.00076459354,0.002400818521701425,0,200,E
0.002680268249149996,-0.28855243,0.47630742,0.10235159364638743,-0.00306157,0.010475848721955216,0,200,-0.0017405354996000006,-0.2175792,0.11052225,0.05192888995996837,0.0029308088,0.0026966096124745034,0,200,-0.0025220136657999933,-0.2591602,0.14883608,0.06967364294205285,0.010351707,0.004854416520816671,0,200,E
0.0007843009992500001,-0.12450145,0.2568632,0.03516901768671122,0.0011997541,0.0012368598050482068,0,200,-0.0027097664267499984,-0.115313545,0.061520353,0.02094432276452908,-0.003460778,0.00043866465606477115,0,200,0.0010466223152999956,-0.052498895999999996,0.08598548,0.01742292926968569,0.00023169502,0.0003035584643364703,0,200,E
-0.002246376346549997,-0.082956135,0.03848401,0.018499064875672284,-0.001463407,0.00034221540127433206,0,200,0.0007097323675499988,-0.029027125,0.051932972,0.013059343553685245,0.0008002799000000001,0.00017054645405318038,0,200,0.003912183640899999,-0.015214638999999999,0.046570695999999995,0.008604222627521694,0.002894856,7.403264702395633e-05,0,200,E
0.0008109444594000001,-0.15006779,0.124770425,0.033151027037836324,0.00013448963,0.001098990593663355,0,200,-0.003258351016750001,-0.09187773,0.077499315,0.023478679360609208,-0.000797483615,0.0005512483845182969,0,200,0.0014993477313000006,-0.0343894,0.048701227,0.015876521633714037,0.0018295917000000002,0.0002520639391857898,0,200,E
0.0008325041572999999,-0.08295587,0.10346541,0.024063835762776348,-0.0009305085000000001,0.0005790681916178739,0,200,-0.0017081515515000006,-0.062050056,0.037019536,0.015598068145845474,0.0008005461999999999,0.00024329972988243925,0,200,0.001499093340899997,-0.049303368,0.03911358,0.015449108338131947,0.0028945896999999997,0.00023867494844333808,0,200,E
-0.003971838254799999,-0.1298275,0.26432034,0.04891718544415704,-0.0035936696500000003,0.0023928910317780497,0,200,0.0016368106509999985,-0.1536628,0.06897747,0.03195987401834482,0.0029310752,0.001021433547268472,0,200,0.0009771138736,-0.05995601,0.04657043,0.0217348263158086,0.0012966931,0.0004724026749783658,0,200,E
0.059837996796281365,-2.0196064,4.0587926,0.6547893797938851,-0.012648151000000002,0.4287491318908607,0,199,0.014274532819397013,-1.4436978,1.4271898,0.3643839614122047,-0.004525509699999999,0.13277567133445106,0,199,0.002905071520402024,-1.0154985,0.7517752,0.2585170498477453,-0.0024319987,0.06683106506198164,0,199,E
-0.006070942876799994,-1.4784473999999999,1.5192066,0.4694930220698161,0.055533299,0.2204236977722488,0,200,0.011170290921000005,-1.1145267,1.2887098,0.4450433485286641,0.00879469,0.198063582069606,0,200,0.009020658722500009,-0.9473258,1.1906598999999998,0.40933004763913,0.041239582000000004,0.16755108790025242,0,200,G
-0.02919781171900002,-1.0001438,1.1644735000000002,0.3875936235642231,-0.022231004500000002,0.15022881702764468,0,200,-0.0088459542645,-1.1773771,1.0436993,0.3999916358040905,0.0141211455,0.15999330871323214,0,200,-0.0004817257447499986,-0.68100995,0.5813284000000001,0.2573447115868749,0.022597187999999997,0.06622630058173186,0,200,G
-6.258385799999822e-05,-1.2163921999999998,1.5287943000000002,0.4199814079274949,-0.005719138299999999,0.17638438300476084,0,200,0.004949403878000001,-1.2125306,1.0436995,0.4636697042892197,-0.007183876999999999,0.21498959467565248,0,200,-0.0072355416249999934,-1.1113768,0.870015,0.3324319972690947,0.0071508541,0.11051103280831942,0,200,G
-0.008499477245000003,-0.96392447,0.9226588,0.3561124542034669,-0.031818118,0.1268160800388163,0,200,-0.0013835124327499892,-1.0751115,0.8988235000000001,0.4289876331929888,-0.037011281,0.18403038943252228,0,200,0.0033529837244999977,-0.7119025999999999,0.59091574,0.2266137113048441,0.017803231,0.0513537741513552,0,200,G
0.0018072027264999973,-0.94794524,1.1484951,0.3913207912458592,-0.0073167688500000005,0.1531319616612853,0,200,-0.01051802225075,-0.8716459999999999,0.89349747,0.3889560928008968,-0.01144480135,0.15128684212693988,0,200,-0.004945489845500008,-0.7491871999999999,0.74963987,0.2615719092709141,-0.00137152805,0.0684198637196313,0,200,G
-0.006443253118149997,-1.3335709999999998,0.9972276,0.3106534480739612,0.028369589,0.09650556480024132,0,200,-0.0052501546835000005,-0.6372875,0.7592741,0.3067239826359052,-0.016238358,0.09407960152403104,0,200,0.002207654851999998,-0.5585051,0.51102066,0.2447975342780018,0.00342216205,0.05992583278858946,0,200,G
0.0018286496903500056,-1.221718,1.2102808,0.3790577455895953,-0.005186106649999999,0.14368477449146633,0,200,0.005120242691099999,-1.0325005999999999,1.5582223999999998,0.3528056103971731,-0.039674042,0.1244717987277219,0,200,0.003389938755999997,-0.89193285,0.9041030000000001,0.31054951656316704,0.01407454,0.09644100223761674,0,200,G
-0.011502990438500005,-0.71252155,0.80334973,0.3205614567910809,0.005999303300000001,0.10275964758002,0,200,0.0041191121669999975,-0.8865591,1.0191989,0.3703428533338868,-0.0007917580000000005,0.13715382901548476,0,200,0.0011580107810000011,-0.62135595,0.53339094,0.2459366332010233,0.030585872000000004,0.06048482755025469,0,200,G
-0.0022030601599999982,-0.8222434999999999,0.7884363,0.2780529977112956,-0.0089143995,0.07731346953623777,0,200,0.0035226170327500033,-0.88016754,0.75714386,0.3107802508436325,0.000806272,0.09658436431443113,0,200,0.0012165321121500002,-0.5435916999999999,0.6484392,0.2029001518330452,0.018867963,0.0411684716138728,0,200,G
0.0038157761198999904,-1.3090694,1.3508958999999998,0.4571386253094862,-0.023827835,0.20897572274984685,0,200,-0.01192883298125,-1.6855072,1.8202779999999998,0.5773154263793272,-0.0434020675,0.3332931015355444,0,200,-0.014144784358500003,-0.9079120999999999,0.7017025,0.2824440441314541,-0.00190482595,0.07977463806533079,0,200,G
-0.011997940000649998,-0.87018013,1.0217292,0.2602601428781516,-0.009979264,0.06773534197095586,0,200,-0.010916799564750009,-0.7310303000000001,0.64209557,0.2634419514747377,-0.0029220203999999997,0.06940166179681806,0,200,0.0139142178573,-0.6490531,0.8732098,0.19756975067476026,0.014606639,0.039033806381686915,0,200,G
0.013387443715850012,-0.99481606,0.86087453,0.3192840654497409,0.0315661825,0.10194231445011444,0,200,0.000748082360000002,-1.21466,0.7060116999999999,0.3111490117483344,-0.0034543863,0.09681370751196514,0,200,0.0033359333609999987,-0.74173135,0.71341985,0.21661119264112855,0.018867431,0.04692040877741211,0,200,G
-0.012253257649300013,-1.1151906999999999,0.9769884,0.37504890349492864,0.019848406000000002,0.1406616800127483,0,200,-0.0067246240255000025,-0.79601115,0.66659695,0.279896788340355,0.0024048348,0.07834221212324546,0,200,0.0036021915064999976,-0.45837104,0.6367208000000001,0.205922247563418,0.014073741,0.04240397204156962,0,200,G
0.00032224285989999613,-1.100277,0.88324535,0.29515937417678845,-0.0051851748,0.08711905616443343,0,200,0.012136024679999993,-1.1827018,0.6271824,0.2703036850276765,-0.005584648849999999,0.07306408213954135,0,200,-0.005250356243999999,-1.0378752,0.9264725,0.21837766891460764,0.00768202135,0.04768880628057799,0,200,G
0.009622189369500002,-1.0938852,1.1527575,0.3438380314538097,0.029968819,0.11822459187403105,0,200,0.020120281774000003,-1.19655,1.2961688,0.3527324202457885,0.0050682615999999995,0.12442016029245158,0,200,0.001631185196499999,-0.8684980999999999,0.6228720999999999,0.27228547186678026,0.03165034,0.07413937818971518,0,200,G
-0.006287456376000002,-1.3761802,1.0323825999999998,0.3635284334285465,0.021979335000000003,0.13215292191101316,0,200,-0.020226439742000002,-1.8719276000000002,0.7677976,0.3605251893123583,-0.011975969,0.1299784121287118,0,200,-0.006949519113000003,-0.85464966,0.66335213,0.2915893315964502,0.0055513591,0.08502433830086456,0,200,G
-0.0075763954749999965,-1.0853629999999999,0.9833805,0.3227480733121982,0.0038698394,0.10416631882673603,0,200,-0.00323547312,-0.7502042,0.7454270000000001,0.32787756928394346,-0.022628614,0.10750370043954716,0,200,0.0006189337192999961,-0.7566453000000001,0.5664128,0.2540571285896698,0.0337806,0.06454502458722801,0,200,G
-0.004695050557727275,-0.7114549,1.0984293,0.2624199195418244,0.0038701057000000002,0.06886421417233761,0,198,-0.007983722292929284,-0.98669267,0.88391167,0.2162366531967033,0.00080747045,0.046758290185711336,0,198,-0.004757224142272728,-0.94413215,0.63032866,0.24446328932417466,0.0124753115,0.05976229982719512,0,198,G
0.01360688861849999,-2.2496965,2.0667548,0.5742448107997659,-0.032881251,0.3297571027304589,0,200,-0.009823869247499995,-0.42316777,0.667663,0.14875907036371386,-0.015704127999999998,0.022129261015476367,0,200,-0.018135326477400036,-2.4482858,1.913972,0.6503979825078408,0.016203470499999997,0.4230175356502696,0,200,H
0.08186903419539998,-2.1090815,4.065191,0.7585061261371794,0.004403004049999999,0.5753315433876307,0,200,-0.048684503029650016,-0.65539515,0.25114462,0.12734758858507314,-0.022628081,0.01621740831843305,0,200,0.0018541917818999942,-1.1603813,0.9658863999999999,0.3920240346936212,-0.018417889,0.15368284377746552,0,200,H
-0.033557525102000024,-1.5689923000000001,3.295005,0.6178465950150475,-0.074959062,0.3817344149716881,0,200,-0.040210269733,-0.52969396,0.30334285,0.1359329789683335,-0.027954403,0.0184777747712054,0,200,0.024299213843750014,-1.5161797,1.1384593,0.4697316448350822,-0.00456945175,0.22064781815947174,0,200,H
0.016238357098499988,-1.6286471000000002,2.7325454,0.6093667355300768,0.00440327045,0.3713278183705826,0,200,-0.046148945884599966,-0.42316750000000003,0.32251787,0.12864239793506418,-0.04073731,0.016548866546483406,0,200,-0.004532251520249974,-1.1561204999999999,0.9999745999999999,0.4367096454483808,-0.044517000999999994,0.19071531442765044,0,200,H
-0.02983415401550006,-2.3956372999999997,2.2371979,0.6105601555020693,-0.015303988000000001,0.3727837034867111,0,200,-0.0643382434375,-1.034629,0.39815164,0.20251580984675888,-0.047128897,0.0410126532378886,0,200,0.014631672739499994,-1.3254976,1.1714822,0.4802937830127649,-0.049310824,0.2306821180007129,0,200,H
-0.026137596222,-1.9950978,2.7037835,0.6551122603271566,-0.0009227852499999999,0.4291720736309562,0,200,0.004334192552350021,-1.0016055,0.91373986,0.2510534765514583,-0.00398568685,0.0630278480885736,0,200,0.047111538252850034,-2.7380383,1.5677606000000002,0.8067819423162057,-0.021614082000000003,0.6508971024475095,0,200,H
0.04233768017805002,-2.1357124,3.2555907000000004,0.7769797739517006,-0.028086895,0.6036975691300358,0,200,-0.07175754433565001,-1.0197151,0.44928458,0.23225076552787424,-0.037008618,0.05394041808828361,0,200,-0.03340669388390001,-2.3396297,1.3387284,0.6882520882008312,0.0082131885,0.4736909369128043,0,200,H
-0.01388678641599998,-1.513598,1.6033657,0.4886738927580483,-0.04885942,0.2388021734633045,0,200,-0.028401141493650018,-0.35498979999999997,0.17977269,0.09488739860658686,-0.028486369,0.009003618414325303,0,200,0.0020344857240000226,-1.55453,1.0063657,0.5143423586014083,-0.0312017285,0.2645480618516597,0,200,H
0.01995137951750002,-1.4635305,2.2371984,0.6442394160839386,-0.0041183123,0.4150444252361742,0,200,-0.0500418616445,-0.62237114,0.18936034,0.12868947283628387,-0.030084133,0.01656098041888065,0,200,0.004505790784999973,-1.4895489,1.2268754,0.5245997778042008,-0.009896573,0.2752049268722168,0,200,H
-0.05411623298430004,-2.5447737999999998,3.9522739999999996,0.7173886610609868,-0.025423334,0.5146464910188754,0,200,-0.0435862726205,-0.42423198,0.40241322,0.11936700778710865,-0.037540983,0.01424848254804766,0,200,0.031792284685000005,-1.8400211,1.1341971000000002,0.5710010166589677,-0.020016851,0.3260421610255747,0,200,H
0.015323117097249931,-2.0057497,1.936794,0.6397843091729416,0.03316621,0.4093239622638981,0,200,-0.049620816154000005,-0.80027,0.28736493,0.15978264914158752,-0.021029118500000003,0.025530494966703662,0,200,0.05259153943750002,-1.5832924,1.5666943000000002,0.6532648840758009,-0.025343172999999997,0.4267550087665695,0,200,H
-0.0042828971174999975,-2.2049541,1.7354591000000001,0.552132852622553,-0.0126398955,0.3048506869451177,0,200,-0.03041924461999998,-0.47323388,0.35021552,0.12223289366380548,-0.015702663000000002,0.014940880293427182,0,200,-0.032837575896400024,-1.6802317,1.1842643,0.6139623028017591,-0.004570783,0.37694970926163895,0,200,H
0.02452206928899998,-2.7588912999999997,5.451102,0.9409273399683602,0.0044044689,0.8853442590999341,0,200,-0.06796972997500003,-0.83968455,0.37684742,0.17248774898146466,-0.03967098,0.02975202354869275,0,200,0.034939736863000004,-1.5779663000000002,1.0766723,0.5687632097563624,-0.019484485,0.3234915887723599,0,200,H
-0.02247201917749999,-1.6680605,2.7591784,0.6468577314140203,-0.023292273,0.4184249246900928,0,200,-0.04234453509885002,-0.54780185,0.38430452,0.1519430541581546,-0.021028718999999998,0.023086691706907896,0,200,0.030103307163000012,-1.6482741,1.1842641,0.5089927815598131,0.00448369785,0.25907365167999563,0,200,H
0.014407666222500002,-3.378875,4.1600013,0.7959584731835498,-0.040868871,0.6335498910326879,0,200,-0.06358585895749999,-0.90786123,0.6570121999999999,0.18169902842859464,-0.053519152,0.03301453693189524,0,200,0.0007178434690000301,-2.0594664000000003,0.995712,0.5743011360142419,-0.020550283,0.3298217948272488,0,200,H
-0.007850997579500002,-1.7159972,2.3724877999999996,0.6606260550388804,-0.0499236175,0.4364267845962338,0,200,-0.08867793651549997,-0.8194440000000001,0.26073409999999997,0.2336897007701315,-0.026887274500000002,0.054610876246033606,0,200,-0.0219031689,-1.7036681,1.5389968,0.6648428937608029,-0.0386597775,0.4420160733842382,0,200,H
0.04508222887649999,-2.4915093999999995,2.6696967999999996,0.5463544594109269,-0.019030683,0.2985031953182061,0,200,-0.07533017145939998,-0.8599241,0.35447740000000005,0.17326757107306115,-0.052453620500000006,0.0300216511855583,0,200,0.006491334450499982,-1.5896851,1.2045035,0.5596470664348587,0.013538179499999999,0.31320483896914314,0,200,H
-0.05225729643115578,-2.062208,3.0308213,0.7072106298497506,0.025710423,0.5001468749724809,0,199,-0.057843913498693465,-0.75659317,0.23197225,0.1570853496700875,-0.03221333,0.024675807080973663,0,199,0.08375436324120605,-1.6131209,1.2162215,0.6105896904258926,0.07638851599999999,0.3728197700543873,0,199,H
0.049622959433499966,-4.4526587,7.835167,2.0441631921459527,0.0049404303499999995,4.178603156124331,0,200,-0.05059739458150005,-1.4394252,3.0506644,0.6170515425967388,-0.09825732599999999,0.38075260622101503,0,200,-0.008249408431750009,-2.0775788,1.7190236,0.6730493642051252,-0.0322711215,0.4529954466569233,0,200,I
-0.00012483562849997478,-3.2393224,6.221291000000001,1.3062479332857353,0.0353005995,1.7062836632132548,0,200,-0.059327071786,-1.4809705,0.69216913,0.3151029724564895,-0.045526473,0.09928988325091516,0,200,0.007047636138499981,-1.3723738,1.5230146999999998,0.40373512372631176,-0.0157596555,0.16300205013030025,0,200,I
-0.11534363017255007,-4.0499883,8.170725,1.6646769071037784,-0.040865674,2.7711492050446016,0,200,-0.050075151656000016,-1.3861618,0.72838813,0.32058679345250085,-0.021025390499999998,0.10277589213615644,0,200,0.057951183425749994,-0.77049965,1.2566986,0.33734971734006897,0.0018170748000000002,0.11380483178942442,0,200,I
-0.028066519729999996,-4.491008,7.253532400000001,1.9493267259688636,-0.080280455,3.799874684576488,0,200,-0.14493146256050005,-1.5906924999999998,0.7901736999999999,0.4604330607477263,-0.06736426000000001,0.21199860342951946,0,200,0.051160035971999966,-2.568666,2.117432,0.5500835202314028,0.028981318,0.3025918792301722,0,200,I
0.05237176397700003,-3.7911289,7.4740424,1.6297724981213546,-0.031810659500000005,2.6561583956327204,0,200,-0.04659679579899998,-0.90040094,1.0117488000000001,0.39166122425176497,-0.007176686650000001,0.15339851458239134,0,200,0.018727881107649988,-1.0495992,1.2385888,0.4275969132307677,0.017263142500000002,0.18283912020448065,0,200,I
0.06182611327399998,-3.4438527000000003,3.8542739999999998,1.2427713884721996,-0.0105053711,1.5444807240051193,0,200,-0.08697549568619996,-1.4255763000000001,0.9105485999999999,0.4048277740422988,-0.013035375,0.1638855266360425,0,200,-0.009933134217500014,-1.3020668,1.2183487,0.460217906538636,-0.036000078000000005,0.2118005214988047,0,200,I
-0.0047420231525000045,-3.8912635,6.806122,1.5235782676823069,0.054476026,2.321290737753819,0,200,-0.12807328015350006,-2.006145,1.0032269,0.503058256345398,-0.10038706,0.25306760927727223,0,200,0.04262682133050004,-1.9966196,2.0631032,0.6834403871944335,0.003947071,0.4670907628484771,0,200,I
-0.12513278552489998,-6.4681377,3.8617312999999993,1.3600982567675186,-0.0408648765,1.8498672680620432,0,200,-0.061840221994699976,-1.4436853,0.82213223,0.43354641164069135,0.027444940499999997,0.1879624910465198,0,200,0.06508776766699997,-1.8741142,1.8649639999999998,0.675617130378181,0.02418683,0.456458506860448,0,200,I
-0.04671850319500008,-6.828197,4.622330000000002,1.7098333171604487,0.040095221,2.923529972471904,0,200,-0.08635193268699996,-1.6045401000000001,0.6090793000000001,0.3811748563405857,-0.030079339500000003,0.1452942711062661,0,200,0.020884509792999984,-1.5790361000000002,2.3038528,0.5812875968461698,-0.026413231,0.33789527024719523,0,200,I
0.044180561664200126,-5.3389573,6.2042480000000015,1.58426930295804,0.028910078,2.5099092242951544,0,200,-0.037860879225000026,-1.7813737,1.3174803999999998,0.5168619055743445,-0.08067913500000001,0.2671462294339427,0,200,0.018402356932499992,-2.435509,1.9810776,0.6010494344119806,-0.01735875,0.3612604226069617,0,200,I
0.02267841321880003,-4.589011,4.648962,1.606959857290296,0.02624705,2.5823199829424484,0,200,-0.026334668238999992,-1.2402195,0.8658083000000001,0.44146812638442173,-0.030079072000000002,0.19489410661337184,0,200,0.03647438882085,-1.3010024,2.2825472,0.6447552771185826,-0.017891382499999997,0.4157093673722602,0,200,I
-0.02084288607280004,-3.4896580000000004,4.056675,1.2738177698939557,0.018257701,1.6226117108976106,0,200,-0.037849982094000034,-1.1944128,0.969139,0.41676523276259897,-0.019958794,0.17369325923966336,0,200,0.003275229171000009,-1.3926154,1.5059692,0.566646138702808,0.009272594,0.3210878465068019,0,200,I
0.07446650581870001,-3.6324034,4.86308,1.4030814884008924,0.119990588,1.9686376630932636,0,200,-0.058750397653999996,-1.053798,0.9552908000000001,0.4235809862743707,-0.043394612,0.17942085193316867,0,200,-0.02195030569450002,-1.5129902,1.4676195,0.5417641978043191,-0.091394895,0.2935084460225574,0,200,I
-0.05130926359999991,-3.352239,5.056958,1.2434392061137116,0.084836865,1.5461410593006977,0,200,-0.04986053845699999,-1.7174574,1.3046978,0.4806084508584795,-0.049785932500000005,0.23098448303658756,0,200,0.009538683275399987,-1.4575968000000001,1.6487145,0.5338825609803001,-0.054110905,0.2850305889188838,0,200,I
-0.06230786446999996,-4.2182984,6.024219,1.5942296750289555,-0.131411555,2.5415682567429303,0,200,-0.02311171119849997,-1.2466105,1.2184113,0.4612609176411052,-0.03753539,0.21276163414311447,0,200,0.06859690467079999,-1.3478745,2.1238222,0.6730118231837254,-0.017891914499999998,0.4529449141450821,0,200,I
0.00495294772570002,-4.389806299999999,4.6649413,1.3964163982028903,0.043824447999999995,1.9499787571699332,0,200,-0.04210525808950001,-1.7302406000000004,0.8722004000000001,0.4205248549913266,-0.051383695,0.17684115366547626,0,200,-0.004970343776000015,-1.4416178,1.1565618999999998,0.4888915894066356,-0.0205550765,0.2390149861925463,0,200,I
0.0019385163610000254,-4.1384034,4.9227360000000004,1.334117287104541,0.064597367,1.7798689357511803,0,200,-0.07316821917200005,-1.8570068,1.0937757,0.4971714054152951,-0.035404596,0.2471794063626197,0,200,0.01238263251729999,-1.2850242,2.0812113,0.5564401767773219,-0.026414297000000003,0.30962567033197724,0,200,I
-0.030061984394500006,-4.144794999999999,6.364039,1.6513849436388153,-0.082941755,2.7270722320769734,0,200,-0.03897309502140002,-1.1613889,0.7603482,0.3844177218574341,-0.013034043,0.14777698487805951,0,200,0.03523786101030001,-1.2807631000000002,1.6263435,0.5292105207990028,-0.00990269775,0.2800637753243517,0,200,I
-0.0073077120000000035,-0.10637730000000001,0.15141669,0.10371978186987832,-0.039265648,0.01075779315113514,0,5,-0.035617381319999995,-0.06523173,0.0018799254,0.030739845666450657,-0.038600124,0.0009449381115972053,0,5,-0.10812034359999999,-0.14306101,-0.043991428,0.039048878775655584,-0.1196252,0.0015248149336358446,0,5,I
0.012522183603199986,-0.6624399999999999,0.65848786,0.20308401988379046,0.011872371999999999,0.0412431191321598,0,200,-0.002903111940300002,-0.25803927,0.23091711,0.07052650634060613,-0.0066368636,0.004973988096611557,0,200,0.0029015140334999997,-0.3784898,0.31499735,0.09416063784919487,0.00074435355,0.008866225720167233,0,200,J
0.004777746166499999,-0.63474315,0.574332,0.2089186902827468,-0.0115634455,0.04364701914945827,0,200,-0.008511729234949991,-0.18666655,0.31507298,0.07823065712653891,-0.011430553500000001,0.006120035714450093,0,200,-0.007586167637499993,-0.26876754,0.23723279,0.08780825629206165,-0.00831066025,0.007710289873052384,0,200,J
-0.013560550588500008,-0.68907136,0.7170776999999999,0.24083610620740206,0.0076115805,0.05800203005314303,0,200,0.0005804730580499997,-0.32195514,0.5174732,0.098843291548281,-0.0034408040000000004,0.009769996284098477,0,200,-0.006728742414999996,-0.4519933,0.2574728,0.09569111244233236,0.0018093516,0.009156789000451094,0,200,J
-0.001443167813499999,-0.9106464,1.0547665000000002,0.2513442395346631,0.0070789483499999984,0.06317392674725812,0,200,-0.00259924478515,-0.26656112,0.42586076,0.09255480776094184,-0.013560816000000002,0.0085663924396649,0,200,0.013303498844299991,-0.37849006,0.29049575,0.10251114473361933,0.00873357,0.010508534794597048,0,200,J
0.0011030634942500019,-0.47708347,0.3325175,0.13966447765230305,0.008144479,0.01950616631789066,0,200,-0.0054007438975,-0.1483165,0.45568818,0.05487073296062809,-0.0077018617000000015,0.0030107973356365576,0,200,-0.0008167913483999964,-0.18780798,0.31180105,0.06452728672643349,0.0018090854000000001,0.004163770732275359,0,200,J
-0.0002711100035999978,-0.4163634,0.48271978,0.11473860323835262,0.0022855247,0.013164947073088105,0,200,-0.004351339012000003,-0.16109967,0.26713663,0.052301190826618514,-0.005038434699999999,0.0027354145618823642,0,200,0.0038064094592,-0.16650297,0.23510173,0.049244311358380775,0.00340698185,0.00242500220116115,0,200,J
0.009193960894250005,-0.42275470000000004,0.5615496,0.13699196083316245,0.015068830999999996,0.018766797332914715,0,200,-0.0052353859234999965,-0.15683861,0.17978494,0.05357232444461566,-0.006636197999999999,0.0028699939463991647,0,200,0.005888781602699999,-0.21976618,0.29475653,0.06059556621947487,0.003939348,0.003671822645458763,0,200,J
-0.012590626660449996,-0.5218242999999999,0.5881812,0.1848116379458289,-0.0014426343300000001,0.034155341520220144,0,200,-0.0004628572920000004,-0.20584051,0.44184026,0.07394766631590995,-0.0055708005000000005,0.005468257353569162,0,200,0.00010968492760000056,-0.38594744,0.40873984,0.08530629688271242,0.0071351409999999985,0.007277164287841474,0,200,J
0.022584547456999997,-0.5580430000000001,1.5991171999999998,0.2269864656102577,-0.00250776555,0.05152285557023669,0,200,-0.004249744602499999,-0.26443005,0.4471666,0.09102483222217336,-0.015158047,0.00828552008107481,0,200,0.002655437921650001,-0.18674324,0.27984256,0.07591078363705522,-0.00032197617,0.005762447072391812,0,200,J
-0.010060357059500005,-0.68587476,1.0941821000000005,0.20654935576663414,-0.008899219,0.0426626363676116,0,200,-0.005384112563850002,-0.36030358,0.2809856,0.07417796958149979,-0.005570534,0.005502371171233908,0,200,0.0015848467449500006,-0.21337487,0.31073523,0.07982964730839423,-0.0029851372499999996,0.006372772589382612,0,200,J
-0.005346399816500004,-1.6573956000000003,0.94291455,0.2396402268521708,-0.009431585,0.057427438325759875,0,200,0.00030447357314999934,-0.24418977,0.31826985,0.06940707007901452,-0.0007767109350000001,0.004817341376953234,0,200,0.003139897287200002,-0.28900892,0.23616646,0.06458946226863131,-0.001387507,0.004171798636150947,0,200,J
-0.0010319748361999998,-0.6709608,1.0398539,0.2244215753385023,-0.012094746000000002,0.05036504347741506,0,200,8.628645820000036e-05,-0.5935961999999999,0.53238827,0.10310329985797874,-0.0066355322,0.01063029044160428,0,200,0.0023835290971000018,-0.45519015,0.35547608,0.08968716906941586,0.0034061829500000003,0.008043788295685984,0,200,J
0.006041520603699991,-0.6219585999999999,0.8278665000000001,0.22848619140387305,-0.008366186999999999,0.0522059396622473,0,200,-0.0072959452528999985,-0.30810538,0.25328925,0.08340035934709485,-0.0167555445,0.00695561993922455,0,200,0.001685612866799995,-0.3539903,0.3075389,0.08582633711894185,0.00074288878,0.007366160143254257,0,200,J
0.005477056980199999,-1.0715,0.7969738000000001,0.229018308111618,0.00175395795,0.052449385450308014,0,200,0.004699148282300002,-0.31875774,0.4045568,0.10201778664177193,-0.008765794,0.010407628791286098,0,200,0.0029851374995000014,-0.31670603,0.41513062,0.09642869881279928,0.0007427556,0.009298493954729556,0,200,J
0.0009658063215000047,-0.96390826,1.1857957000000001,0.2909922772119713,-0.0323342385,0.08467650539700873,0,200,-0.0038282381194000006,-0.2601682,0.5078874,0.11304910877596648,-0.00823302915,0.0127801009950403,0,200,0.0071022844305000015,-0.40192747,0.35334527,0.10516435830217856,-0.000855141,0.011059542257108992,0,200,J
-0.007172692205699998,-0.9266236999999999,0.9162836999999999,0.2315004884733005,-0.016355271499999997,0.05359247616337675,0,200,0.0006833672919999979,-0.3027785,0.45036343,0.1015667798093465,-0.00770026375,0.010315810760840276,0,200,-0.0007062701683000008,-0.29966208,0.26492807,0.08832070325713473,0.0012751215,0.007800546623834853,0,200,J
-0.0008075725710000026,-1.1705693000000001,0.66488135,0.23862022355804305,0.00281975485,0.05693961109089043,0,200,0.002925795683550001,-0.20903525,0.46421188,0.09915870817606816,-0.008765528,0.009832449407146645,0,200,-0.0007916989961500019,-0.38381824,0.29368994,0.088277985867228,-0.007779759249999999,0.007793002788774506,0,200,J
0.012772982980303028,-1.1418068000000001,1.1367937,0.26780837678531544,-0.00676762465,0.07172132667638548,0,198,-0.0030192901425252533,-0.35604146,0.37366468,0.10238752208059886,-0.006634733,0.01048320467780512,0,198,0.004605151162626265,-0.48501834,0.42791325,0.11485458637378088,-0.0013883059,0.013191576011092292,0,198,J
-0.0632127921069,-1.7937561000000002,0.934386,0.4293338077806412,-0.0051771849,0.18432751850342455,0,200,-0.050424558416000034,-1.9496845,1.0863191,0.3897042397431035,-0.014631673000000001,0.15186939447375028,0,200,-0.08853013290200001,-2.6879777999999996,2.0204911,0.7271526368935323,-0.009370332,0.5287509573412172,0,200,K
0.006269101444099961,-3.7410595,1.9165598000000001,0.6420354434000476,0.0294439085,0.41220951058189575,0,200,-0.0007990913292500328,-1.5725809,0.99151057,0.3825172284566269,0.00507585195,0.1463194300661393,0,200,0.004382091165000133,-3.4709470000000002,2.0386004,0.9358963886844964,-0.015229552749999998,0.875902050352682,0,200,K
0.049380598576649976,-2.4978957000000004,2.2723584,0.5802148918325858,0.00600835775,0.3366493207042992,0,200,0.06790528121050002,-1.0889506000000002,1.052231,0.3869410939729427,-0.002380866,0.1497234102049777,0,200,0.12068753374249998,-2.922336,2.9579234,1.0102109913928592,-0.017360082,1.0205262471309435,0,200,K
0.003515710812400025,-1.9578063,2.394864,0.541075621876277,0.0086715185,0.2927628285887999,0,200,0.011020305510250027,-2.1776505,1.5401223,0.5120431789839017,0.0024129571,0.26218821714393997,0,200,0.009958390032900073,-3.0704078999999997,2.3443308,0.8965930008933186,0.00021651499,0.8038790092508864,0,200,K
-0.06281810964174997,-2.1889687,1.902712,0.4971058040979711,0.0022801985,0.24711418046789044,0,200,-0.07595841478779998,-1.9475533999999999,1.0447743,0.4278518943755517,-0.007706922,0.1830572435207482,0,200,-0.11791065738520005,-2.9297934,1.8138292,0.7277335283769653,-0.0136319225,0.5295960883239873,0,200,K
0.04363915119575,-2.7844515,1.6577011000000001,0.519243662798039,0.02465075,0.2696139813559236,0,200,0.057034717083799986,-1.4884242,1.3153517,0.4106578603085109,-0.00024980452,0.16863987823316448,0,200,0.11745399879000006,-2.4472287,2.6298215,0.8035384463780715,0.0007491472,0.6456740348076849,0,200,K
-0.017070064125850028,-2.2422316,1.9847375,0.5523906233526881,0.00387836165,0.30513540076797124,0,200,-0.032037297160250035,-2.091364,1.6402574,0.5103865460719024,-0.0034455978,0.2604944264112061,0,200,-0.0389588529887,-2.5100794,2.3123727,0.7753173445469899,-0.0104363955,0.6011169847553958,0,200,K
-0.02242815942634997,-1.8512794,1.8835378,0.426869347625964,-0.005708751999999999,0.18221743994261608,0,200,0.002663921351549989,-1.7153252,0.9275958000000001,0.3123731903654479,0.005076784,0.09757701005908836,0,200,0.015667725088249953,-2.7156756,2.0396647,0.6136357853963095,0.0028792766499999996,0.3765488771189456,0,200,K
-0.0222469805401,-1.9620668999999997,2.5546544,0.5246790583059396,-0.0190245575,0.2752881142248076,0,200,-0.017155258663700015,-2.6101475,1.9619676,0.5127499329617587,-0.0013148027,0.2629124937522881,0,200,-0.06000341807450003,-2.8520296000000003,2.0215552,0.7288013566918636,-0.0029798109,0.5311514175159011,0,200,K
-0.004707154759749987,-2.1314437,1.0355875,0.3759519685748279,0.015064171000000001,0.1413398826752884,0,200,0.033216009481600015,-1.6759102,1.4005735000000001,0.3734719304958918,-0.00024927186,0.13948128286832825,0,200,0.05391577407285002,-2.3939662,1.9405949,0.6145429827395125,0.008737965,0.3776630776343767,0,200,K
0.0008962140550000231,-1.6328999,0.96528006,0.30440808561708593,0.0102704805,0.09266428258905914,0,200,-0.01637195970330001,-1.3882888999999998,0.6250611999999999,0.2537088597732079,0.0013487579,0.06436818552742125,0,200,0.043140547383050065,-2.1404330000000003,1.4345943,0.5286380099014936,0.008205200000000001,0.2794581455126116,0,200,K
-0.02812671050899998,-2.0856369999999997,1.9751509999999999,0.464652326950869,0.01240127575,0.2159017849408573,0,200,-0.034976627530299974,-1.6854973000000002,1.1587586,0.4206278903624255,-0.004510063,0.17692782215074462,0,200,-0.09401775533590002,-2.7412426,1.6465816000000002,0.7178742863903891,0.00500914,0.5153434910605101,0,200,K
0.05009033160610002,-1.122638,0.81188226,0.25702058418468715,0.032641302000000004,0.06605958069463785,0,200,0.061413863186950024,-1.1549957,1.2748728,0.34412955865561223,0.012534168,0.11842515314050647,0,200,0.11241442788919992,-2.2363071,2.0961232,0.6736058561395051,0.00341124305,0.4537448494254355,0,200,K
0.0011896106085000034,-1.8800408,1.4478453000000002,0.4100791117072022,0.0017488978,0.16816487785856798,0,200,-0.004184891182999976,-1.4394209,1.4240098,0.4698170840919261,-0.0023792682,0.22072809250463996,0,200,-0.01893824753004997,-2.6198027,1.9736175999999999,0.7491551860172387,-0.00031731563999999997,0.5612334927365236,0,200,K
0.015442873310699969,-1.6169204,1.1112218,0.5080882950035759,0.036369992999999996,0.2581537155196407,0,200,0.017051209000349992,-1.9187900000000002,1.3952476999999999,0.5235956919383478,0.01306706625,0.27415244861639715,0,200,0.01255083144225007,-2.6709354,1.8873311000000002,0.7892707870162211,0.026314029,0.6229483752372049,0,200,K
-0.007651826549,-2.5596793,1.6790080000000005,0.5571967631408985,0.019858659,0.3104682328546945,0,200,0.011432151833350009,-1.774979,1.5092311999999999,0.5009926332608141,-0.009835853,0.25099361858160457,0,200,-0.005420334670500031,-2.260809,2.0556426,0.7826819149079648,-0.0051114052,0.6125909799239986,0,200,K
-0.007406753048249986,-2.0419607,1.038784,0.472673090344685,0.0171954975,0.2234198503359948,0,200,-0.0056918697786499895,-2.0444906,1.0756688,0.5103911746777079,0.008806407749999998,0.2604991511888907,0,200,-0.011210164988699941,-2.845639,1.6806693,0.7917573423928279,0.0023451797,0.6268796892329537,0,200,K
-0.01568754941464649,-1.8693875,1.951716,0.4777757214124507,0.016663133,0.2282696399711877,0,198,0.04358903884898993,-1.5299679,1.3590292,0.4465082607772202,0.00614338,0.1993696269422981,0,198,-0.002168746662121256,-2.6464347999999998,2.1035793,0.8393695496256995,-0.0029811425499999995,0.7045412408388497,0,198,K
-0.004969658480000183,-6.36373,8.726806,3.0871267607417803,-0.117552195,9.530351636888037,0,200,-0.0050181953775000464,-1.7131857,1.6328098999999998,0.6776803856095552,0.13930915,0.4592507050399154,0,200,-0.7233638125580001,-3.4038459999999997,0.99463075,0.9321042403469036,-0.486619455,0.8688183148726779,0,200,L
-0.24435594216200016,-7.2510952999999985,1.7844775000000002,1.2685603155738063,-0.0333963065,1.609245274248715,0,200,-0.07792998647509998,-1.6567266999999999,2.0535896,0.8971949500623886,-0.32621114,0.8049587784174519,0,200,-0.2237121861164998,-2.4493692000000005,0.6303103,0.5828730594282591,-0.0493284015,0.3397410034072588,0,200,L
0.439831435339,-2.1591315,4.254825599999998,1.3392814387775818,0.187113435,1.7936747722541495,0,200,0.02168825167440004,-1.6535306,1.6466584999999998,0.8608292074511661,0.091372525,0.7410269244010027,0,200,0.17612416095999994,-1.2797089,1.0628077,0.5529605726170157,0.240423525,0.3057653948689379,0,200,L
0.01123827151970003,-3.6057606,1.7780858,0.9156737847023098,0.122664935,0.8384584799910519,0,200,-0.9471644241080008,-2.8977593999999995,1.181138,0.9199792769054776,-0.89026865,0.8463618699355253,0,200,0.20313394185300004,-0.7460113,0.85082006,0.3981709483424786,0.19142136,0.15854010410394878,0,200,L
0.14139760769970025,-1.0821491,1.5277486999999998,0.5960420751888061,0.0257258695,0.3552661553953785,0,200,-0.39076083228,-1.389345,1.3963214,0.7570312086064008,-0.70384735,0.5730962508040679,0,200,0.18068882067700015,-0.7481419,1.0628077,0.4127208917860779,0.17650766,0.17033853451669542,0,200,L
0.4905061443511997,-1.920512,4.9749446,1.5349043412038343,0.2020274,2.355931336646377,0,200,-0.06924271943850005,-2.0785709999999997,1.5028479,0.6028369776087429,-0.093450855,0.3634124215724441,0,200,0.279204474535,-1.9646738999999998,2.5477862,0.5493883282678301,0.361331045,0.3018275352369211,0,200,L
0.048666605734999986,-1.5561916,1.8366756000000002,0.6601297118451319,0.147698915,0.43577123646073695,0,200,0.10668570002990008,-0.4742829000000001,0.9308009,0.320730124947427,0.09829674,0.10286781304879213,0,200,0.02057419228299997,-1.1529423,0.7570765,0.4595955796139061,0.137625505,0.21122809680064236,0,200,L
0.031095068805,-1.6605874,1.4254836000000002,0.6342639977381397,0.06993461000000001,0.4022908188267669,0,200,0.043211918589899985,-0.70438,0.9968473,0.35544037296849224,-0.009294965,0.12633785873598086,0,200,-0.07259383952000004,-3.4421957,1.5293934,0.5779492945356073,-0.09140648,0.3340253870542062,0,200,L
-0.7507823897150001,-5.6776995999999995,1.2923255,1.4850405619212512,-0.32740901,2.205345470551385,0,200,0.07858935006799997,-2.049809,1.6956607,0.7570386018133891,0.14996207,0.5731074446355711,0,200,-0.07400019363150005,-2.3684093999999996,0.93817145,0.6768172411427607,0.0049998188500000006,0.4580815779080978,0,200,L
-0.2692935197825,-1.0693656999999999,0.7426491,0.3534973722263821,-0.231535215,0.12496039217095732,0,200,1.0615141634340002,-0.5094366,3.0868962000000004,0.8658930240776014,1.0767421,0.7497707291462536,0,200,-0.14337553753365004,-0.57983035,0.6196574,0.2631776946482769,-0.17449724,0.06926249896038167,0,200,L
-0.18467424061379972,-5.6255016,2.8199148,1.588707658510752,0.10455570300000001,2.5239920242107163,0,200,0.5125035107685003,-3.2982988,3.082635,1.3258004794920808,0.064208278,1.7577469114214317,0,200,-0.30691492793200004,-2.9851975,2.970696,1.3783410991916372,-0.13668035,1.8998241857208105,0,200,L
-0.010839070949499856,-2.698155,3.4707913,1.1565260880189117,0.10402307,1.3375525922683271,0,200,0.16215943716149994,-1.1549866000000002,1.6466584999999998,0.5860301587137174,0.18937711,0.3434313469220248,0,200,0.06442559226735027,-1.5705262,2.4646955000000004,1.095708864527223,-0.094069772,1.2005779158035366,0,200,L
0.012207943600000005,-2.6246517000000003,2.4225712,0.8343673022020298,0.06514092299999999,0.6961687949838934,0,200,-0.026349581222000002,-1.9922843999999997,1.6551808999999995,0.6795586523464596,-0.015153653000000001,0.4617999619789364,0,200,-0.14424905371420002,-1.6152673999999998,1.9906526999999998,0.6170140002574711,-0.181954095,0.38070627651372657,0,200,L
0.12783199351750008,-3.750636,3.194888,0.9537988426518956,0.0257264035,0.9097322322440958,0,200,-0.2313597208744999,-1.5672438999999998,1.1513109,0.4977247887878454,-0.23033707,0.2477299653739053,0,200,0.07192493568900002,-1.3372336999999999,1.8031662,0.4566170380161605,0.041751308,0.20849911940665172,0,200,L
0.16733217914645004,-3.4789934000000002,5.2093034000000005,1.0556639538802133,0.0795225225,1.1144263835220052,0,200,0.05026449039700001,-3.107616,1.2823387,0.4920547090846973,0.00189084445,0.2421178367324261,0,200,-0.15140797706939998,-1.3106023,1.7264669,0.6108378037212119,-0.216575585,0.3731228224549538,0,200,L
-0.35879117792405,-3.7634190000000003,0.77993387,0.6925253514510605,-0.080267143,0.4795913624024149,0,200,0.14919560975099996,-0.36029905,1.5870043,0.32598734663364204,0.090307795,0.10626775016524227,0,200,-1.2133809213980005,-2.81156,2.9951966,0.8608227338965438,-1.0959515,0.7410157791931199,0,200,L
-0.025672281128499924,-4.0766067999999995,4.0012937000000015,0.9913927283679784,-0.06854910000000002,0.9828595418609041,0,200,-0.13324845836000004,-2.4024107000000003,1.6115053999999998,0.7454338643080413,-0.14085433,0.5556716460572193,0,200,-0.10047787229500002,-4.808930999999999,1.0063479,0.7276725432084699,-0.002457565,0.5295073301394824,0,200,L
0.22210311538099994,-4.4281435,7.0724516,1.25666372883925,0.131720745,1.5792037273801682,0,200,-0.16424220354300026,-2.3512779999999998,1.4240191,0.6792989885927164,-0.125940625,0.4614471159030874,0,200,0.08229472621880002,-1.2381645000000001,1.3845167,0.43615538133510173,0.07264358,0.1902315166675681,0,200,L
-0.038348720342,-1.0406028,0.6276013,0.3017087004458151,0.0022911176000000003,0.0910281399247026,0,200,-0.016463394993499966,-0.4710863,0.41947478,0.2384867463739779,-0.021544707000000003,0.05687592819604606,0,200,0.12901177865299987,-0.41578043,0.89982116,0.2874649709145639,0.121112846,0.08263610950291109,0,200,L
-0.06080982014750004,-0.985209,1.3125664,0.4719506325279961,-0.080799505,0.22273739954357566,0,200,0.0498333355421,-0.4742821,1.0714166,0.34310401331593665,0.040240629,0.11772036395350245,0,200,-0.261412959784,-1.3084719999999999,1.1991604999999999,0.6393383671731344,-0.33961403999999995,0.4087535477396097,0,200,L
-0.06869809803299999,-4.281137,2.7059321,0.8393527423818969,0.042238533499999995,0.704513026144011,0,200,0.08557307857150001,-1.1784216,1.3973877000000001,0.44889754517242775,0.122266123,0.2015090060618318,0,200,-0.9475124920635,-3.391064,0.99782544,1.1821949421641882,-0.76891557,1.3975848812785878,0,200,L
0.2295229374600001,-2.5926929,4.5499053,0.9766551713823516,0.211615845,0.9538553237878908,0,200,0.05677912690150004,-1.4468683,1.5593079,0.5088493549755825,0.08338411000000001,0.2589276660590664,0,200,0.28388513565350004,-1.9870453999999997,3.6513989999999996,0.8072424538343399,0.174375805,0.6516403792724864,0,200,L
-0.14986565137700006,-4.337596,4.138713399999999,0.7809541292597071,-0.094115045,0.609889352007787,0,200,0.02437393745,-0.9259537,1.5880703999999999,0.3616494436678756,0.017337844499999998,0.13079032010528388,0,200,0.01889512760000001,-0.9899582,1.2215307,0.4533523029526376,0.013520868500000002,0.2055283105924601,0,200,L
-0.09970743459200003,-5.1386747,10.098867,1.7911529592361874,-0.25656761,3.208228923380552,0,200,0.0822712571399999,-2.4801745,1.9300202000000002,0.81795649280166,-0.068415808,0.6690528241163922,0,200,-0.3272840383244999,-2.961763,2.3634939999999998,0.8731584276447352,-0.22403337,0.7624056397670261,0,200,L
0.2693536601135001,-5.3357480000000015,4.100364,1.378236631539414,0.300565935,1.8995362125171105,0,200,-0.12215813180650002,-1.8346238999999998,1.267426,0.5542153229307475,-0.17121356,0.30715462417123274,0,200,0.06348137108000003,-2.5686803,6.1782055,0.8719801252955275,0.141352335,0.7603493389104038,0,200,L
-0.06353064743900008,-3.8315947,3.3248518,1.0852138594988174,-0.05469973,1.1776891208483191,0,200,0.04087017067199999,-1.3009263999999998,1.3494517,0.5665486680332696,0.0375785345,0.320977393250272,0,200,0.043576766972999836,-1.5854416,2.1887903,0.7164148497932062,-0.078092402,0.5132502370042223,0,200,L
-0.309750398992,-4.2182856,2.9988810000000004,1.2833651814011906,-0.22247861,1.6470261888329107,0,200,0.15266447116049991,-1.8463416000000001,1.4847403000000001,0.6704602711273137,0.119071265,0.4495169751601109,0,200,-0.023343402876499997,-1.9103474999999999,2.756576,0.765051329749697,-0.184619115,0.5853035371517797,0,200,L
0.22112971037499995,-4.9490566,6.292679,1.3847788832825514,0.37406974,1.9176125555852699,0,200,-0.10082035187200004,-3.6263980000000013,2.2751667,0.8315568842441947,-0.122743495,0.6914868517339131,0,200,0.242695609333,-3.3111705999999996,4.8040137000000005,1.2676894950349342,0.08702331499999999,1.6070366558219258,0,200,L
-0.08941609996249994,-5.228155999999999,4.548841,1.451160526399674,-0.07121079699999999,2.105866873380579,0,200,-0.0717970387499999,-4.6107025,1.9289560000000001,1.034642042561497,0.09776650699999999,1.0704841562358267,0,200,-0.2593476788762501,-5.0113325,2.85458,1.2417657630355836,-0.28315635,1.5419822102473453,0,200,L
-0.16831471092699998,-7.464146,4.28146,1.2911899257872472,-0.00835992885,1.6671714244544769,0,200,0.01034025463499997,-3.2418375,2.7055337,0.8190965489136025,-0.0337936505,0.6709191564421736,0,200,0.04172775611399999,-2.6805341,2.8684282000000003,0.7199939016787967,0.010323744000000001,0.5183912184546567,0,200,L
0.4073793596067166,-10.695093,15.991912,2.9065930807765694,0.20256242,8.448283337218227,0,134,-0.3868332119485074,-2.7006829,1.9896764,0.8356440515820717,-0.270282075,0.6983009809445,0,134,0.2844941897164179,-1.4693285,2.8939946,0.7071990183752873,0.228702945,0.5001304515909699,0,134,L
-0.01711214068999999,-1.9322232,1.9336214,0.5238601969311555,-0.015812519,0.274429505928749,0,200,0.0015825120553499938,-0.8620325000000001,1.2727572,0.30945329934825305,0.025332654500000003,0.09576134447751952,0,200,-0.0132453240085,-1.5769258999999998,1.4537517,0.5786257571752838,-0.01471543,0.3348077668666705,0,200,M
0.01157034259150001,-2.0579243000000003,2.2638535,0.6532422439441725,0.0172109445,0.4267254292732178,0,200,0.0019715377490000198,-0.90251255,1.4368081,0.3308510829578394,0.0098864525,0.10946243909437513,0,200,0.00332469066099999,-1.2413676000000002,0.8827697,0.42357136824659897,0.047069773499999995,0.17941270399829604,0,200,M
-0.016131835704999997,-3.0635338,2.7645277999999998,0.7449742673408261,-0.028595425,0.5549866590000005,0,200,0.008874505237500007,-1.0591063,1.5763581,0.3374529975332813,0.008288555999999999,0.11387452554419672,0,200,0.00350577461099999,-1.5034226000000002,1.6572168999999999,0.551994851767657,-0.0397492765,0.30469831637799755,0,200,M
-0.0016280228064999875,-1.6073173,2.2563967999999996,0.5601564270715278,-0.017942514,0.31377522278953984,0,200,-0.01060896740349999,-0.61915195,0.90417624,0.29572963217135645,0.00296250035,0.08745601534420577,0,200,-0.005831523946999997,-0.9782475,1.0787781,0.4380733787224454,-0.010987404,0.19190828514529906,0,200,M
0.0122684269435,-2.3775032000000005,3.3866427000000003,0.7744337349083313,0.028396621,0.5997476097640676,0,200,0.012571316449000015,-1.2402011,1.1896671,0.3964481746013205,0.033855169000000004,0.15717115514471913,0,200,0.007356407345000011,-1.2307152,0.9807738000000001,0.4545312302002269,0.0215031615,0.2065986392273316,0,200,M
-0.02153219102189999,-2.2219743999999997,2.062519,0.6158650529898096,-0.021670673999999997,0.379289763494141,0,200,0.010957577056000005,-1.03567,0.76675737,0.2601787751144808,-0.0066246130000000005,0.06769299502007156,0,200,-0.015062306488799984,-0.9867699000000001,0.8188533,0.3397387101825145,-0.0306950625,0.1154223911964786,0,200,M
0.052146977297100015,-11.370465,6.927582000000001,1.7231196900642232,0.07154010000000001,2.969141466287024,0,200,0.17240392946564995,-5.6748967000000015,7.7911104999999985,1.5404422234339268,-0.0220706805,2.37296224373806,0,200,-0.08065608666600006,-4.2283697,2.9483167999999997,1.049855112047602,-0.0067267456,1.1021957562924831,0,200,M
0.0022820704779999987,-13.035474,7.1938977,1.6328831273081534,0.094443415,2.666307307447655,0,200,0.008044395055000009,-1.2657669,1.5529226999999999,0.4413658725692129,-0.005026317299999999,0.19480383346878266,0,200,0.024442758394000008,-3.717043,2.5850616,0.8177762841964503,-0.033891121,0.6687580509941535,0,200,M
-0.003043985048999984,-13.688479000000001,9.4725,1.6701452717212322,0.140782675,2.7893852286527885,0,200,-0.052041631170300015,-3.5411716,1.8543929,0.6003119061274367,-0.060952566,0.3603743846383563,0,200,0.03326826215000003,-5.404422,5.1321087,1.084191474855574,0.023100258999999998,1.1754711541495044,0,200,M
-0.16460194659299993,-11.370464,2.4364277999999997,1.2024219307195771,-0.016876452,1.445818499475395,0,200,0.036039877646000015,-4.0514326,3.8698735,0.8259788265780043,0.022670692000000003,0.6822410219551769,0,200,0.16369911962539999,-4.452076,7.607783,1.2273959374007029,0.0076539252,1.50650078714775,0,200,M
-0.06011527042400003,-5.1461244000000015,3.2130055,1.3101058770143421,0.0513007375,1.716377408987518,0,200,0.144515906032,-4.9941916,4.2778697,1.1242919225676389,0.019475164000000003,1.2640323271508371,0,200,-0.11053210346999996,-5.6856519999999975,6.117478,1.9967033581678904,-0.08395907999999999,3.9868243005189306,0,200,M
0.06516526159199999,-3.714409,4.008758,1.0655881743526263,0.138652555,1.1354781573201636,0,200,-0.04273608403349998,-2.686829,2.4669201000000003,0.5787257652016241,-0.08172482,0.3349235113082053,0,200,-0.15759020489549996,-5.012405,4.47484,0.9686357032027281,-0.0551970775,0.9382551255190432,0,200,M
-0.022244850793,-2.2954764,1.7983346999999998,0.6002272745450944,0.031060980499999998,0.3602727811078321,0,200,0.016279687489999986,-1.1635004,1.1513191,0.2704982239397227,0.017877534,0.07316928915454439,0,200,-0.015942213557499994,-2.0232732,1.3482887,0.4079806706597197,0.00658812785,0.16644822763195466,0,200,M
-0.012657302135000027,-5.025748999999999,5.192267,1.0992560122767008,0.043844153,1.2083637805264749,0,200,-0.021126854385499983,-4.441319,3.0954268,0.836018657877547,-0.053494917,0.698927196319375,0,200,0.012984886394000006,-5.481122,1.8851817,0.9798485859070252,0.0284260485,0.9601032513039972,0,200,M
-0.0299198160325,-2.0664444,1.9570593999999997,0.5556127252202954,-0.00675564075,0.30870550042672346,0,200,0.005861617616949999,-0.9611002000000001,0.69432074,0.27571196088088273,0.0029640984499999996,0.0760170853727814,0,200,-0.007047523266499998,-0.98890173,0.95414054,0.4092330247920077,-0.023239542999999998,0.16747166858041598,0,200,M
0.015263566719999996,-2.8451526,2.7293762999999998,0.7621958121819608,0.009756091,0.5809424561077188,0,200,-0.012013299342000005,-1.1443253999999998,1.1417317,0.3395239929880347,-0.030591464500000002,0.11527654181453904,0,200,-0.009615029912499993,-1.2893066,1.5293831,0.5068662939066776,0.0188382685,0.2569134398986904,0,200,M
-0.01847861221099999,-2.4371562,2.5642602,0.8283805501646785,0.024137294,0.6862143358911355,0,200,0.005574280630200006,-0.86522615,0.9798121,0.3418109298713832,0.046107573,0.11683471177953962,0,200,-0.007106454074999998,-1.3095466,1.2513489,0.4456665298339652,-0.0115220332,0.19861865581424856,0,200,M
0.006806912505527626,-2.4648527999999996,1.5373456,0.5881602908748971,0.063019715,0.3459325277620436,0,199,-0.0015694339350753725,-0.49238333,0.713496,0.2238064990099354,-0.0140796,0.050089348999084224,0,199,0.0003108326738693536,-0.89622426,0.6974113000000001,0.30191118912607073,0.0017936389999999999,0.09115036611951803,0,199,M
0.06257763992149998,-5.384742299999999,6.347015,1.7679824403748787,0.022539663999999997,3.125761909473912,0,200,-0.054815311220000065,-5.0421276,5.7724366,1.1994223477467565,-0.017275394,1.4386139682743415,0,200,-0.13330878759100012,-3.7170447999999996,3.924097,1.0385329645498762,-0.014185593500000001,1.0785507184567544,0,200,O
-0.10543033305975,-5.243062,4.3357954,1.2794936739778875,-0.007287473975,1.6371040617494328,0,200,0.02257107509050002,-4.5244093,3.4810534,1.0808938538574968,0.07273958700000001,1.1683315233069116,0,200,0.07467343789849999,-3.0406017000000003,5.3973575,1.4638676533872552,-0.201672135,2.142908506633509,0,200,O
-0.10351277117819996,-2.8707182,2.1445467000000002,0.713662788405887,-0.03338632,0.5093145755552658,0,200,0.02992146527,-4.5776725,1.9747696,1.1236133047778905,0.17393984,1.2625068586738923,0,200,-0.052220962057500035,-2.6155615,4.587756,1.3823069343707304,-0.07437316499999999,1.9107724608094068,0,200,O
-0.050558249908,-2.9772444,4.3826675,0.8940918640634187,-0.0275272325,0.7994002613843988,0,200,-0.07767534439525002,-4.384859,1.6029923000000001,1.0961932123183735,0.107361075,1.2016395587328752,0,200,-0.004454711498000011,-2.1745422000000003,4.5898867,1.2843824768983854,-0.158529195,1.649638346963631,0,200,O
-0.017007496333999998,-2.1751,3.7626839,0.7550993497305553,0.044910748,0.5701750279635074,0,200,-0.07328087254749997,-4.3241385999999995,1.6583863,0.9565170610061394,0.015215970999999997,0.9149248879958228,0,200,-0.035432832337999993,-2.6294103,4.592017,1.1572712137132153,-0.040817736,1.3392766620892584,0,200,O
-0.028597523875000003,-2.7482123,2.6058066,0.7539990940771774,-0.028059598,0.5685146338692042,0,200,-0.0296422964025,-4.329465,2.0855575,0.8845894636536582,-0.0050240532,0.7824985192070667,0,200,0.07359153154450004,-2.1223445,4.670847,1.013412808775582,-0.0418832675,1.0270055209904143,0,200,O
-0.05155372874500001,-7.4183309999999985,10.682642,1.4524734237741217,-0.0115477335,2.10967904677012,0,200,0.04234852162494999,-3.8447695,5.8640504,1.1584920860526948,0.045576272,1.3421039134467243,0,200,-0.01931572504780002,-6.0659537000000014,4.2085214,1.339752827636563,0.039076695,1.7949376391601652,0,200,O
-0.008772460331000018,-6.881438,10.510069,1.9596297257584756,-0.0163411565,3.8401486620762375,0,200,-0.125068220046,-4.0002975,3.6887805,1.296536750824372,-0.075863605,1.6810075462382201,0,200,0.00019435519400004208,-3.9450123,4.437553,1.4993963640911432,-0.162791045,2.24818945664974,0,200,O
-0.05122846893699999,-3.0507467,2.5301737999999996,0.8405292005872849,-0.06481055549999999,0.7064893370399002,0,200,-0.04693089481000001,-4.642652,2.0184464,1.1964669438847948,0.053033391,1.431533147809021,0,200,-0.04344445226,-2.9607083999999997,4.456728,1.433339335319893,-0.1824987,2.054461650175273,0,200,O
0.0585898737235,-5.691537,14.681644,1.623291743253162,0.00656229525,2.6350760837138893,0,200,-0.05275765212450005,-4.241047,1.9023327,1.1474604974107394,0.058892877999999996,1.3166655931181015,0,200,0.04051411389449999,-2.5708217999999996,4.4908160000000015,1.4558782808709467,-0.143084185,2.119581568711744,0,200,O
-0.1950174236605,-3.8656735,1.8867543000000002,0.9183291237173288,-0.036048015499999995,0.8433283794674372,0,200,-0.02027757470085,-4.008819,2.0045984,1.2322724988878078,0.0743392145,1.5184955115152028,0,200,-0.06416966666050004,-3.0683005000000003,4.40666,1.5593685430216282,-0.22084875,2.4316302529653955,0,200,O
-0.011861008847849984,-4.4132195,2.6974207999999997,0.7044893803599812,0.00496493105,0.4963052870399903,0,200,-0.0399581414229,-4.379531,2.5361655,0.8541098994850135,-0.09184177,0.7295037203982999,0,200,0.01751997300950002,-2.8563132,4.2223690000000005,0.9755600223173516,-0.0083287698,0.9517173571438317,0,200,O
-0.06017058078499996,-7.301150999999999,10.927653999999999,2.052875213483813,-0.0573530385,4.214296642136212,0,200,-0.028506424495000005,-4.915359,2.2144556,1.1516442322417342,0.06475209500000001,1.3262844376556528,0,200,0.049365798020000004,-3.3292909,4.815721,1.4372932649443355,-0.108463757,2.065811929454348,0,200,O
-0.07889241837300004,-3.9743302000000003,3.1341794,1.0033293429660843,0.009226255199999998,1.0066697704567544,0,200,-0.097993417975,-4.704437,2.057862,1.29395804355826,0.11109136300000001,1.67432741848912,0,200,0.05693435026000001,-3.5689754000000002,4.203193700000001,1.419025854784089,-0.129769315,2.0136343765457143,0,200,O
0.0181587039585,-3.197752,9.756928,1.5685254144438463,-0.044569332,2.4602719757562403,0,200,0.06712809421700001,-4.748112,2.3401572999999996,1.0686596751285915,0.064752365,1.142033501245947,0,200,-0.053342046602000016,-2.8083767999999996,3.9400733,1.2309073559509771,0.10991505,1.515132918934225,0,200,O
-0.09076449636255006,-4.1745996,6.664466,1.0887969033205669,0.001769803745,1.1854786966804554,0,200,-0.07062113468500003,-4.8461165,2.2165868,1.3736174666258192,0.047175765999999994,1.8868249446195329,0,200,-0.0017568152808999935,-3.2515267999999997,4.4098544,1.4871620153114806,-0.15373803,2.2116508597853044,0,200,O
-0.08621025282850005,-3.3287792,2.465194,1.005063897016716,-0.025926938500000003,1.010153437086428,0,200,-0.09294351801150004,-4.493513,3.3681377999999995,1.4296831337099505,0.064752895,2.043993862814704,0,200,0.035410173254999996,-3.6872203000000003,4.5973415,1.5450874711124414,-0.115388645,2.3872952933886395,0,200,O
-0.11036911214120598,-3.6941650000000004,4.449781400000001,1.106103080185327,-0.053090915,1.223464023995468,0,199,-0.013787436660804023,-4.065277,2.3220484,1.3119240128839182,0.18832384,1.7211446155814432,0,199,-0.03446629026432159,-3.129022,4.460987,1.4677251516854095,-0.06532148,2.154217120889959,0,199,O
-0.071699982515,-9.01517,8.756637,2.62128601997514,0.167409235,6.871140398517108,0,200,-0.4250648107350001,-9.805997,2.7705154,1.9649815919705893,-0.14671114000000002,3.8611526567832732,0,200,0.28538995959549995,-4.8195863,3.7366175999999998,1.6739205008800049,0.469984295,2.8020098432663656,0,200,P
-0.15235094146950012,-8.558171000000002,9.062367,2.202455365154982,-0.053633002000000006,4.850809635499964,0,200,-0.16025061034900007,-9.018765,5.038463,2.9251293655368773,0.035449072000000005,8.556381805126174,0,200,0.04563606735999997,-5.210538400000001,4.584568,1.6921944646494786,0.10406595,2.8635221061903358,0,200,P
-0.2719426298100001,-10.602414,8.820553,3.3162480732384143,0.056622135,10.997501283257497,0,200,-0.8326665162116,-9.244601,2.1590540000000003,2.1636791787362086,-0.20636569,4.6815075884965935,0,200,0.18609085385500004,-5.096555,2.8162286,1.4591711632539108,0.27876878,2.129180483671772,0,200,P
-0.019171078504999887,-8.667893,9.928429,3.5605735877995066,0.08218887750000001,12.677684274135453,0,200,-0.9934253078035006,-9.794277000000001,1.6722285,2.178214595146062,-0.466822445,4.744618822507323,0,200,0.3876758324974996,-5.1306443,3.9613879,1.4452242550514718,0.60633735,2.0886731473890823,0,200,P
-0.053317890894150025,-12.4847355,8.880208,3.709304358180544,0.35223354500000004,13.758938821617178,0,200,-1.280258232019999,-9.075224,1.6690328,2.325477441590889,-0.59199086,5.407845331348107,0,200,0.20060447539000006,-4.4840292999999996,2.8971882,1.6742146266258473,0.5791728,2.802994616007925,0,200,P
-0.2948717311800002,-10.074041000000001,6.5920205,3.43152513384292,0.41881271,11.775364744195668,0,200,-1.0751040412045003,-9.003852,1.6338794,1.9472907448657517,-0.5456516199999999,3.791941245039813,0,200,0.3345186283365,-4.664059,2.4465811,1.5041304506145878,0.70966745,2.262408412466043,0,200,P
-0.1201096242800001,-10.312661,7.043692599999999,3.3983233003326383,0.3730066,11.548601253583715,0,200,-1.23631030601275,-8.928218,1.245058,1.987534129166895,-0.6910599500000001,3.950291914603208,0,200,0.31188688892000005,-5.9753995,2.3997092,1.7163141969683708,0.75973473,2.9457344227151836,0,200,P
-0.3398948401735001,-11.545172,7.372859,3.4308537758363493,0.1327894675,11.770757631170536,0,200,-1.1198927827999998,-9.950871000000001,1.4474584,2.083424784138296,-0.557901875,4.340658831161706,0,200,0.1920978044374999,-6.202301,2.4934525,1.758261977100649,0.7000798,3.0914851801178824,0,200,P
-0.02561511668,-14.255204,7.622130999999999,3.2236452594478715,0.395910055,10.391888758760734,0,200,-0.9911714061239998,-10.215057,1.6562505,2.1073210679856738,-0.335794105,4.440802083576281,0,200,0.17997495110825007,-5.274456,2.3443155,1.6104639246661494,0.545083685,2.5935940526510968,0,200,P
-0.2379593203600001,-16.238728,7.782986599999999,3.700268007385165,0.31654811000000005,13.691983326478178,0,200,-1.2220459853975003,-8.984675,1.7521243000000002,2.1093826396764603,-0.639927,4.449495120568431,0,200,0.19755159387499985,-5.5269237,2.5914563999999998,1.8039332685665144,0.6702520000000001,3.254175237441068,0,200,P
0.018583164945000057,-10.0996065,6.9041433,3.465906541832958,0.31228733499999994,12.012508156720495,0,200,-1.138603623435,-7.5625477,4.803042,2.0623983844615386,-0.767225815,4.2534870962295654,0,200,0.2839816253630001,-5.5503599999999995,6.0748706,1.7724207198012896,0.5701170249999999,3.1414752079809216,0,200,P
-0.17632808175900005,-11.050888,6.776312400000001,3.2535908922462733,0.29364520000000005,10.585853694107897,0,200,-0.9077020035324996,-8.713033,2.1526642000000002,2.0106948089432786,-0.343782935,4.0428936147114465,0,200,0.19278941854000006,-4.454203,3.0601722999999996,1.5787569892876527,0.459329235,2.4924736312246143,0,200,P
0.01151550139800009,-11.302291,6.374707,3.0569236935399933,0.43958668,9.344782468126189,0,200,-1.0897927460460004,-9.725033999999999,1.4304153,1.8438908611089635,-0.648980915,3.3999335076811548,0,200,0.33081016099500005,-5.6824527,2.4284703999999997,1.5863158352758118,0.689426095,2.5163979292467973,0,200,P
-0.2173510052725,-11.368337,7.763812,3.1369193045586985,0.244110945,9.840262723313028,0,200,-1.089483628531499,-8.915433,2.6565347000000004,2.1962135580436377,-0.406100495,4.823353992534695,0,200,0.12656673583430006,-6.0403824,2.8290095,1.8202464003714305,0.484362425,3.3132969580651497,0,200,P
-0.26553802117499997,-10.5235815,6.277769,3.3569930106706325,0.265948995,11.269402073691476,0,200,-1.1883293375699997,-8.319949000000001,1.3782176000000002,2.0795849275023555,-0.5818690049999999,4.324673470694977,0,200,0.28198328889,-6.5463834,2.6958509999999998,1.7731495254227323,0.7016760799999999,3.1440592395068614,0,200,P
-0.09883455919999994,-9.132346,7.018128,3.2530996523867866,0.105626828,10.582657348359026,0,200,-0.96967825718,-7.312209599999999,3.9636145,1.8939086677340504,-0.58719505,3.5868900417181657,0,200,0.19001343478999985,-5.280849,3.111304,1.596420357964171,0.46465449,2.5485579593224514,0,200,P
-0.213611231895,-15.034976,9.60246,3.49750088277303,-0.284792315,12.232512424998125,0,200,-0.4441618215964999,-7.587047599999999,3.0229863999999997,1.7691478603596615,-0.107293435,3.1298841518151685,0,200,0.3269955683099999,-3.9908142,4.1925473,1.4829867545303466,0.4135218,2.1992497141124505,0,200,P
-0.0368771788643217,-9.2175665,7.9800619999999975,3.6867990695111152,0.14823794,13.592487378948025,0,199,-1.2178258545150755,-7.457084700000001,1.0810093,1.7365437164835635,-0.84072745,3.015584079258547,0,199,0.4171053053150757,-3.7521953999999997,3.3659019999999997,1.6307261120814966,0.7506776999999999,2.659267652624435,0,199,P
-0.13794454958899993,-7.7944045,2.9115026000000004,1.1846604671657843,0.0081245055,1.4034204224654545,0,200,0.01688097921859999,-1.0974868999999998,1.6530259999999999,0.2375295127104201,-0.0002644519,0.05642026940844962,0,200,-0.04604925058540008,-1.7739668000000002,1.2673632,0.3216025134317204,-0.0056277919999999995,0.10342817664559988,0,200,Q
-0.002751705607500009,-2.25716,2.3266728,0.5531752761315128,-0.032888042,0.3060028861231755,0,200,-0.0012496829212999938,-0.59255147,1.0170629999999998,0.13799955921865278,-0.0055905078,0.019043878344542457,0,200,-0.0014892399441000018,-0.44984305,0.46628433,0.09590086776772892,-0.0045625273999999995,0.009196976438603429,0,200,Q
0.006420347543999993,-1.8012269,2.1711442,0.5127819132675169,-0.06271531450000001,0.2629452905742952,0,200,-0.0039659798713000075,-0.6980124,1.422929,0.15538021977714458,-0.00132945,0.02414301269799375,0,200,0.016987689135799997,-0.37740508,0.7272741,0.12633643315330748,0.0007635283,0.015960894341900126,0,200,Q
-0.003177681551500001,-2.2837915,2.540791,0.485551335539017,-0.0291594835,0.23576009944372306,0,200,0.010265952897,-0.34967092,0.62611127,0.09729903093921438,0.0039968723,0.009467101421710198,0,200,-0.006762564836750002,-0.33479476,0.45776197,0.07097440410071901,-0.0066933227000000005,0.00503736603745216,0,200,Q
-0.0026555147675000035,-1.7671383999999999,2.8720882000000003,0.4085421750825024,-0.041942524,0.166906708821142,0,200,0.0051528742954000005,-0.6479446999999999,0.7060064,0.12240362244543593,-0.0029272134499999996,0.014982646787764824,0,200,0.003437341744500001,-0.5435866,0.5248735999999999,0.08002216827209087,0.0034266893,0.006403547414966827,0,200,Q
0.011480623271499995,-1.4699293,1.6928406999999999,0.3667149825713479,0.031560856,0.134479878442304,0,200,-0.01356907173275,-0.65859735,1.2695313,0.14299281942172098,-0.0055902414,0.0204469464061729,0,200,0.01087269504715,-0.4253425,0.623943,0.11809394469540463,-0.0056281913,0.013946179773721284,0,200,Q
-0.011353200775499998,-1.106674,1.7652789,0.33687377448199585,-0.043007655000000006,0.1134839399337466,0,200,0.011177143074699998,-0.15046594,0.7709875,0.08350965869877687,0.00026884611000000004,0.006973863095986198,0,200,-0.006017146168200004,-0.4402562,0.14563923,0.05024271097231782,-0.0034977957,0.0025243300058478647,0,200,Q
0.006846987452100002,-1.2377014,2.8965897999999997,0.3934593352715219,-0.030756848,0.15481024851230787,0,200,0.010404970298300004,-0.20372915,0.49082324,0.06518720224563042,0.0050626690000000005,0.004249371336612723,0,200,-0.0043340655072,-0.28579286,0.36082238,0.05146736553540795,-0.005095692299999999,0.0026488897151552976,0,200,Q
-0.009185214683799993,-1.8097484000000001,2.5109642000000005,0.4993310616267573,-0.055257928,0.2493315091053045,0,200,-0.008945533451700006,-1.1230524,1.0234557,0.20472642661396848,-0.00026365294,0.04191290975412462,0,200,0.014020210802800007,-0.6053725000000001,1.2929287,0.18418189160556825,-0.005628591,0.033922969195405286,0,200,Q
0.011433216888499994,-2.4595594,2.7698236,0.4802620321414031,-0.0206365685,0.23065161951659005,0,200,-0.00023142831040000002,-0.6788368,0.5941542,0.10956201594203578,-0.00186128335,0.012003835337282904,0,200,-0.005255776412050002,-0.46369258,0.30436337,0.07205333089631542,-0.0013675332,0.005191682493253922,0,200,Q
0.009153611391,-1.7735289,3.0190954,0.4377871606685537,-0.035017638000000004,0.19165759804623408,0,200,-0.00666556629680001,-1.6184001000000001,0.7219859000000001,0.2229110833458885,0.0039976709999999995,0.04968935107843765,0,200,0.015873505020500004,-0.75237924,1.1874673,0.1689068875466299,-0.0050962251500000005,0.028529536660689882,0,200,Q
-0.010739996901500005,-1.4390359,1.8164122,0.3937127754874241,-0.0344847405,0.15500974958201086,0,200,0.012370915723000005,-0.102528505,0.49188906,0.07190948609583547,0.0008021441,0.005170974190567156,0,200,-0.006406500205,-0.25703126,0.25429568,0.04220390429760084,-0.0056288573,0.0017811695379610505,0,200,Q
0.0015478345455000105,-1.7351793999999998,1.9847238999999999,0.4395973566121162,-0.0142447155,0.19324583594036004,0,200,-0.010558893687500008,-1.0825717,0.5291733000000001,0.1692315934708454,-0.0007957525,0.02863933222868148,0,200,0.006951835783500001,-0.3007071,0.87641007,0.1324744964137204,-0.00616162275,0.01754949220006882,0,200,Q
-0.0022282671294999875,-2.5682158,2.6089692,0.4973717382670319,-0.0376802685,0.2473786460267689,0,200,0.0133086149265,-0.21651153,0.75714016,0.09572940952786886,0.0002697782,0.009164119848554428,0,200,-0.0057356499220000004,-0.47328022,0.30116704,0.06127449757471404,-0.0034985946999999996,0.0037545640530336367,0,200,Q
0.014027669157950005,-2.3519673,2.257432,0.4621044804674371,-0.0137118175,0.21354055086808,0,200,-0.0198637197875,-1.2423612,0.5344999,0.15439456958414202,-0.0039912794000000005,0.023837683117072475,0,200,0.013817252219499995,-0.162223,0.7752097,0.1194738292876915,-0.008825183,0.01427399588466445,0,200,Q
-0.00204696835249999,-2.8558373,1.9165473000000002,0.4673942297635719,-0.0366147375,0.2184573660162826,0,200,0.0009890371062999826,-1.3201252,1.2876419,0.18676058411676935,0.0018679412,0.03487951577963689,0,200,0.0036597156499000093,-0.35716665,1.373888,0.14126005574434367,-0.00562939,0.019954403348895082,0,200,Q
-0.002563556864499996,-1.7713978,2.2584975,0.4815371883875172,-0.037680000000000005,0.23187806380015524,0,200,0.01066702512849999,-0.32836404,0.7784456999999999,0.10910226718983856,-0.00292574875,0.011903304705962924,0,200,-0.0084842988033,-0.43493095,0.37999633,0.06678050159604576,-0.0077599190000000005,0.004459635393419471,0,200,Q
-0.006539666753636365,-1.4731236,1.7088212999999999,0.4067208537394522,-0.04353869,0.1654218528665489,0,198,0.01421012428030304,-0.19733624,0.79548997,0.10097505252548764,-0.0023929832999999997,0.010195961232524987,0,198,-0.0054036196413131295,-0.2570318,0.29797070000000003,0.0503259698042505,-0.0034991271999999995,0.002532703236738333,0,198,Q
-0.02138118925799999,-4.226832,3.2257578,0.8413227446719018,-0.0275597225,0.7078239607022621,0,200,-0.003921506633500004,-3.9342839999999994,3.0730255,1.1419184729151377,0.20160529,1.3039777987848402,0,200,-0.026839068780300037,-3.327124,1.5709617,0.5867555198725701,-0.072208683,0.34428204010092994,0,200,R
-0.002392848450600004,-3.2606373,3.462246700000001,0.7516765740503472,0.06085722499999999,0.565017671976067,0,200,-0.02025200330049998,-3.322822,2.8557117,1.0902572699009665,0.217051625,1.1886609145719085,0,200,0.0194997487345,-2.1318977,1.2801441999999998,0.4793501825142547,0.0066206185,0.2297765974764493,0,200,R
0.008473032738000008,-4.8745127,4.2878264999999995,0.9006118696846467,0.07470593,0.8111017398168751,0,200,0.03183423811999999,-3.712709,3.149725,1.0439170585639894,0.192017905,1.0897628251608915,0,200,-0.052528188408300015,-3.5614827000000004,1.4665655,0.5635969067681497,-0.045044707,0.3176414733186264,0,200,R
-0.01603862270850001,-4.432428,3.8776998999999996,0.8123069648712005,0.056596434,0.6598426051782617,0,200,-0.008906676201000005,-3.2812765,2.1963131000000002,0.9501604348743788,0.19361607,0.9028048520006684,0,200,0.0291509619,-1.8932785,2.092941,0.4837478856518005,-0.068480525,0.23401201687258746,0,200,R
-0.0014710126965000075,-3.7027218,2.2542372000000004,0.7522892014159879,-0.01743931,0.5659390425671047,0,200,-0.02284558654249999,-2.824278,2.6905959,0.857174972026081,0.15366865000000002,0.7347489326679127,0,200,-0.0036433812525000064,-1.338276,1.501719,0.4256260020311165,-0.0248046815,0.181157493604992,0,200,R
0.0012349076975000106,-3.5535843000000003,2.4001784,0.7435846409995406,-0.006786533250000001,0.5529181183304157,0,200,-0.028240960827500012,-2.7944503,2.1281366000000004,0.905653839768318,0.0838941,0.8202088774870981,0,200,0.0153928077195,-1.1859431,2.7683183999999996,0.5367614852880722,-0.05676288,0.2881128920886573,0,200,R
0.008888970897499992,-3.2648976000000003,2.86996,0.6638286053753755,-0.073898057,0.440668417314616,0,200,-0.021439121810000003,-2.5686139999999997,2.1952484,0.8555906612630313,0.155799715,0.7320353796405112,0,200,-0.03778536142365002,-2.4802396,1.5816135,0.499598651450038,-0.088720945,0.2495988125306965,0,200,R
-0.030813305636499994,-3.6995254,4.0002059999999995,0.8609245563966943,0.0187800795,0.741191091806845,0,200,0.04682848966099998,-3.0714188,2.1995096000000003,0.9742594828656168,0.209595565,0.9491815399535791,0,200,0.003466901114000007,-1.2147056,1.4058449,0.4968321790721629,-0.041849445,0.2468422141615937,0,200,R
-0.0110791850287,-3.5599759,2.3298714,0.674634180198448,-0.0046557381,0.45513127709203205,0,200,0.0022791876569999963,-2.8136248999999998,2.2804697,0.9327106054462292,0.243151405,0.8699490735118712,0,200,0.0045958533775,-1.1390721000000001,1.3280802999999999,0.4429596488016793,-0.0732750125,0.19621325046650706,0,200,R
-0.02690884622,-4.235353,3.0478597,0.8410742185170692,-0.045668153499999996,0.7074058410540986,0,200,-0.032357674135000014,-2.9350647999999997,2.490327,1.0182534788567874,0.228237965,1.03684014720395,0,200,0.005250956159000006,-2.1968796000000004,1.9129105,0.5595069284708979,-0.104700315,0.3130480030069385,0,200,R
-0.02602995526124999,-5.41247,2.5322718999999996,0.8157504199794783,-0.008383763999999998,0.6654487476966953,0,200,0.022641945133500013,-2.9265425,2.3433203999999996,1.0050449287436485,0.298012775,1.010115308793325,0,200,0.037975614724999975,-1.2008576000000002,1.5752214,0.4904084917308606,-0.07647107,0.24050048876173755,0,200,R
0.013406352550400005,-2.9122944,3.6380165,0.801242834860997,-0.054722633500000006,0.6419900804160869,0,200,-0.044368262062000036,-3.1459867999999998,2.2293375,1.0853388354439035,0.1962803,1.1779603877227285,0,200,-0.013604494535000006,-1.822972,1.9789567,0.5888685542823562,-0.14038694000000002,0.3467661742225922,0,200,R
0.006615345470750004,-4.639088,3.5016627000000002,0.8912162347596913,0.096544918,0.7942663770992411,0,200,0.01154748825814998,-3.1246815,3.2328165,1.0396877698989029,0.258598265,1.0809506588773536,0,200,-0.02281925727324999,-1.4266940000000001,1.9118447,0.5319971633770773,-0.10949453699999999,0.28302098184125657,0,200,R
-0.003941209524999988,-4.2992682,3.1938014,0.9079158472233272,0.0241072,0.8243111856392521,0,200,-0.04061294272150003,-3.5848756,3.168901,1.0221341486891389,0.21332479,1.0447582179164707,0,200,-0.003761767442999969,-2.1723790000000003,2.0236971,0.5285816043889443,-0.11109256699999999,0.2793985124983904,0,200,R
-0.02766456637,-3.4928633999999996,2.9732919,0.8254132070310763,-0.010513893500000001,0.6813069623413265,0,200,0.01943607242250001,-3.7617092000000003,2.886606,1.041364346200364,0.233032315,1.0844397015373113,0,200,-0.014872687837500002,-1.2242941,1.7893391,0.5812008271359417,-0.0945811,0.3377944014635027,0,200,R
0.036746828586549984,-3.4662312999999996,3.2513259999999997,0.8664631529639414,0.04328222599999999,0.7507583954442145,0,200,-0.04079909634299997,-2.9936535,2.4892626,0.9510580918014744,0.170181855,0.9045114939810616,0,200,-0.05357377561249997,-2.3374952999999996,1.6977262,0.5962996560100594,-0.12494114,0.35557327975771513,0,200,R
-0.0328467303445,-3.2734187,2.4470515,0.8723106342645631,0.04061933,0.7609258426510443,0,200,-0.026551036079150013,-3.1193545,2.5371997000000004,0.9346033118314186,0.19521556,0.873483350486256,0,200,0.01429931078320002,-1.5832883999999998,1.7307491999999998,0.5282856746847309,-0.06848239,0.2790857540771013,0,200,R
-0.005972534287878775,-3.961579,2.72189,0.8449190628733685,0.0225098365,0.7138882228068113,0,198,-0.003375282625404048,-3.270622,2.6458566,0.9697191951821312,0.238359045,0.9403553175046804,0,198,-0.005970839184747473,-1.5300254999999998,1.7627071,0.4242677965664618,-0.0439814385,0.1800031632033606,0,198,R
0.13097665917499993,-4.1554400000000005,5.882547,1.3521557593359783,0.029451631000000002,1.828325197505456,0,200,-0.19141533302999988,-3.464483,1.9896707999999999,0.872422986488999,-0.1094327495,0.761121867354384,0,200,0.0209713283225,-2.210747,2.0684202000000003,0.8448520813080593,-0.04186862,0.7137750392905597,0,200,S
-0.09075281939499998,-7.953108,5.415961,1.6135213358587208,0.0177337235,2.603451101271312,0,200,0.03825044909219995,-3.859696,2.3273599999999997,0.8112662612047705,0.051955075999999996,0.6581529465691669,0,200,0.06415714812169998,-2.0147383000000003,3.8740435,0.8484239619742624,-0.0418686195,0.7198232192521047,0,200,S
-0.034234969970000015,-7.679334,7.970465700000001,2.0678782981379333,0.006016081,4.2761206559098355,0,200,-0.15459968638439991,-4.331608,3.5353699,1.3902666241137758,-0.0183523755,1.9328412861247155,0,200,0.07200797347500004,-4.6800303,2.8694987000000003,1.3099475494803994,0.114192485,1.7159625823897031,0,200,S
-0.10780206469469998,-3.2872486000000003,4.8353925,1.2407924366264873,-0.18839467,1.5395658707894957,0,200,-0.12195440249500007,-2.9808524,1.3803401000000002,0.7465489063925472,-0.0162215805,0.5573352696359083,0,200,-0.012627389543299988,-1.791033,2.5893342,0.7834889676918826,-0.070631028,0.6138549624948918,0,200,S
0.02962262614350002,-7.2755985,11.0895605,2.1633766568145014,-0.0035710328000000007,4.68019855924989,0,200,0.11803908036249995,-1.7366236000000002,2.4892807,0.8350346513087324,0.0487595495,0.6972828688862963,0,200,0.017657822564699967,-3.9737601000000002,3.2647116,1.1619070314568634,-0.0285533475,1.3500279497489005,0,200,S
0.1677661978025,-12.542266,19.092892000000006,2.8192652072603286,0.0028206872500000013,7.948256308868626,0,200,0.08697618249000005,-6.2810416,6.152725,1.3716078584789908,0.001355549,1.8813081174413235,0,200,0.1748215159815,-4.9932184,3.2508627999999997,1.3728333175680083,0.245219615,1.8846713178247843,0,200,S
-0.02684680473000006,-8.237533,6.403462,2.0721204721918465,0.039039812,4.29368325127656,0,200,-0.17868457890500006,-8.724758,6.905867,1.5422768174219397,-0.027939089,2.3786177815571468,0,200,-0.013709150280500066,-4.0121098,3.9294364,1.2983847147431895,0.158400295,1.6858028674787535,0,200,S
-0.12435023558199995,-6.705682,4.3613504999999995,1.5723302070563518,0.0022884542999999998,2.472222280021871,0,200,-0.011613742278499999,-1.3222352,1.6754189,0.4686961200345863,-0.025275795499999996,0.21967605293547526,0,200,0.01929782070799996,-2.9511068,1.9586970000000001,0.6325498921389879,-0.0253580875,0.4001193660450454,0,200,S
0.027987946329999968,-5.9109945,6.544077,2.2798694717847408,-0.06908426,5.197804808376034,0,200,0.3849577978080002,-2.180838,5.0736127,1.181567174233045,0.13504676999999998,1.3961009872250625,0,200,0.04857648558200012,-6.346104599999999,4.058333,1.5997224471006772,-0.014172944,2.5591119077577797,0,200,S
0.17231025131499994,-2.8707293999999997,5.4585733,1.1170674885825422,0.08591198,1.2478397740481078,0,200,-0.22236526631999987,-3.5635510000000004,1.0341301999999999,0.7775282206879576,-0.10623536,0.6045501339661812,0,200,0.002556901773499979,-2.028588,3.0143737999999995,0.7724214148447455,-0.032815205,0.5966348421107585,0,200,S
-0.10679968126319998,-5.4582567000000015,6.9584656,1.909791103848228,-0.00570076262,3.647302060337832,0,200,0.02355645847540004,-2.7219922999999997,2.3934076,0.7383481130058188,0.0343795455,0.5451579359792534,0,200,0.20384388176750004,-2.0275228,2.8577795,0.9428950168035272,0.04761226,0.8890510127129237,0,200,S
-0.05705692068500001,-7.218072999999999,8.613887,1.9698034671338924,0.06407419,3.8801256991327033,0,200,-0.11162557474250002,-4.0620947,3.2051392000000005,1.2092253785770246,-0.090788895,1.4622260161947485,0,200,0.008016118225500007,-3.6350071,2.8311479999999998,1.1834389582034666,-0.0067164925,1.4005277677937062,0,200,S
-0.04489689969149999,-5.478496,6.2937407,1.64062901039458,-0.13992382,2.691663549748299,0,200,0.0109546490755,-2.1840333999999997,2.861059,0.5829853827010988,0.015205052,0.3398719564431465,0,200,0.02626931044400001,-2.1958349999999998,1.8532351999999999,0.6877665337562271,-0.072762885,0.4730228049550554,0,200,S
0.0313443357535,-4.9362764000000015,11.60941,2.0749158329395807,-0.08399716300000001,4.305275713783353,0,200,0.1551116833829999,-2.1882943999999998,4.2661430000000005,0.9563131955286356,0.06207682000000001,0.9145349279421906,0,200,0.15687587750700016,-4.427564,3.1038554,1.211505384809519,0.14401816,1.4677452974224607,0,200,S
-0.044811293947999986,-5.6031322,7.8319826,1.8790901693470392,-0.0413865855,3.5309798645366834,0,200,0.0380925236263,-2.0732455,2.2890122,0.7141367011556887,0.0029547774,0.5099912279375295,0,200,0.064053818905,-3.2706873,2.7821453,1.0872563496111434,0.027371437,1.1821263697697486,0,200,S
0.17801020513360002,-5.710724,9.068755,2.0160303972493283,-0.006232596,4.064378562633284,0,200,0.034209827825299965,-3.3781943,2.283686,0.8186578716570476,0.013607688,0.670200710826047,0,200,0.08380371510849992,-4.7439480000000005,2.6404650000000003,1.1682071088718702,0.15680106500000002,1.3647078492187732,0,200,S
-0.10410889238899998,-5.577565,7.0905595,1.8799997282963157,-0.11701996,3.5343989783942207,0,200,-0.10631441991435002,-3.220535,1.3110998,0.6731313478845519,-0.054569235000000015,0.4531058115048736,0,200,0.00798335865150001,-2.23312,1.8031669999999997,0.7549039880634174,-0.00778255635,0.5698800311940523,0,200,S
0.025348992378787908,-5.044933,6.4588575,2.105824462256961,0.057683535,4.434496665839818,0,198,0.08227446753939391,-3.5752677999999998,2.4850214,1.0241754746135403,0.0077490000000000015,1.048935402799871,0,198,0.05816138065151522,-4.323169,2.9856102000000004,1.2366378585386106,0.18662794,1.5292731931709609,0,198,S
