x_gyro_mean,x_gyro_min,x_gyro_max,x_gyro_std,x_gyro_median,x_gyro_variance,x_gyro_zero_crossing,x_gyro_mean_crossing,y_gyro_mean,y_gyro_min,y_gyro_max,y_gyro_std,y_gyro_median,y_gyro_variance,y_gyro_zero_crossing,y_gyro_mean_crossing,z_gyro_mean,z_gyro_min,z_gyro_max,z_gyro_std,z_gyro_median,z_gyro_variance,z_gyro_zero_crossing,z_gyro_mean_crossing,Activity_ID
0.08324668839200004,-3.4364777,3.6119537000000004,1.007110873192148,0.18998718,1.0142723109018503,0,200,-0.0155725069793,-6.812805,4.2950897,1.6804084481551589,0.095832825,2.8237725526312287,0,200,-0.08502693087840005,-2.7981873,3.0073395,1.0348679605476492,0.00523376466,1.0709516957680505,0,200,A
0.08354507657500003,-2.751587,3.7262877999999997,1.0439097730361664,0.101387023,1.0897476142404203,0,200,0.03829841712500001,-5.3606415,6.236374,2.1851802962823808,-0.165504455,4.775012927260754,0,200,-0.09784278741999998,-3.216217,2.288498,1.21871872781122,0.133537295,1.4852753375177985,0,200,A
0.05434387305840002,-2.462326,2.1761169999999996,0.9431053022232758,0.139190675,0.8894476110816564,0,200,0.106122052308,-6.190735,6.6845550000000005,2.373397376482168,-0.0129852297,5.6330151066924365,0,200,-0.09465057527749993,-3.2650757,1.9146118000000003,1.1758313945855758,0.013542175,1.3825794684930601,0,200,A
0.046379394791500016,-2.3033142000000004,2.1283875,0.8801873623958352,0.08607482799999999,0.7747297929213373,0,200,0.08475868010500004,-5.681198,6.924545299999999,2.172965618209284,-0.116973875,4.721779577919658,0,200,-0.07887626659499998,-3.2979279000000004,1.5842438,1.1626539528764106,0.16937256,1.3517642141391428,0,200,A
0.07221283203,-2.3061066,2.5105896,0.9648151927553438,0.0233917235,0.9308683561715312,0,200,0.007296369350000002,-5.229492,6.0415955000000015,2.2864817664376784,-0.23503113,5.227998868251964,0,200,-0.08531089777,-3.7376556000000014,2.0664063,1.2355446678387343,-0.038108826,1.5265706262247287,0,200,A
0.09400245609,-2.142334,2.8337402000000003,1.0196614250974598,0.057449341,1.0397094218317828,0,200,-0.005185552802000037,-7.0065919999999995,6.578842,2.5897104026115967,-0.10887146,6.706599969394723,0,200,-0.095669784632,-3.8648224,2.0596008,1.2811989639350532,0.028366089,1.6414707851882535,0,200,A
0.0905469482875,-2.361786,2.6332092,1.0656918794998969,0.033065796,1.1356991820320228,0,200,0.07610916750000002,-6.074051,8.34816,2.828053548226154,-0.135284425,7.997886871634537,0,200,-0.13988616845500002,-3.9430542,1.9085236,1.3553748830558414,0.029808044,1.8370410736186362,0,200,A
0.05892616430049995,-2.2290650000000003,2.685913,1.000334223609533,0.065299988,1.000668558924487,0,200,0.008233416555499976,-5.2910156,6.5411529999999996,2.2177999136256794,-0.091667175,4.918636456878068,0,200,-0.11281029051000005,-3.7922516,2.4898987,1.2705913148483592,-0.078582765,1.6144022893680818,0,200,A
0.06713233900599999,-2.2805022999999998,2.4472961,0.9208682995146336,0.0632324225,0.8479984250509728,0,200,0.033677141287999986,-5.014267,5.460433999999999,2.2175124028391933,-0.069747925,4.91736125674565,0,200,-0.09095092814,-3.3401337,1.9808807000000002,1.1879421693878516,-0.115585325,1.4112065978099149,0,200,A
0.06504921184999997,-2.6473082999999997,2.625595,0.9237066506891624,0.048957824500000004,0.8532339765273904,0,200,0.011211781829999995,-6.2495117,6.5494995000000005,2.2634568617116897,-0.006889343499999999,5.123236964829732,0,200,-0.09180457960500002,-3.6141968,1.8511963,1.2337375468954823,0.0205688475,1.5221083346196829,0,200,A
0.06391121155,-2.6402892999999996,2.5571593999999997,0.9850681241640904,0.06282043300000001,0.9703592092441596,0,200,0.010016095721500012,-6.2201385,7.1653747999999995,2.4480580601860824,-0.30201721000000004,5.992988266042046,0,200,-0.10789886531800008,-3.6418152000000004,1.9588470000000002,1.2822097612543644,-0.01457214355,1.6440618718559743,0,200,A
0.06730125622159998,-2.0500183,2.3729553,0.9140669213939632,0.1260223425,0.8355183367866377,0,200,0.019685056502999985,-5.715072599999999,7.929931599999999,2.275907375960643,-0.270759585,5.1797543839520594,0,200,-0.09575248777500003,-3.7724457,2.0289154,1.272361061512324,0.0107192995,1.618902670852768,0,200,A
0.095879133965,-2.0236816,2.8802795,1.054428377722504,0.0018997195000000002,1.1118192037465118,0,200,-0.013117443054999987,-5.4430084,7.560318,2.5717121742145532,-0.3290329,6.613703507003343,0,200,-0.08986839275000001,-3.8395690000000013,1.8628692999999998,1.3220711792848316,0.03666687,1.747872203095585,0,200,A
0.04447967581499998,-2.5626830000000003,2.3939667,1.0217434905600735,-0.07464599499999999,1.0439597605018835,0,200,0.05584876680499997,-6.059494,7.3697205000000015,2.284340819586489,-0.0795211775,5.218212980029073,0,200,-0.11998550472550006,-3.5218964,2.057541,1.23664845776664,-0.077766417,1.5292994080966091,0,200,A
0.07007240128860001,-2.158432,2.1032562,0.8745034772278575,0.00297546386,0.7647563316836138,0,200,-0.025192489299999985,-4.3061523,5.211746,1.965671306413888,-0.11011505,3.863863684858881,0,200,-0.059160464182499976,-2.9434357,1.5259705,1.1316000855530453,-0.017509460249999997,1.2805187536236593,0,200,A
0.07836494351900006,-2.3019104,2.696518,0.9727152218042224,0.07019043,0.9461749027296372,0,200,-0.05153411734499997,-5.9814606,9.254257,2.4895930859101063,-0.185028075,6.198073733411405,0,200,-0.10431328146499996,-3.468689,1.7309113,1.213462663299112,-0.05355072050000001,1.4724916352209745,0,200,A
0.08206352085450001,-2.8768616000000002,2.9420776,1.0180790921415734,0.12133026,1.0364850378558106,0,200,-0.06250938143515004,-5.7042847000000005,8.877563,2.4486081734667065,-0.317672735,5.99568198716796,0,200,-0.11036109992999996,-4.0460815000000006,1.6971588,1.2475389565178925,0.097953795,1.5563534480297514,0,200,A
0.06706526650295863,-2.1917419999999996,2.6826477000000004,1.061901702967158,0.019927979,1.1276352267645504,0,169,0.03760063304142017,-5.7967377,7.753113000000001,2.6622090242080843,0.048187256,7.0873568885749565,0,169,-0.16374062035502954,-3.8222961000000004,2.0384064,1.2939526756443387,-0.08053589,1.6743135268071432,0,169,A
-0.08639816280399999,-3.757309,2.3221130000000003,0.8766398538260594,0.0182647705,0.7684974333161747,0,200,0.043394621783400034,-3.7536774,5.983307,1.3131016662343653,0.00085449224,1.7242359858674663,0,200,-0.06055473210899996,-3.3166046000000002,3.0488433999999995,1.3672194277107728,0.24951172,1.8692889635097734,0,200,C
-0.2558901222050001,-7.18779,2.5753021,1.2235991504079156,-0.14219665,1.4971948808789728,0,200,0.21460937206000014,-3.5302733999999996,8.565414,1.7094030565978409,0.124809265,2.922058809906042,0,200,-0.016027602305999988,-3.6665955,3.3577727999999993,1.339471321160402,0.1980896,1.7941834202111933,0,200,C
-0.2473708338618349,-3.269043,1.9297028000000005,0.8925398885049369,-0.20649719,0.7966274525724053,0,200,0.19875007806000006,-2.7154083,4.6133120000000005,1.1487005061297029,0.137641905,1.319512852782636,0,200,-9.666538999998779e-05,-3.2278748,2.8437805,1.2809340163084653,0.296432495,1.640791954136135,0,200,C
-0.09402427724199997,-2.7662964,3.9678497000000004,1.1030528847743986,-0.12188720800000001,1.2167256666091224,0,200,0.049480361792000035,-3.8797607000000003,4.0450897,1.212475269517041,0.06465148800000001,1.4700962791904215,0,200,-0.07190612878300001,-3.153717,2.2019806,0.9658876243747214,0.031646728,0.9329389029202428,0,200,C
0.2513072239194002,-2.8698577999999997,3.8847046,1.1761752438860713,0.201782225,1.3833882043304593,0,200,-0.18947250227749998,-6.27536,5.070907599999999,1.4977816999700988,-0.099594115,2.2433500207653188,0,200,-0.021053924884499992,-3.5951385,2.979309,1.1117387615372831,0.08777618400000001,1.2359630739044525,0,200,C
-0.018564524895,-2.9540558,5.382782,1.163598062809901,-0.074317933,1.3539604517749542,0,200,-0.005479814802500014,-3.3047942999999997,3.5271605999999998,1.3181486985669966,-0.0114059449,1.7375159915338665,0,200,-0.09440193310649997,-3.925003,2.2848662999999996,1.2834263670873993,0.01554870585,1.6471832397351591,0,200,C
0.2450994879599999,-3.7606812000000014,3.3090363,1.1324449626842144,0.23704529,1.2824315935088515,0,200,-0.16130622732999994,-4.773468,5.908142,1.6802057805116473,-0.252586365,2.823091464864754,0,200,-0.0272966778515,-4.8350525,2.6119537,1.1076019773612809,0.1802063,1.2267821402546195,0,200,C
-0.13125679069034996,-3.297821,3.145691,1.1619677152220742,-0.08174896200000001,1.3501689712184075,0,200,0.14809013205199995,-3.8388671999999997,5.8268127,1.6956788815371011,0.13974762000000002,2.8753268692909133,0,200,-0.04277046225199999,-6.4275208,3.4266205000000003,1.647569965775688,-0.0241317745,2.7144867921261024,0,200,C
-0.1040318302635001,-5.2647705,4.477829,1.0261958589033455,-0.047737122,1.0530779408303756,0,200,0.09828674195199996,-3.0618439,3.6600647000000004,1.0247460762116811,0.128692625,1.0501045207112367,0,200,-0.02182395828900001,-3.054062,1.9406891,1.172173002969231,0.26191711,1.3739895488899048,0,200,C
-0.221456754758,-6.9160767000000005,2.2450867000000003,1.0174421789352197,-0.009933471999999999,1.0351885874764477,0,200,0.16412414706000006,-2.7135162,3.3893584999999997,1.0170039921023464,0.190093995,1.0342971199521096,0,200,-0.033886185743500004,-2.5256347999999997,2.3569946,1.0962043057579542,0.235092165,1.2016638799622783,0,200,C
-0.12897636156849998,-3.436203,1.8527527,0.8342658051855029,-0.07657623350000001,0.6959994337018154,0,200,0.07300025881000004,-2.873001,3.7081910000000002,1.0990594055069347,0.132499695,1.2079315768332566,0,200,-0.02052055700749997,-2.3587493999999998,2.5735167999999997,1.1216586545245486,0.306213375,1.258118137269821,0,200,C
-0.23971275534050004,-4.718857,2.274887,0.904555238243659,-0.193748475,0.8182201790340426,0,200,0.15437179518799998,-2.9094542999999997,4.1091156,1.0544940419102529,0.130439755,1.1119576844242225,0,200,-0.02194404420499996,-2.8516082999999997,2.1023407000000005,1.150508577144438,0.25109863,1.3236699860829189,0,200,C
-0.10122726555700008,-3.4030762,3.1229857999999995,0.8442544962043073,-0.066551207,0.7127656543611887,0,200,0.07378494187749995,-2.6375884999999997,3.9240722999999997,1.064358235857405,0.10040283300000001,1.1328584542374875,0,200,-0.0023410029614999747,-2.3978271,2.0575867,1.1836413049193144,0.36077881,1.4010067387110974,0,200,C
-0.3175798789215,-3.8795013,2.7989197,0.9856396320886656,-0.21749115,0.97148548434388,0,200,0.2375134262530001,-3.6955413999999998,5.248703,1.1970435233458172,0.14118957,1.4329131967841675,0,200,-0.050386354786500005,-2.7444610000000003,2.3117217999999995,1.1485403692344014,0.181350705,1.3191449797610948,0,200,C
-0.04948471176649999,-2.7037354,2.3716888,0.9026747610918588,0.0219573975,0.8148217243122444,0,200,0.002354736693000004,-2.6207580000000004,4.1675873,1.1433130523425818,0.009223937799999998,1.3071647356569114,0,200,0.032127381416999994,-3.1135712000000004,2.5093536,1.283311932622696,0.4822464,1.6468895164117991,0,200,C
-0.2818519595400001,-5.4648129999999995,6.5695190000000006,1.4117569074578753,-0.27179718,1.993057565755024,0,200,0.1866170519524999,-7.847061,4.4200134,1.362640179887208,0.15978241,1.8567882598430419,0,200,-0.04038429311699997,-2.63826,2.5074463,0.8663621313073102,-0.0205459595,0.750583342563345,0,200,C
-0.03371551478500018,-6.760497999999999,3.4476776,1.3348903432075525,0.0068130495,1.7819322283887766,0,200,0.02243614139770005,-3.3161316,7.308319,1.4252827860183996,-0.102790832,2.031431020120371,0,200,-0.10067428687400004,-4.566375700000001,2.6048431,1.1368819541478186,-0.020973205499999998,1.2925005776669625,0,200,C
-0.035783936656804745,-5.058746299999999,2.217041,1.186886414747979,0.12251282,1.4086993615133117,0,169,0.037539240502958586,-5.0305023,6.2049712999999995,1.7849718914339858,0.09490967,3.1861246532094216,0,169,-0.03712806801775148,-4.84964,4.0500793,1.7022189786365434,-0.029785156,2.8975494512304367,0,169,C
0.0015750122123899995,-0.018310547,0.021011352999999997,0.003589790249513425,0.0016937256,1.2886594035501658e-05,0,200,-0.000549621569475,-0.03263855,0.03857422,0.0066732126872636474,-0.0005340576,4.453176756945652e-05,0,200,0.00010856628459000012,-0.0035705565999999997,0.0034942627000000004,0.0011091587214452096,0.00016784667999999994,1.2302330693579719e-06,0,200,D
0.0008219909685600005,-0.0021209717,0.004714966,0.0013618098450416756,0.0007095337,1.8545260540524327e-06,0,200,-0.00034400940050999994,-0.0053710938,0.006652831999999999,0.0015704885276714231,-0.0004196167000000001,2.4664342155475542e-06,0,200,5.340589600000072e-07,-0.0025482178,0.0022888184,0.0008326606386975574,8.39233395e-05,6.933237392362243e-07,0,200,D
-0.0002175903333400004,-0.003112793,0.0021972656,0.0010094499203119917,-0.00013732909999999998,1.0189891416178862e-06,0,200,0.0002691650400350001,-0.007034301800000001,0.0059509277,0.0014790393808754756,9.1552734e-05,2.1875574901805097e-06,0,200,0.00011505127136500004,-0.0017395020000000002,0.0025024414000000004,0.0008811726595949457,0.00016784668000000005,7.764652560176302e-07,0,200,D
-0.0002767181445250001,-0.003829956,0.0020294189999999998,0.0009704254197873843,-4.5776367e-05,9.417254953695214e-07,0,200,0.00029830932911500025,-0.0020751953,0.0029144287,0.0009918829229757936,0.00015258789000000006,9.838317328910045e-07,0,200,-6.011962850000002e-05,-0.0038604736,0.0025024414000000004,0.0009363007934685359,0.0,8.7665917584981e-07,0,200,D
-0.00042930603178500015,-0.0040588379999999995,0.0030975342,0.001143866358127476,-0.000480651855,1.308430245255815e-06,0,200,0.00035957336499500023,-0.0062713623,0.004180908,0.00127414993362675,0.000289917,1.6234580533610512e-06,0,200,-7.095336948500002e-05,-0.0017700195,0.0025024414000000004,0.0008620630520271672,-8.392333800000001e-05,7.431527056703945e-07,0,200,D
-0.0004648590111399998,-0.012237548999999999,0.005569458,0.0017773092806822079,-0.00018310547,3.158828279199108e-06,0,200,0.00023429870949000006,-0.021743774,0.011642456,0.002853262470837135,0.0002822876,8.141106727487634e-06,0,200,6.111145210499998e-05,-0.0024261475,0.0030975342,0.0010116384529875887,6.1035155999999994e-05,1.0234123595631218e-06,0,200,D
-0.00028488159188999997,-0.0077056884999999985,0.006042480500000001,0.0013423447716077435,-0.0002822876,1.8018894858626458e-06,0,200,-0.00021377563631500002,-0.021697998,0.022476196,0.0031450453296010985,-0.00030517577999999995,9.891310125245682e-06,0,200,-9.895324651499991e-05,-0.0036468506,0.0030364990000000002,0.0008410723020819543,-0.00028991699,7.07402617329438e-07,0,200,D
-9.66644275700002e-05,-0.005844116,0.0042419434,0.001381773680188556,-0.00010681152,1.9092985032618258e-06,0,200,-0.00012168884803000007,-0.006942749000000001,0.0057678223,0.0019550412575784293,-0.00015258788999999998,3.822186318833848e-06,0,200,-0.00013572692759499996,-0.0025482178,0.0020446776999999998,0.0009064205757734312,-0.00036621094,8.215982601854384e-07,0,200,D
-0.00023422241018,-0.013931273999999999,0.008010864,0.002358737119320433,-0.0001373291,5.563640798060057e-06,0,200,-3.173827251000001e-05,-0.03955078,0.026657103999999997,0.00526816326960055,-1.5258788999999999e-05,2.7753544235168372e-05,0,200,9.460449165000023e-06,-0.0042419434,0.0032348633000000003,0.0010392297875640496,-8.392333800000001e-05,1.0799985513604195e-06,0,200,D
6.187438714999995e-05,-0.0034484863,0.0053253174,0.0011881097112259164,7.629394499999999e-06,1.4116046859093309e-06,0,200,9.5901491405e-05,-0.0062561035,0.009597778000000001,0.0020891433802482247,0.000144958495,4.364520063234977e-06,0,200,-0.00012779235759499994,-0.0023956299,0.0018157959,0.0008417918273583568,-0.00032043457000000003,7.086134806073215e-07,0,200,D
-0.00016143799038999994,-0.0028839111,0.0030975342,0.0010177862973689963,3.0517577999999997e-05,1.035888947112091e-06,0,200,-5.3787228135e-05,-0.005630493,0.0037231445,0.0014246188710153947,-9.1552734e-05,2.0295389276531777e-06,0,200,9.39941402e-05,-0.002319336,0.002746582,0.0008636965285475079,-2.28881835e-05,7.459716934250161e-07,0,200,D
-0.0002543640192199999,-0.010025024,0.0067443848,0.0017240338839108339,-6.1035155999999994e-05,2.972292832872675e-06,0,200,-0.00011512756280500004,-0.015472412,0.010452270500000001,0.0025287598666788266,-7.629394499999999e-06,6.394626463325517e-06,0,200,-0.00015930175831000004,-0.0024108887,0.0025634766,0.0009069538291419586,-0.00030517577999999995,8.225652481952609e-07,0,200,D
-2.0370485129999987e-05,-0.003967285,0.008956909,0.0011808694291487135,3.0517577999999997e-05,1.3944526086980091e-06,0,200,4.890441759999998e-05,-0.010009766,0.026275635,0.002892358764773185,-7.6293945e-05,8.365739224160266e-06,0,200,-4.6234131460000015e-05,-0.0026550293,0.0027923584,0.0009428895918018843,-0.00017547607499999998,8.890407823283242e-07,0,200,D
3.3493040915000005e-05,-0.0030212402,0.0024414063000000002,0.0010436137043488552,6.1035155999999994e-05,1.0891295639047393e-06,0,200,0.00017295837558500005,-0.002456665,0.0027770996,0.001078062465150165,0.0001373291,1.1622186787656507e-06,0,200,-3.3798217989999984e-05,-0.002532959,0.0024108887,0.0007979166674631635,-0.00012207031000000001,6.366710082155207e-07,0,200,D
7.614135758499997e-05,-0.00289917,0.0024414063000000002,0.0009544433745427484,0.000190734865,9.109621552085493e-07,0,200,0.000137329100315,-0.0025634766,0.0019226074,0.0008667290794415361,5.340576e-05,7.512192971495727e-07,0,200,-0.00010803222615500008,-0.0022125244,0.0022888184,0.0008100021981559236,-0.00021362305000000001,6.561035610174282e-07,0,200,D
-2.2964476064999968e-05,-0.0027618408,0.0024414063000000002,0.0010407737750471845,0.0,1.0832100508259671e-06,0,200,9.681701794499998e-05,-0.0036621094,0.002532959,0.0010384605913315568,0.000129699705,1.0784003997486865e-06,0,200,-6.195068140000008e-05,-0.0024108887,0.0019226074,0.0008343707098646908,-0.00014495849500000002,6.961744814801078e-07,0,200,D
0.00159332275729,-0.046310425,0.14758301,0.013601063440629602,0.00017547607499999998,0.00018498892671603114,0,200,0.0029012298854,-0.03677368,0.3177948,0.028139439048431185,-5.34057615e-05,0.0007918280299603738,0,200,-0.00016410827526500005,-0.004348755,0.0034790040000000004,0.0010458521748262278,-0.00012207031000000001,1.093806771588751e-06,0,200,D
-0.0007008143860416669,-0.06654358,0.029647827,0.007856000699574872,-7.6293945e-05,6.171674699172087e-05,0,168,-0.001159395487452381,-0.11152649,0.059921265,0.014220579455908646,-5.34057615e-05,0.00020222488006181109,0,168,-0.0001709347672202381,-0.0025482178,0.0017089844000000001,0.0008827139688088934,-0.00021362305000000001,7.79183950730348e-07,0,168,D
-0.0020995330264,-0.2244873,0.3122406,0.06568967272282321,0.00313568115,0.004315133102431623,0,200,0.0022362517630000025,-0.28549194,0.34503174,0.09714205330716584,0.00191497805,0.00943657852073225,0,200,-0.0013819123403,-0.15385437,0.15371704,0.046923052193155686,0.00319671635,0.0022017728271216124,0,200,E
0.0007577514492650003,-0.07412719999999999,0.07369995,0.023379394805638973,0.00016021728649999998,0.0005465961014779387,0,200,0.00384613045095,-0.10888672,0.1666565,0.03487570543779114,-0.0008239746000000001,0.0012163148297835741,0,200,-0.0015548706167200007,-0.041107178,0.046432495,0.0126751422507765,-0.0011901855499999998,0.00016065923107741955,0,200,E
-0.01143112170689,-0.73913574,0.7263031,0.17814815289788571,-0.0033874512,0.03173676438092847,0,200,-0.031106109858300007,-1.211731,0.5626220999999999,0.22039774276287455,-0.0040664675,0.04857516501497024,0,200,-0.008804778873855,-0.62431335,0.45980835,0.11586875892460785,-0.00777435315,0.013425569294728892,0,200,E
0.0018040466125000011,-0.46321106,0.51290894,0.14231248858669873,0.012908935500000001,0.020252844407739255,0,200,-0.004836196625600001,-1.0886383,1.2828979999999999,0.2448170027495276,0.021209717000000003,0.0599353648352622,0,200,-0.014985199053199998,-0.4068756,0.31715393,0.1020614970490104,-0.0030288696500000004,0.01041654917988516,0,200,E
-0.002303924216020001,-0.3860321,0.41233826,0.11820128240840153,0.000282287598,0.01397154316299069,0,200,0.0008871462578999998,-0.6849365,0.45768738,0.14408533193335193,-0.0015563965,0.02076058287834421,0,200,-0.0024515533844999987,-0.14381409,0.076309204,0.035005063826584214,0.0,0.0012253544935032345,0,200,E
0.0006559753567000019,-0.22496033,0.2286377,0.05664464703103994,0.0030517578000000003,0.003208616037271101,0,200,-0.005362014807650004,-0.28793335,0.41220093,0.10166271196212164,-0.00380706785,0.010335307003493312,0,200,-0.0042527770285,-0.14117432,0.120147705,0.03413488128698625,-0.0013580322500000002,0.0011651901204766445,0,200,E
-0.0023137663988000005,-0.22862244,0.21195984,0.06538943795839848,-0.0030593872499999997,0.004275778596515243,0,200,-0.006668930130000001,-0.4481964,0.3035736,0.08606955031469694,-0.005722046,0.007407967491374147,0,200,-0.0043117523315499996,-0.15853882,0.14674377,0.04173819513964762,-0.0026092529,0.0017420769335153039,0,200,E
-0.004380416939080001,-0.42251587,0.32398987,0.09756255884982454,0.00186920165,0.009518452889325476,0,200,-0.001565933273300001,-0.70500183,0.44682312,0.15067902995852622,0.008773804,0.02270417006924244,0,200,-0.00213783264995,-0.09133911,0.13748169,0.031035352670919038,-0.0034866333000000004,0.0009631931154083212,0,200,E
0.0017514801534999928,-0.9737396,0.60362244,0.18480159333105736,-0.005493164050000001,0.03415162889769751,0,200,-0.005789107807499992,-1.2005005,0.7498627,0.2850923625405905,0.015159607,0.08127765517897549,0,200,-0.008354797522499995,-0.5115204000000001,0.41249084,0.10966165209708026,-0.0023880004999999997,0.012025677940661068,0,200,E
-0.008526763903650003,-0.41336059999999997,0.5372161999999999,0.10709854817193662,-0.0083847045,0.011470099020536629,0,200,-0.01776039044050002,-1.9991302,0.7620392,0.2947674630577763,0.0128479,0.08688785727751752,0,200,-0.012067184475079993,-0.34442140000000004,0.39250183,0.08805819069703487,-0.0033950806,0.00775424494883536,0,200,E
0.0105533602526,-0.8723601999999999,0.93356323,0.1603517538295346,0.0034561157,0.02571268495620766,0,200,0.020793380481300014,-1.1082001,2.2440186,0.33165884089369096,-0.021484375,0.1099975867429466,0,200,-0.00022308363055000054,-0.42440796,0.4984436,0.10799202450106801,-0.0050125123,0.011662277355839272,0,200,E
0.00028785694587,-0.11621094,0.16502379999999994,0.032657910819141066,0.0018997192,0.0010665391390709718,0,200,0.0015737152649950013,-0.1923523,0.31565857,0.05406267986556978,0.00344085695,0.0029227733542470835,0,200,0.0008277130363500003,-0.08352661,0.063186646,0.01566029332312835,0.00045013427499999997,0.00024524478696641834,0,200,E
0.00601272586365,-0.03236389,0.31170654,0.032400433469275236,0.0024108887,0.0010497880889969312,0,200,0.005219268812070001,-0.10986328,0.42099,0.04774686046522024,0.0011367797500000001,0.002279762684285212,0,200,0.00016197203536999908,-0.033508300000000005,0.083358765,0.015828584638134587,4.5776367e-05,0.00025054409164659017,0,200,E
0.019258956840700003,-0.41287229999999997,0.42405699999999996,0.10735919154875737,0.0094451905,0.011525996010002771,0,200,0.008707885950150002,-0.59565735,0.56578064,0.17406901838238542,0.001106262215,0.03030002316060723,0,200,0.014745330893000001,-0.14396667,0.21325684,0.06880360224186305,0.008872986,0.004733935681456502,0,200,E
0.0006979370210549999,-0.04232788,0.054748535,0.008298255614215395,0.0005035400249999999,6.886104623885735e-05,0,200,-0.0036441802830100008,-0.23512268,0.13934326,0.03205266758978936,-0.0033493041500000003,0.001027373499621533,0,200,-0.004276046760705,-0.044769287000000005,0.060256958,0.011163398151976102,-0.0043487549,0.00012462145829954344,0,200,E
-0.022341689931224998,-1.2472076,0.19041443,0.13450708018939786,-0.0007019042949999997,0.0180921546210771,0,200,0.0073800658024,-0.32591248,0.55618286,0.0870627246367415,0.00415802015,0.0075799180211730734,0,200,-0.015198440529750001,-0.68367004,0.2046051,0.09427552780746427,-0.00116729735,0.008887875143375969,0,200,E
-0.0029750061137,-1.2540741000000002,0.8185272,0.1945261271085808,0.0057144165000000005,0.03784041412786373,0,200,-0.020634841850999973,-0.6506195,0.3014679,0.15573344075934487,0.0043029785,0.02425290457074437,0,200,-0.011869888486000013,-0.5514679,0.20774841,0.08408193329481982,-0.005371093699999999,0.007069771506594533,0,200,E
3.778367928571409e-05,-0.12149048,0.11679077,0.036311100545674116,-0.0009841919,0.0013184960228380545,0,168,0.007739203304107144,-0.23373413,0.1476593,0.0478617102894865,0.0060882568000000005,0.0022907433118347373,0,168,0.0007998147813690485,-0.0953064,0.08143616,0.031070625643029717,0.001121521,0.0009653837778492961,0,168,E
0.0030097961113500003,-0.20130920000000002,0.16540527,0.04682493894069476,0.00206756595,0.0021925749067997925,0,200,0.008120422370199998,-0.17646789999999998,0.46688843,0.07518965844475163,0.00369262695,0.00565348473703841,0,200,0.0031867981575,-0.09837341,0.08489989999999999,0.029287342452834764,0.00433349615,0.0008577484279496173,0,200,G
0.0024543760676500005,-0.10749817,0.14414978,0.04602037104350748,0.00337982175,0.0021178745509821016,0,200,0.00016006464929999926,-0.112472534,0.13734436,0.02951520916823988,0.0007171631,0.0008711475722449514,0,200,0.0011886598418,-0.079055786,0.13337708,0.039216860805115585,-3.0517585000000034e-05,0.0015379621714078115,0,200,G
0.00221542355707,-0.10890198,0.11819458,0.0504796491482992,0.000717163072,0.0025481949781353845,0,200,-0.0004172515882399997,-0.061920166,0.0765686,0.02465373833994773,6.103515599999999e-05,0.0006078068141346088,0,200,0.0004598236987000002,-0.08352661,0.09275818,0.03633381577372182,-0.00020599365,0.0013201461686787564,0,200,G
0.002878418003799997,-0.0761261,0.12268066400000001,0.03788797947438855,0.0015487670500000002,0.0014354989886516875,0,200,-0.00032218937346000035,-0.07940674,0.08476257,0.02682646304927549,-0.0015640259,0.0007196591197341433,0,200,0.00012107853577999995,-0.05722046,0.091033936,0.02477244752494281,-0.0011901855499999998,0.0006136741563760454,0,200,G
0.002887496913200001,-0.14564514,0.16433716,0.05561372217651829,0.00510406485,0.0030928860943269625,0,200,-0.0014729306962999991,-0.43670654,0.32588196,0.0864743862480931,0.00038146972,0.007477819476984394,0,200,-0.004288864179799999,-0.2767334,0.09056091,0.04197052965146431,-0.00106811525,0.001761525359224445,0,200,G
0.0012628936563850006,-0.07684326,0.076171875,0.02859944455904,0.000457763675,0.0008179282290856026,0,200,4.3335006085000455e-05,-0.0874176,0.09143066400000001,0.03435741315949361,-0.0009765625,0.0011804318390121447,0,200,3.280647995000025e-05,-0.07360839999999999,0.08129883,0.02660853647220693,-0.0015640259,0.0007080142131927665,0,200,G
-0.013619461074299996,-0.5917969,0.38865662,0.17115288974870413,-0.00099182128,0.029293311669332075,0,200,-0.048701095461500005,-1.1259613000000002,1.3110503999999998,0.25367431504988264,-0.01136016825,0.06435065811602711,0,200,0.009465255766000002,-0.46592712,0.39373779999999997,0.12104718381999476,0.0081558228,0.014652420710751603,0,200,G
0.016017913703324994,-0.64915466,0.5654906999999999,0.15569148892941356,0.00325012205,0.024239839725057697,0,200,0.021503142954159983,-0.8973999,1.1162872,0.17127657333265786,0.0065002440000000005,0.02933566457257732,0,200,-0.0037280273285999993,-0.56085205,0.45988464,0.11315423492999765,-0.00204467775,0.012803880882593098,0,200,G
0.0018521881263100005,-0.07482910000000001,0.055923462,0.02162704320100677,0.0017242431499999995,0.0004677289976182131,0,200,-0.0012504577837000007,-0.09385681,0.08299255,0.033222001448749004,0.0029067993,0.0011037013802606811,0,200,-0.00148567196273,-0.065719604,0.059982299999999995,0.022630347146304332,-0.0038146973,0.0005121326119622443,0,200,G
0.002822341950250001,-0.049682617000000005,0.05203247,0.023278623024380225,0.00183868405,0.0005418942899112052,0,200,0.0006810761120000006,-0.09451294,0.07901001,0.035960092902180635,0.00337219235,0.0012931282815334625,0,200,0.00015876770685000006,-0.041305542,0.05142212,0.017701941966273112,0.0009384155150000001,0.0003133587493773012,0,200,G
0.0014517211825,-0.16427612,0.17652893,0.04715001805048315,-0.00086975095,0.0022231242021608865,0,200,-0.004163742126299997,-0.24215698,0.28190613,0.07507078805431948,-0.0017547607500000002,0.005635623219096556,0,200,-0.0027424621356999996,-0.2571411,0.18942260000000002,0.05297027178053945,-0.0026931763,0.002805849692504214,0,200,G
0.0011943817734000007,-0.06842041,0.06932068,0.02176164141749616,0.0017623901499999996,0.00047356903718368426,0,200,0.0008161926309450009,-0.110443115,0.123687744,0.03933659689136442,0.0005798339945,0.0015473678549937006,0,200,-0.00186141965447,-0.074798584,0.04585266,0.020864287325138803,-0.0013504028,0.0004353184855859478,0,200,G
0.040411757917700006,-0.67948914,0.7095642,0.20213902808127,0.013328551999999999,0.04086018667364047,0,200,0.017893905534899987,-0.7886963,0.7810210999999999,0.22613973753858646,0.00157928465,0.05113918089402075,0,200,-0.0041317749242000025,-0.4540558,0.39726257,0.14543254203365247,0.000976562515,0.02115062428237009,0,200,G
-0.013643722430049998,-0.337677,0.07331848,0.05836834075546441,-2.2888184999999954e-05,0.0034068632025460077,0,200,0.0007939147129999985,-0.35958862,0.49449158,0.08436374730428413,-0.001411438,0.0071172418592211064,0,200,0.0031762695359499964,-0.27793884,0.2233429,0.05317370052392778,0.001022338865,0.002827442427408357,0,200,G
0.0021294402776749987,-0.07626343,0.09111023,0.028351108004746974,0.0010452270699999999,0.000803785325096828,0,200,-0.0016251373413749995,-0.10203552,0.09259033,0.029667691559823475,-0.00135040285,0.0008801719224888209,0,200,-0.0005055236817999999,-0.065460205,0.065826416,0.019628346310405064,-0.000839233395,0.0003852719788811921,0,200,G
0.002667541512905,-0.10072327,0.0965271,0.029731936037349367,0.0035324096999999996,0.0008839880205290341,0,200,5.996715065000012e-05,-0.16224670000000002,0.16810608,0.050954821495189866,-0.0016708373999999998,0.0025963938336066627,0,200,-0.0002320861372749999,-0.09143066400000001,0.10221863,0.03422585057848671,-0.000305175778,0.0011714088478208993,0,200,G
0.0025811767453650016,-0.08177185,0.07521057,0.027415186295072985,0.0025024414000000004,0.0007515924395935577,0,200,-0.0014133453615250008,-0.06524658,0.078567505,0.024073108741817614,-0.000671386715,0.0005795145644953756,0,200,-0.0003765869395150004,-0.03152466,0.032821655,0.011068961148697702,-0.000373840335,0.00012252190091137916,0,200,G
0.0029525756561011914,-0.08401489,0.07594299,0.027630815256215184,0.0022888184,0.0007634619517230938,0,168,-0.0020949045495654768,-0.070373535,0.049819946,0.02352510801073416,-0.00239562995,0.0005534307069167086,0,168,-0.0006212507138690477,-0.08030701,0.06335449,0.023337982348663026,-0.001701355,0.0005446614201065069,0,168,G
5.348205374500012e-05,-0.0032348633000000003,0.0029907227,0.0010242785611551146,6.86645505e-05,1.0491465708419918e-06,0,200,-0.00020195006925999997,-0.011993408,0.0058898926,0.001984925601761894,-0.00017547607499999998,3.939929644529816e-06,0,200,0.0009226989754900004,-0.0017242432000000002,0.0029296875,0.0008255335347898213,0.0009384155199999999,6.815056170625771e-07,0,200,H
-0.0005792999287249999,-0.005859375,0.0033569335999999996,0.0013124701700943304,-0.00045776367,1.7225779473874409e-06,0,200,0.00039024352846,-0.0037689209999999997,0.0043792725,0.001047968802460616,0.00035858154499999995,1.0982386109307374e-06,0,200,-0.00013732910245000006,-0.002105713,0.0012664795,0.0006606337503574394,-9.9182127e-05,4.3643695211133567e-07,0,200,H
-0.0006445312512600003,-0.0031280518,0.0013580322,0.0008321516307622664,-0.0005874634,6.924763365802993e-07,0,200,0.000526275634245,-0.0020599365,0.0026397705,0.0008770244031086219,0.0005493164,7.691718036480346e-07,0,200,-0.00032028198241499983,-0.0015716553,0.0015411377,0.00056778546040836,-0.000328063965,3.223803290511333e-07,0,200,H
-0.0008959197972699998,-0.004043579,0.001876831,0.0009760955856812156,-0.0008544922000000001,9.527625923863552e-07,0,200,0.000615921016885,-0.01083374,0.012191772,0.0017433075380829026,0.0005340576,3.0391211723366706e-06,0,200,-0.000209426880895,-0.0019378662,0.002319336,0.0006865303762504558,-0.00021362305000000001,4.7132395751459244e-07,0,200,H
-0.001491088865945,-0.0047302246,0.0017547607,0.0010709388785065577,-0.00147247315,1.1469100814968835e-06,0,200,0.000529632570595,-0.006729125999999999,0.004333496,0.0012928662338003588,0.0006332397450000001,1.671503098501124e-06,0,200,-0.00035781860303500006,-0.0024108887,0.0016174316,0.0007066998337072049,-0.00032043457000000003,4.994246549617911e-07,0,200,H
-0.001725921628450001,-0.007644653299999998,0.0018920898,0.0011178741062672966,-0.0017547607,1.2496425174629076e-06,0,200,0.00045455932757999996,-0.0069274902,0.00831604,0.0017186645726893401,0.000480651855,2.953807913417431e-06,0,200,-0.0004064941412,-0.0020751953,0.0016632079999999998,0.0007194394685598526,-0.00038146972999999996,5.175931489216832e-07,0,200,H
-0.0013555145258550008,-0.0054473877,0.004043579,0.0014709705379599522,-0.00148010255,2.1637543235461913e-06,0,200,0.0004981231673750002,-0.01701355,0.016555786,0.0022836367287687944,0.0005340576,5.214996708981839e-06,0,200,-0.0003803253175450001,-0.0019683838,0.0016479492000000002,0.000675746547626179,-0.00038146972999999996,4.566333966286997e-07,0,200,H
-6.301879839999999e-05,-0.0038757324,0.0020294189999999998,0.0009396072403918367,-3.0517577999999997e-05,8.828617661967626e-07,0,200,-2.8991694599999838e-06,-0.0030670166,0.004837035999999999,0.0011571564735265445,7.629394499999999e-06,1.3390111042243884e-06,0,200,-8.422851690000001e-05,-0.0023498535,0.0016021729,0.0006683177708930616,-4.5776367e-05,4.4664864289147083e-07,0,200,H
-0.00024703979455999983,-0.0027008057,0.0023345947,0.0008780315717468125,-0.00024414063,7.70939440984178e-07,0,200,-2.0751952250000022e-05,-0.0077209473,0.0033569335999999996,0.00099653639870968,0.0,9.930847939532586e-07,0,200,-5.9127807334999985e-05,-0.002670288,0.0018615723,0.0006807800912876874,-9.9182127e-05,4.6346153269367207e-07,0,200,H
-4.4555665680000065e-05,-0.006225586,0.0037078857,0.0011482640153592256,6.1035155999999994e-05,1.318510248968892e-06,0,200,-8.735656748499997e-05,-0.007614135699999998,0.002166748,0.0011105299882284028,4.5776367e-05,1.2332768547545768e-06,0,200,3.395080511000001e-05,-0.0016479492000000002,0.0015869141,0.0006540292097272506,3.0517577999999997e-05,4.27754207176452e-07,0,200,H
-0.00033218384637499987,-0.022155762000000002,0.01977539,0.004123238866984554,-0.000289917,1.7001098754212072e-05,0,200,0.0002275085441949999,-0.016098022,0.013153076000000001,0.003772465837752568,0.00015258789000000006,1.4231498497010184e-05,0,200,0.00026695251721999994,-0.0028533936,0.047454834,0.0038949573237713852,-0.00012207031000000001,1.517069255400035e-05,0,200,H
0.00028465271517000014,-0.031723022000000003,0.05329895,0.005741838178309445,0.00045776367,3.2968705665891925e-05,0,200,0.00013671873735999988,-0.019485474,0.03425598,0.004280951523052335,6.1035155999999994e-05,1.8326545942724104e-05,0,200,-0.000140762326715,-0.002380371,0.0019378662,0.0007704208822633553,-0.00012207031000000001,5.93548335827447e-07,0,200,H
5.905151097000007e-05,-0.011886596999999999,0.015563965,0.0029497162421314675,4.5776367e-05,8.700825909094187e-06,0,200,2.235412665e-05,-0.014678955,0.020751953,0.0031773297067476977,-7.629394499999999e-06,1.0095424065381412e-05,0,200,0.0003185272237000002,-0.0024414063000000002,0.011367798,0.0014713015301481985,7.629394499999999e-06,2.16472819261643e-06,0,200,H
-0.00011856078744500009,-0.018661498999999998,0.015197753999999999,0.0028569313084038715,-3.0517577999999997e-05,8.162056500938257e-06,0,200,0.00020530700700500007,-0.020858765,0.027709961,0.003532898498871525,0.000114440917,1.2481371803328674e-05,0,200,3.0364990375000023e-05,-0.0018157959,0.002105713,0.0006669070442547575,3.81469725e-05,4.4476500567661714e-07,0,200,H
0.000145187377435,-0.008666992,0.0055236816,0.0021029022744245827,0.00012207031,4.422197975780085e-06,0,200,0.00029579162508499993,-0.0042266846,0.0045166016,0.0015432825483533313,0.00024414063,2.3817210240519524e-06,0,200,5.661010844000005e-05,-0.0016326904000000001,0.0018920898,0.0006364735813097762,6.1035155999999994e-05,4.0509861970529216e-07,0,200,H
-2.281189233000004e-05,-0.0096588135,0.0101623535,0.002690504105653857,0.00012207031,7.2388123425402615e-06,0,200,3.234862013499999e-05,-0.011672974,0.01637268,0.003000672017614177,-2.28881835e-05,9.004032557292737e-06,0,200,5.1422121389999984e-05,-0.0017242432000000002,0.0027008057,0.0007096877478363515,7.629394499999999e-06,5.036566994290329e-07,0,200,H
-0.0002088165330850001,-0.008270264,0.012954712,0.00237291414671815,-9.9182127e-05,5.6307215476951265e-06,0,200,0.00014022827854499994,-0.0118255615,0.013549805,0.0028241683862944194,7.629394499999999e-06,7.975927074144824e-06,0,200,5.920410063999994e-05,-0.002105713,0.0014801025,0.0006894411997618072,9.1552734e-05,4.753291679290003e-07,0,200,H
0.0002105360064797689,-0.005966186500000001,0.0042419434,0.0016868077298712765,0.00044250488,2.8453203175534894e-06,0,173,4.189552302890164e-05,-0.008865356,0.013305663999999998,0.002828159521032658,-4.5776367e-05,7.998486276407672e-06,0,173,-4.0043297468208034e-05,-0.0029296875,0.0019073485999999999,0.0006822614432351433,-9.1552734e-05,4.654806769253008e-07,0,173,H
0.0007437896767300001,-0.007522583,0.009292603,0.0017389375518314515,0.0010223389,3.0239038091695617e-06,0,200,-0.0001053619369,-0.009857178000000001,0.007598876999999999,0.0024220584675170714,-6.1035155999999994e-05,5.866367220071145e-06,0,200,0.00039482116991500015,-0.0022125244,0.0026397705,0.0008103438487930963,0.000495910645,6.566571532768085e-07,0,200,I
0.00020370483392499975,-0.0063476563,0.00541687,0.0020043539744164333,0.00032806397000000005,4.017434854758952e-06,0,200,-0.00014572144306999996,-0.008926392,0.009017944,0.0021102335299461017,-2.28881835e-05,4.4530855509087885e-06,0,200,0.00011459350707000008,-0.0018615723,0.0025177002,0.0008628122392216383,0.00016784667999999994,7.444449601506574e-07,0,200,I
-0.0003253936734500002,-0.0071563719999999985,0.013580321999999999,0.0021219469873282482,-0.000389099125,4.502659017031428e-06,0,200,-1.9226076424999967e-05,-0.015472412,0.020950317,0.0030325214056132537,-0.00048828125,9.196186075502586e-06,0,200,-0.00021263122331499984,-0.0029907227,0.0018615723,0.0008375791350779116,-0.00016784667999999994,7.015388075178624e-07,0,200,I
-0.00024925231725,-0.008026123000000001,0.003616333,0.0014946219676844625,-0.00019836426,2.233894826284974e-06,0,200,-0.00017036437871000012,-0.0058288574,0.0034942627000000004,0.001327606549764923,-0.00015258788999999998,1.762539150978723e-06,0,200,-5.523681526500005e-05,-0.002090454,0.0025787354,0.0008177309431452298,-0.000129699705,6.686838953771868e-07,0,200,I
4.577606049999421e-07,-0.007080078,0.015701293999999998,0.0022681261845506704,6.86645505e-05,5.144396389044382e-06,0,200,0.00013641356773499993,-0.013015747,0.014221191000000001,0.0028233853733084387,0.000160217285,7.97150496621203e-06,0,200,0.00020675659171500007,-0.0024414063000000002,0.0025939941,0.0009574832511523117,0.000129699705,9.16774176237201e-07,0,200,I
-0.00025573730583500003,-0.028305054,0.0067443848,0.002459389041175704,-0.00010681152,6.04859445585515e-06,0,200,0.00028511047224500004,-0.04550171,0.016021729,0.0038516900821713475,0.00033569336000000005,1.4835516489097125e-05,0,200,0.00010833740403000008,-0.002319336,0.0025939941,0.0008745783417551668,5.34057615e-05,7.648872758672171e-07,0,200,I
5.5618282869999954e-05,-0.013168335,0.013137817,0.0027410245027870038,-0.00015258789000000006,7.513215324878743e-06,0,200,0.0006150054893600001,-0.020004272,0.031723022000000003,0.00462509500933667,0.000541687,2.139150384539098e-05,0,200,0.00017463684211000013,-0.0024414063000000002,0.003616333,0.0009433892663159487,0.00017547607499999998,8.899833078001438e-07,0,200,I
-0.00017440795850499994,-0.006286621,0.009429932,0.002016543017580333,-0.000373840335,4.066445741751996e-06,0,200,0.00043098449736499986,-0.015151978,0.018981934,0.0031305538256827014,0.000305175785,9.800367255496596e-06,0,200,2.7465822984999995e-05,-0.0024261475,0.0024108887,0.0008084242544613975,-8.39233395e-05,6.535497752014664e-07,0,200,I
-0.0004637908911950001,-0.032699585,0.015350342,0.002968715855200175,-0.000320434575,8.813273828916902e-06,0,200,-0.00016921996783999981,-0.026672362999999998,0.015182495,0.0027066293073328435,-0.0001373291,7.325842207313067e-06,0,200,-3.723144191000003e-05,-0.0024719238,0.0027008057,0.0009468702540593405,-7.6293945e-05,8.965632780223999e-07,0,200,I
-8.338927823999987e-05,-0.008743286,0.009048462,0.0019781424298045748,0.000114440917,3.913047472593145e-06,0,200,-0.00022293090555500005,-0.015609741000000003,0.017807007,0.0036124547695131726,-0.00019836426,1.3049829461778467e-05,0,200,-0.000308761598205,-0.0027923584,0.0023651123,0.000912566618588186,-0.0004196167000000001,8.327778333614757e-07,0,200,I
0.00030296325449999986,-0.006210327,0.009536743,0.0015324921000129006,0.00019836426,2.34853203660195e-06,0,200,0.0002282714879150001,-0.0058288574,0.010147095,0.001751683185941236,0.000114440915,3.0683939839092386e-06,0,200,-0.0004469299325699998,-0.0038604736,0.0026550293,0.0009962317451806346,-0.00044250488,9.92477690105653e-07,0,200,I
-6.523132726000001e-05,-0.0054016113,0.0032348633000000003,0.0011871489269472946,-0.000144958495,1.4093225747521127e-06,0,200,-4.249572613499998e-05,-0.009841919000000001,0.009506226,0.0017964464048296008,-0.000259399415,3.227219685425198e-06,0,200,-9.185790926499996e-05,-0.0026092529999999997,0.002243042,0.0007605725300006209,-0.000106811522,5.784705733915455e-07,0,200,I
-0.0007007598921200003,-0.007949829,0.0037078857,0.0013816827893949053,-0.0005569457999999999,1.909047330510086e-06,0,200,-9.277343458499992e-05,-0.0051879883,0.005966186500000001,0.0013940821755617403,-0.00012207031,1.9434651122189552e-06,0,200,-9.216308331000003e-05,-0.0030517578000000003,0.0018463135,0.0008138389153413339,-8.39233395e-05,6.623337801239586e-07,0,200,I
-0.0007506561338099997,-0.042266846,0.01171875,0.0038981899033046718,-0.0005035400249999999,1.5195884522226489e-05,0,200,-0.0008492279053399997,-0.10232544,0.020355225,0.008557815285900345,-0.00013732909999999998,7.32362024675896e-05,0,200,-0.00012351989504999998,-0.0034332275,0.0016479492000000002,0.0008466399494452027,-0.00018310547,7.167992039965755e-07,0,200,I
-0.0003448486338350002,-0.0051727295,0.0022583008,0.0011748545672524097,-0.00022888183999999998,1.3802832541938468e-06,0,200,4.07409654e-05,-0.0043945313,0.0034942627000000004,0.0012375631587991688,0.00012207031,1.531562572016977e-06,0,200,-7.812499798999998e-05,-0.0024414063000000002,0.0023345947,0.0008037047841641037,-0.000160217285,6.459413800882685e-07,0,200,I
0.0002001953165700001,-0.0077209473,0.046875,0.0039218903772864425,-0.00013732910000000006,1.538122413145199e-05,0,200,0.000778427114415,-0.029006958,0.12309265,0.010295812376941979,-3.0517577999999997e-05,0.00010600375250119166,0,200,2.6168825820000048e-05,-0.0035552978999999997,0.0054779053000000005,0.0010821431134967,-1.5258788999999999e-05,1.1710337180883314e-06,0,200,I
-0.00012176513791,-0.006362915,0.0121154785,0.0019761559189026678,-0.00035858154499999995,3.9051922158140475e-06,0,200,-0.00028457641910500003,-0.016357422,0.01586914,0.003021609174254566,-0.00035858154499999995,9.13012200193936e-06,0,200,0.00012931823626499993,-0.0023956299,0.0028076171999999997,0.0009271594430231864,9.15527325e-05,8.596246327870653e-07,0,200,I
-0.0005464839386526946,-0.006652831999999999,0.008911133,0.0018239028199042511,-0.0006408691400000001,3.326621496454679e-06,0,167,-0.0005810217920479041,-0.010253906,0.008270264,0.0027232541696768755,-0.0006866455,7.416113272662489e-06,0,167,0.00020603933745508965,-0.0025177002,0.0038146973,0.0009848246260399905,0.0002593994,9.698795440548072e-07,0,167,I
0.0002467346223250001,-0.0043182373,0.0034332275,0.0012729166062454516,0.000289917,1.6203166864554383e-06,0,200,-0.00031829833644499985,-0.005340576,0.0030059814,0.0012050186859886964,-0.0002822876,1.4520700335819244e-06,0,200,0.0004402923598749999,-0.0025787354,0.0028076171999999997,0.0010538171376940273,0.00048828125,1.1105305596976324e-06,0,200,J
-0.0003149414058450001,-0.0043182373,0.002532959,0.0011236973199536275,-0.00030517577999999995,1.2626956668709652e-06,0,200,-3.486633065499995e-05,-0.003829956,0.0044403076,0.001077099498102648,5.34057615e-05,1.1601433288129758e-06,0,200,-0.00014381408707000006,-0.0024871826,0.002670288,0.0008773171069509762,-0.000160217285,7.696853061488306e-07,0,200,J
0.00017684936441999993,-0.0031280518,0.0038452148,0.0011180702335381962,-6.86645505e-05,1.2500810471241565e-06,0,200,9.2773435985e-05,-0.007568359399999999,0.007003784,0.0016844136418506413,8.39233395e-05,2.8372493168525407e-06,0,200,-0.00010108947536,-0.0023040771,0.0018310547,0.0009053150305528325,-0.00030517577999999995,8.195953045448759e-07,0,200,J
-0.00034690857008500003,-0.013198853,0.013671875,0.002330909291647618,-0.00036621094,5.4331381258892e-06,0,200,0.00019203185826999994,-0.018402099999999998,0.041320800000000005,0.00482011908674557,3.81469725e-05,2.3233548010408952e-05,0,200,-0.0002387237534049998,-0.003112793,0.0018310547,0.0009575420804101844,-0.00030517577999999995,9.168868357562641e-07,0,200,J
4.707336472499992e-05,-0.0036773682,0.0030822754,0.0012109035126102532,6.1035155999999994e-05,1.4662873168518498e-06,0,200,8.125305163999991e-05,-0.0050201416,0.0050354004,0.0014848319327702658,6.86645505e-05,2.2047258685742833e-06,0,200,-8.323669264000007e-05,-0.0022277832,0.0026397705,0.0007921418028142202,-0.00015258788999999998,6.274886357657631e-07,0,200,J
0.00020004272549000002,-0.0035705565999999997,0.0038452148,0.001200647107320966,0.0004348754850000001,1.4415534763182037e-06,0,200,-2.2125241919999965e-05,-0.0040893555,0.004928589000000001,0.0013113119888470447,-0.000129699705,1.7195391320939915e-06,0,200,-0.00013542175185000005,-0.0023956299,0.002532959,0.0008412169066361416,-0.00015258788999999998,7.076458840104791e-07,0,200,J
-2.2125257750000512e-06,-0.004348755,0.005859375,0.0015461264851812726,-9.15527325e-05,2.390507108178997e-06,0,200,1.1215208559999927e-05,-0.021194458,0.013442993,0.0028376769232804906,6.1035155999999994e-05,8.052410320918632e-06,0,200,-6.698608375500002e-05,-0.0026092529999999997,0.003524780300000001,0.0008899335468373748,-0.00015258788999999998,7.919817177865499e-07,0,200,J
-9.262085018e-05,-0.0065307617,0.0027770996,0.001188120849771107,-6.1035155999999994e-05,1.4116311536608172e-06,0,200,6.935119415499996e-05,-0.0027770996,0.005493164,0.0011829300038393865,-7.629394499999999e-06,1.3993233939834507e-06,0,200,-2.4871824399999993e-05,-0.0023040771,0.0022583008,0.0008041948578798092,-0.00015258788999999998,6.467293694403267e-07,0,200,J
0.00014289855939500002,-0.002670288,0.0028839111,0.0010042811531484183,0.000129699705,1.0085806345691174e-06,0,200,0.000124588009835,-0.0027160645,0.004211426,0.001013168880759104,0.00013732909999999998,1.0265111809386554e-06,0,200,-0.00016311645401999994,-0.0023040771,0.0036468506,0.000819243079804575,-0.00016784668000000005,6.711592238076853e-07,0,200,J
-1.6784605199999522e-06,-0.0048828125,0.0028076171999999997,0.0011642130741616116,0.0,1.3553920820488309e-06,0,200,4.348750569999971e-06,-0.004852295,0.00340271,0.0012516118644499564,7.629394499999999e-06,1.5665322592318968e-06,0,200,-0.00010330199975,-0.0022277832,0.0019683838,0.000850979317250363,-0.00016784668000000005,7.241657983878939e-07,0,200,J
0.00010345459163999996,-0.005508423,0.0063476563,0.0015736852786154669,-0.000106811522,2.47648535613104e-06,0,200,-9.460446054999927e-06,-0.018661498999999998,0.01399231,0.0030226679395272604,-0.000114440917,9.136521472645972e-06,0,200,-9.262084709000001e-05,-0.0022583008,0.0029907227,0.0009225223575503519,-0.00016784668000000005,8.510475001802594e-07,0,200,J
-0.0001857757571499999,-0.0077819824,0.005355835,0.0019726297089985427,-0.000205993655,3.891267968823674e-06,0,200,0.00017478943082000005,-0.017990112,0.016082764,0.003628336318097875,-0.00018310547,1.3164824437228045e-05,0,200,-8.995056261000008e-05,-0.0022888184,0.0025939941,0.000909415430842018,-0.00016784668000000005,8.27036425853573e-07,0,200,J
6.492614886500002e-05,-0.0031585693,0.004043579,0.0011256686343358287,0.0,1.2671298743274895e-06,0,200,9.033202867000004e-05,-0.005935669,0.008087158,0.0017067314164122447,-7.629394499999999e-06,2.912932127768547e-06,0,200,8.483887212500004e-05,-0.0019073485999999999,0.0021514893,0.000815184577995995,0.00022888183999999998,6.645258962025085e-07,0,200,J
0.00014801025310999996,-0.0043945313,0.005752563499999999,0.0012254727208171608,0.00012207031000000001,1.5017833894670152e-06,0,200,-0.00018150329858,-0.0075531006,0.008026123000000001,0.0016011383989596162,-0.000114440915,2.563644172622963e-06,0,200,3.875732280000004e-05,-0.0019073485999999999,0.0031433105,0.0008933335274204955,0.00012207031,7.98044791213545e-07,0,200,J
7.8277587355e-05,-0.004852295,0.0065002440000000005,0.0013606873248694644,0.00012207031000000001,1.85146999606042e-06,0,200,1.838683655999995e-05,-0.0051879883,0.0065612793,0.0016120438927539613,-7.629394499999999e-06,2.598685512165345e-06,0,200,2.0751950934999986e-05,-0.0022735596,0.0031585693,0.0008806682234488562,6.1035155999999994e-05,7.755765197925649e-07,0,200,J
-3.974914837500002e-05,-0.016220093,0.003982544,0.0018048310629604704,1.5258788999999999e-05,3.2574151658270216e-06,0,200,0.00014701843208999996,-0.015274048,0.0078125,0.002487211645542233,0.000289917,6.186221769720902e-06,0,200,4.6386719139999984e-05,-0.0022583008,0.001876831,0.0008878526270331631,9.9182127e-05,7.882822873296889e-07,0,200,J
-0.0004475402818149999,-0.0037384033,0.0025482178,0.0011833229121873568,-0.000389099125,1.400253114507567e-06,0,200,0.0003710937556800003,-0.009902954,0.007247925,0.0018172768205846753,0.000328063965,3.302495042634345e-06,0,200,6.568908803499994e-05,-0.0025634766,0.002090454,0.0008665079313852176,0.000129699705,7.508359951534889e-07,0,200,J
0.0004437764487261903,-0.0035095215000000004,0.009399414,0.001371840933774258,0.00038146972999999996,1.8819475475786283e-06,0,168,6.294251057738095e-05,-0.010482788,0.01651001,0.0023463368134256,-4.5776367e-05,5.505296442036198e-06,0,168,6.457737304761906e-05,-0.0028381348,0.00340271,0.0009024826741374887,2.28881835e-05,8.14474977118353e-07,0,168,J
-0.0017804718067500004,-0.00869751,0.0039978027,0.0022396923394783527,-0.0017776488999999996,5.016221775518017e-06,0,200,-0.0012023925842599994,-0.007247925,0.00642395,0.002035610278699609,-0.0009765625,4.143709206747502e-06,0,200,-0.008529434192349998,-0.019882201999999998,0.0019836426,0.009099856811957104,-0.00093078615,8.28073939981221e-05,0,200,K
-0.00028861999538500017,-0.0037994384999999998,0.0032958984000000004,0.0011579543545599186,-0.00015258788999999998,1.3408582872442777e-06,0,200,0.0007527923606949999,-0.0024871826,0.0034484863,0.0009713636918076189,0.0007629394500000001,9.435474217621271e-07,0,200,0.000130767820985,-0.0016021729,0.0017852782999999996,0.0006251389113346317,0.000205993655,3.9079865846464853e-07,0,200,K
-0.0006014251737700003,-0.004013061500000001,0.0027008057,0.0010144077963715721,-0.00050354004,1.029023177339429e-06,0,200,0.0008046722392450001,-0.0031585693,0.004257202,0.0010565637406181572,0.000808715815,1.1163269379890327e-06,0,200,0.00014854430971000004,-0.0014343262,0.0017852782999999996,0.0006637936406407622,0.000129699705,4.4062199735511753e-07,0,200,K
-0.0009370422335349998,-0.00541687,0.0026397705,0.0011547716582647534,-0.0008163452000000001,1.3334975827315285e-06,0,200,0.001056900025495,-0.0035095215000000004,0.0053100586,0.0010895091787859565,0.0010147094999999999,1.1870302506588488e-06,0,200,-9.704589863499997e-05,-0.0018005370999999999,0.0019073485999999999,0.000668407187826712,-9.1552734e-05,4.4676816873841325e-07,0,200,K
-0.001181640622545,-0.005706787,0.0029144287,0.001205849140403001,-0.0010986328,1.4540721494106569e-06,0,200,0.001378707892125,-0.0021514893,0.0065612793,0.0010184534432614986,0.0013275146,1.0372474160912028e-06,0,200,1.678466034999996e-06,-0.0018310547,0.0020599365,0.0006667786133618611,-7.629394499999999e-06,4.4459371923676633e-07,0,200,K
-0.0014884948698350006,-0.005355835,0.0054626465,0.0011888623746029205,-0.00147247315,1.4133937457464948e-06,0,200,0.0015002441469750007,-0.0031585693,0.008270264,0.0010751646575300818,0.00147247315,1.1559790408017781e-06,0,200,-0.00010032653899000004,-0.0016174316,0.0016174316,0.0006790653259902673,-0.00018310547,4.611297169622679e-07,0,200,K
-0.0008413696269649997,-0.0058898926,0.0071716309999999995,0.0014816546748360226,-0.000900268555,2.19530057546344e-06,0,200,0.0006504821779199999,-0.004028320300000001,0.005554199,0.0013762452930553087,0.00040435791,1.8940511066568917e-06,0,200,-3.005981503499998e-05,-0.0021514893,0.0016937256,0.0006698582444442079,-0.00010681152,4.487100676498762e-07,0,200,K
-0.00011558532703500002,-0.006011963,0.009246826,0.0015987317795446356,-5.34057615e-05,2.5559433029259566e-06,0,200,-9.361267103000004e-05,-0.011260986,0.013061523,0.0020626917183250086,-6.1035155999999994e-05,4.254697124846576e-06,0,200,0.0002348327647900001,-0.0015258789000000001,0.002166748,0.000689509462939137,0.00015258788999999998,4.754232994826172e-07,0,200,K
-0.00023094177406,-0.0087890625,0.005340576,0.0015275523738061644,-0.000190734865,2.333416254720848e-06,0,200,2.6779172070000005e-05,-0.007369995,0.005691528299999999,0.0015087182442337526,-5.34057615e-05,2.2762307404837774e-06,0,200,0.00011337280344000005,-0.0014038085999999999,0.002090454,0.0006502473701899561,0.00015258789000000006,4.228216424389538e-07,0,200,K
-7.537842130500002e-05,-0.005981445300000001,0.006637573199999999,0.00130109431963144,-3.0517577999999997e-05,1.6928464285771998e-06,0,200,7.110595653000001e-05,-0.0058898926,0.0074005127,0.0013250303984803744,6.1035155999999994e-05,1.7557055568970596e-06,0,200,4.8141479344999984e-05,-0.0015258789000000001,0.0016937256,0.0006636219741951516,2.28881835e-05,4.403941246346704e-07,0,200,K
-0.0004476928712599999,-0.004699707,0.0054626465,0.0011200496687127962,-0.000465393065,1.254511260383645e-06,0,200,0.00010818481522500001,-0.0041656494,0.0061798096,0.0011346486457278785,0.00012207031000000001,1.2874275492521082e-06,0,200,6.301879821000001e-05,-0.0015258789000000001,0.0022277832,0.0006025890567901138,3.81469725e-05,3.631135713631988e-07,0,200,K
-0.0006442260754599999,-0.004776000999999999,0.0027770996,0.0011414206484379598,-0.0005264282,1.3028410966805328e-06,0,200,4.066467392e-05,-0.0047454834,0.0035552978999999997,0.0011173312879242012,9.1552734e-05,1.248429206974354e-06,0,200,-0.00021087646575,-0.0018157959,0.001373291,0.0006348615399196313,-0.000221252445,4.030491748691256e-07,0,200,K
-0.0004943847637799998,-0.005981445300000001,0.0044403076,0.0014030966471766662,-0.0005493164,1.9686802013184018e-06,0,200,0.00022300720243,-0.0043029785,0.0061798096,0.0013065279346927677,0.0002593994,1.7070152441325485e-06,0,200,-9.651184259000002e-05,-0.0018157959,0.0015106201,0.0006458863585871012,-9.15527325e-05,4.171691882089056e-07,0,200,K
-0.00035903930804000005,-0.007003784,0.005050659,0.0015492459930677427,-0.00041198731,2.400163147036456e-06,0,200,-9.696960200000003e-05,-0.016647339,0.015426636,0.0031344149123364922,9.9182127e-05,9.824556842677375e-06,0,200,-0.000139007569985,-0.0024414063000000002,0.002960205,0.0007663039821774728,-0.00016784668000000005,5.872217931010523e-07,0,200,K
-7.469177045999998e-05,-0.0033416747999999996,0.00541687,0.001196164528806201,-0.0001373291,1.4308095799741614e-06,0,200,0.00018081665085500006,-0.009078979499999999,0.010665893999999999,0.0016100935916068787,0.00024414063,2.5924013737335387e-06,0,200,-6.858825729499996e-05,-0.0021972656,0.0019836426,0.0006747694222208953,-7.6293945e-05,4.553137731643207e-07,0,200,K
-0.00015205383200000007,-0.010116577,0.0073547363,0.0015106285305245624,-0.000129699705,2.2819985572347997e-06,0,200,3.379820881999996e-05,-0.018554688,0.011108398,0.0020886351016262653,9.1552734e-05,4.36239658774536e-06,0,200,2.914428863e-05,-0.0017547607,0.0024871826,0.0007224161304318222,2.28881835e-05,5.218850655080875e-07,0,200,K
-0.0002411651611250001,-0.0050354004,0.0061340330000000005,0.0015232939843430732,-0.00018310547,2.320424562735795e-06,0,200,-0.00017860413031,-0.00541687,0.0072784424,0.0017186790130397675,-9.1552734e-05,2.95385754986335e-06,0,200,0.000193328856705,-0.0015258789000000001,0.0021820068,0.0006891841329727077,0.00018310547,4.749747691413429e-07,0,200,K
-0.0004425048853837209,-0.006042480500000001,0.0030059814,0.001254603709348749,-0.00033569336000000005,1.57403046751164e-06,0,172,-0.00017192751863372084,-0.0052337646,0.007049560500000001,0.0013110993191455483,-0.00013732909999999998,1.7189814246639209e-06,0,172,0.00011985246519767444,-0.001373291,0.0016784667999999998,0.0005736573784894153,4.5776367e-05,3.2908278789534827e-07,0,172,K
0.000898361204065,-0.0048065186,0.0059509277,0.0012629496678710542,0.0009841919,1.595041863575606e-06,0,200,-0.0004584503125399999,-0.027633667,0.031341553,0.0040251161233326605,-0.000305175785,1.620155980631255e-05,0,200,0.0001547241206250001,-0.0021362305,0.0018310547,0.0007381550930843668,8.39233395e-05,5.4487294144639e-07,0,200,L
-0.00012939452990500005,-0.003967285,0.0029907227,0.0011027804255168898,-0.00012207031000000001,1.2161246669032124e-06,0,200,0.00015991210480500006,-0.008239746,0.0099487305,0.001921856908388893,0.00015258788999999998,3.693533976322114e-06,0,200,-0.00014259338132499995,-0.002090454,0.0015716553,0.0007003850957095473,-0.00013732909999999998,4.905392822920718e-07,0,200,L
-0.00014228821125000007,-0.0029296875,0.005279541,0.0011191619256132458,-0.00018310547,1.252523415742348e-06,0,200,0.00011337280013000006,-0.012390136999999999,0.010971068999999998,0.0018057627635809056,0.000129699705,3.2607791583353507e-06,0,200,4.913329862000002e-05,-0.0020294189999999998,0.001876831,0.0006907443002491531,1.5258788999999999e-05,4.771276883266922e-07,0,200,L
-0.00021621704082000007,-0.0046844482,0.0029144287,0.0011344309666152653,-0.000205993655,1.2869336180156454e-06,0,200,0.00021240234534500006,-0.008346558,0.010330200000000001,0.0020162696296442645,0.0002670288,4.0653432194258204e-06,0,200,2.8152466534999988e-05,-0.0014801025,0.002243042,0.000645736277010878,-1.5258788999999999e-05,4.169753394478695e-07,0,200,L
-0.00043388366735500007,-0.0068359375,0.0044555664,0.0016839400087828556,-0.000328063965,2.8356539531796052e-06,0,200,7.835388399000008e-05,-0.014953613000000001,0.014633179,0.0028381869942278363,0.00013732909999999998,8.05530541420404e-06,0,200,-4.2343138885e-05,-0.0015106201,0.0020751953,0.0006865942814758747,-1.5258788999999999e-05,4.714117073553728e-07,0,200,L
6.851195871000004e-05,-0.0064849854000000005,0.007034301800000001,0.002049657412271281,0.0001144409175,4.2010955076786015e-06,0,200,-1.8997192405000066e-05,-0.014709473,0.020584106,0.0036381493504508713,-8.39233395e-05,1.3236130696186095e-05,0,200,-0.00013847351007499994,-0.0019378662,0.0023040771,0.0007438580509728901,-0.000160217285,5.533247999971867e-07,0,200,L
-0.0004838562016050001,-0.0047454834,0.0035858153999999997,0.0013805820675486813,-0.000328063965,1.906006845236992e-06,0,200,0.000119705201215,-0.014175415,0.009780884,0.0024980417233103976,-3.0517577999999997e-05,6.240212451399581e-06,0,200,-5.126953197000003e-05,-0.0021362305,0.002166748,0.0006877922211993956,-0.000129699705,4.7305813954239845e-07,0,200,L
1.1672974734999966e-05,-0.005554199,0.0030059814,0.0012198718220193484,4.5776367e-05,1.4880872621568052e-06,0,200,0.00015266418585499996,-0.00592041,0.004928589000000001,0.0013504501565523355,3.81469725e-05,1.8237156253322273e-06,0,200,-0.00030364990137499994,-0.0019073485999999999,0.0015106201,0.0006524343454276897,-0.00031280517999999997,4.256705750936581e-07,0,200,L
0.00015075683455000006,-0.0049591064,0.007614135699999998,0.0014526706143484006,9.1552734e-05,2.110251913791359e-06,0,200,0.0001457214353749999,-0.010803223,0.008239746,0.0019324006855619864,7.629394499999999e-06,3.7341724095604363e-06,0,200,-0.0002507781994,-0.001876831,0.001083374,0.0006446019084543811,-0.0002670288,4.1551162038303036e-07,0,200,L
0.0002142334066699999,-0.017410278,0.046401977999999997,0.004570543900786433,0.00029754638999999995,2.0889871549016065e-05,0,200,3.479004816499995e-05,-0.023406982000000003,0.046066284000000006,0.0051828700239180715,-3.0517577999999997e-05,2.686214168482852e-05,0,200,0.005495834267450003,-0.0021209717,0.2129364,0.027173430461852083,-8.39233395e-05,0.0007383953230651106,0,200,L
-0.00046485900914499995,-0.009170532,0.0064086914,0.0019632047455641873,-0.00050354004,3.854172873005743e-06,0,200,-1.2969990450000329e-06,-0.011657715,0.010131836,0.002070539721358181,-6.1035155999999994e-05,4.2871347377220135e-06,0,200,-7.553101074999997e-06,-0.0020751953,0.0018920898,0.0006715069487784281,0.0,4.509215822577146e-07,0,200,L
0.00039207458357499997,-0.006591797,0.006362915,0.001481635848627115,0.00041198730000000015,2.195244787936991e-06,0,200,-0.000244979859115,-0.0056152343999999995,0.005554199,0.0015320735143923535,-0.00023651123500000002,2.3472492535025383e-06,0,200,-0.00015670776287000002,-0.0016174316,0.0017089844000000001,0.0005627157331862709,-0.000144958495,3.1664899637536247e-07,0,200,L
0.0002030944806399999,-0.006576538000000001,0.007064819300000001,0.001280018628235376,0.0002593994,1.6384476886295738e-06,0,200,-0.00013389587475999998,-0.0043029785,0.005050659,0.0010008937020975991,-0.00015258789000000006,1.0017882028986374e-06,0,200,-9.986877443499992e-05,-0.0018463135,0.0022735596,0.0006239986079752378,-0.00015258788999999998,3.8937426275503437e-07,0,200,L
-1.1291503684999976e-05,-0.0028533936,0.0021972656,0.0008652824435151658,5.34057615e-05,7.487137070555759e-07,0,200,-9.834289563000008e-05,-0.0030517578000000003,0.005996704,0.0011223790571454966,-0.00018310547,1.2597347479188145e-06,0,200,5.2871703475e-05,-0.0017395020000000002,0.0016021729,0.0006069006784218232,5.34057615e-05,3.683284334688693e-07,0,200,L
-0.00035652160517000005,-0.007217406999999999,0.0049591064,0.0015178019394797716,-0.0002746582,2.303722727488557e-06,0,200,-0.000195541380905,-0.0054473877,0.0037689209999999997,0.0013746288746099575,-0.00019836426,1.889604542911438e-06,0,200,-0.00010261535653999996,-0.0017700195,0.0016937256,0.0006739226281253279,-4.5776367e-05,4.5417170869934905e-07,0,200,L
8.773801200000019e-06,-0.012664795,0.013153076000000001,0.0019097847648060849,-1.5258788999999999e-05,3.6472778478854323e-06,0,200,-5.493170640000004e-06,-0.013397217,0.01499939,0.003103831409717563,-9.15527325e-05,9.633769419949312e-06,0,200,-9.300231985999998e-05,-0.0022277832,0.002532959,0.0006980961015443248,-0.000129699705,4.87338166991384e-07,0,200,L
5.630493661500001e-05,-0.010345459,0.008850098,0.0020842586283419955,0.000190734865,4.344134029818057e-06,0,200,0.00041694641484500016,-0.007003784,0.009780884,0.002163532195320266,0.0004196167000000001,4.6808715601873295e-06,0,200,-0.00015686035037,-0.0020141601999999997,0.0017242432000000002,0.0007477661937064045,-0.0001373291,5.591542804501641e-07,0,200,L
3.1928796786127207e-05,-0.002166748,0.0028533936,0.0009116812937191981,-3.0517577999999997e-05,8.311627813175106e-07,0,173,0.0002780098452312138,-0.0061340330000000005,0.007675171,0.001676454861032381,0.00032043457000000003,2.8105009010791e-06,0,173,-0.0001887503397803469,-0.0020294189999999998,0.0017395020000000002,0.0006938880834740442,-0.00015258788999999998,4.814806723872823e-07,0,173,L
0.06860160927999999,-3.347351,3.3437195,0.9751386603607152,0.092689515,0.95089540693009,0,200,0.002524799259000006,-8.753906,8.224869,2.1261724078110635,-0.023963928500000002,4.520609107737097,0,200,0.022644578196500044,-2.6125792999999997,2.0620727999999997,0.7290939747476121,0.0030899048,0.5315780240132716,0,200,M
-0.0059733579044999995,-2.4993286,3.8690947999999996,0.8424952379491496,-0.072486878,0.7097982259669943,0,200,0.03786758278900002,-4.5922394,2.5150452000000003,1.0899255168538182,0.116264345,1.187937632289063,0,200,-0.027606355179,-3.1362,2.2664032000000005,0.8644437356252189,-0.090156555,0.7472629720616835,0,200,M
0.045195160045000037,-5.2482758,4.605316,1.1823899799138204,-0.05873870849999999,1.3980460646006048,0,200,-0.015998304797499974,-7.205353,7.6165160000000025,2.038778706269475,-0.078407285,4.156618613137835,0,200,0.06802116569000008,-3.5287017999999994,4.451935,1.0346457434603054,-0.019630432,1.0704918144605282,0,200,M
0.011538465534000002,-3.9762115,4.282135,1.122640983171186,-0.07437133700000001,1.2603227770955672,0,200,0.007710343048500019,-6.528122,7.1471252000000005,1.6231415177802564,0.072425843,2.6345883867419944,0,200,-0.027269745584000037,-3.4547577000000005,3.0668945,1.0112229874387475,0.0053634645,1.0225719303245453,0,200,M
0.008861769338649983,-3.3315125,7.9559174,1.0267946564967012,-0.07911682250000003,1.0543072666101785,0,200,0.012723620674999998,-6.8871613,6.057907,1.7940129862955845,-0.020927429,3.2184825949972002,0,200,-0.03483856127150002,-4.3503419999999995,3.111908,0.9890346717294164,-0.032836914999999994,0.9781895818829144,0,200,M
0.03137161170050001,-4.5501404,4.354141,1.1469786030310671,-0.08215332,1.3155599158110982,0,200,-0.032976763722999965,-9.646453999999999,4.4569550000000016,1.6568845491336035,-0.018531799499999998,2.7452664091576646,0,200,0.06991676401499998,-2.6561127,4.2028503,0.9134286721221052,0.017761230500000003,0.8343519390547521,0,200,M
0.06437820424500004,-2.0697784,3.6256561,0.9086064991271576,-0.07569885500000001,0.8255657702561097,0,200,-0.02413841368100004,-4.964096,5.370468,1.5991943210315085,0.1283493,2.557422476419427,0,200,0.037053985685799984,-4.7290955000000015,2.084259,0.9813954209571422,0.116127015,0.9631369722756462,0,200,M
-0.0205707559305,-4.9508209999999995,3.815857,1.077845463375292,-0.067245485,1.1617508429186978,0,200,0.101025617365,-5.101166,4.8797913,1.4340273958681309,0.029708862000000003,2.0564345721003336,0,200,-0.0035927573549999962,-3.8650818,2.4419098,0.803560590333208,-0.0078811645,0.6457096223366539,0,200,M
0.0249242408062,-2.8591002999999997,4.4391327,0.9876746666391596,-0.044059753,0.9755012471207748,0,200,-0.001141051426499972,-4.676193,4.4877777000000005,1.6493343597111607,-0.06772613499999999,2.7203038301238247,0,200,0.07880859440427497,-4.199951,3.2292937999999998,1.060678293784291,-0.00450897215,1.1250384429051543,0,200,M
0.0317696377395,-4.698715,8.01033,1.1972053860485363,-0.11328125,1.4333007363836254,0,200,-0.0009926587079999783,-8.635086,6.6138460000000014,1.7118644596209087,-0.009490967,2.930479928113186,0,200,-0.0290390025115,-5.061371,5.629303,1.1742275197423984,0.008644104199999999,1.3788102681203844,0,200,M
-0.028214187401149976,-2.7362366000000002,3.0096436,0.924441283513746,-0.026901245,0.8545916866645419,0,200,-0.035139159470000035,-3.9156036,6.421203599999999,1.4873336418216139,-0.14375305,2.2121613620943457,0,200,0.04820564397150001,-3.8702087,2.5200806,0.9390601160828821,0.0016555785999999998,0.8818339016175958,0,200,M
0.030777970172500013,-4.9454803,5.0678864,0.991508174382816,-0.055259704500000006,0.9830884598679444,0,200,0.02135917563000004,-5.9778137000000005,9.977707,1.5217261427856068,-0.0769042975,2.3156504536371614,0,200,-0.004999924573000008,-5.664215,3.3114470999999996,0.9196758704498244,-0.040977478,0.845803706687642,0,200,M
0.02988349845250001,-3.0460052,4.738098,0.9700515871641816,-0.1104354875,0.9410000817597476,0,200,0.01605171281249998,-5.588806,6.2025146,1.378760764813332,-0.0289535525,1.900981246588644,0,200,0.07200523593699998,-2.781662,2.1597443,0.7056278516038011,0.03138733,0.4979106649589961,0,200,M
0.016288069873000025,-4.7757416,5.2667847000000005,1.0926578194159036,-0.053863525,1.193901110330717,0,200,0.013239970285000012,-5.8085327000000015,7.024185000000001,1.6591447653575555,0.096458435,2.7527613524133776,0,200,0.0643920140665,-3.014145,3.7589111000000006,0.99936330268358,0.05835723750000001,0.9987270107506324,0,200,M
0.028695756940000008,-3.899353,4.0773470000000005,0.9735124508289726,-0.0621414185,0.9477264919190328,0,200,0.05908363319049999,-6.232666,4.325271599999999,1.4285542224785388,-0.0023422241500000002,2.0407671665612632,0,200,0.06320289581450003,-5.285309,3.6730042000000003,1.1698952455839329,0.032379150499999995,1.3686548856398906,0,200,M
0.06123222603600001,-2.9227295,5.546692,1.1407176325945263,-0.08477020199999999,1.3012367173120605,0,200,-0.007522736449999985,-4.456543,5.03627,1.7133345039347008,0.02962494,2.9355151223731677,0,200,0.0546797177805,-3.373932,3.8661041,1.0374844864400448,0.06681824,1.0763740596037634,0,200,M
0.014942930287500027,-4.091858,4.184143,0.9875892294045232,-0.067092895,0.9753324860358202,0,200,-0.007788008275500022,-6.7733765,7.030151400000001,1.712981213734544,-0.1107711775,2.934304638607471,0,200,0.0047943873305,-3.0773314999999997,1.8260802999999999,0.6576901088995072,0.0407104485,0.4325562793442456,0,200,M
0.01868100076686393,-2.0413208,4.1342163,0.969690497293313,-0.04737854,0.9402996605409528,0,169,0.1612017940591716,-6.012741,9.044433999999999,1.8126735345167464,0.01828003,3.2857853427374333,0,169,-0.0006628097866864069,-4.408432,2.5228424,1.0602479349209102,-0.012176514,1.1241256835040547,0,169,M
-0.027524720314999987,-1.7185363999999999,2.222931,0.7184301834796969,-0.13624572499999998,0.5161419285346709,0,200,0.012474136491500013,-2.0137023999999997,1.8651123,0.5678592523417479,0.008697509649999999,0.3224641304701291,0,200,-0.028003692577950025,-0.81552124,0.9221344000000001,0.2787115799950449,-0.016921997,0.07768014482333431,0,200,O
0.0034011083505000005,-2.9811249,2.6323395,0.8354915918146899,0.046875,0.6980461999930446,0,200,0.017866898118000032,-2.2429810000000003,3.4410248,0.8474348395946518,-0.065826418,0.7181458073588133,0,200,-0.034355468407500006,-1.2354889,1.2175293,0.4073335852409816,0.00013732900000000027,0.16592064966527198,0,200,O
-0.021725768333999997,-2.224411,2.4588012999999997,0.7694289909216373,-0.008728027499999999,0.5920209720706889,0,200,-0.0029826357559999983,-2.202301,2.3180084,0.6783171020316794,-0.0483551025,0.4601140909086557,0,200,-0.004873428813250007,-1.0163422,1.5040893999999998,0.3168226826764535,-0.000381469725,0.10037661225830474,0,200,O
-0.0050330356225000185,-3.4053192,2.0098572,0.7618592191499454,-0.0063781737500000005,0.5804294698037644,0,200,-0.01761741618325001,-3.4578857000000003,2.859436,0.7296697851571958,-0.055541991500000006,0.5324179953713484,0,200,-0.014425048544700003,-0.74572754,1.1418152,0.21241956983461804,0.0043182374,0.045122073648724184,0,200,O
-0.013435515836500008,-2.8077087000000005,3.4538879999999996,0.7983833075131114,-0.0165023805,0.6374159057155754,0,200,0.0020178249439999968,-5.968292,7.081054700000001,1.107317397884022,0.0357666025,1.2261518196566414,0,200,-0.03898658681705002,-5.344635,3.2099152,0.5953448412181727,-0.025787353500000002,0.3544354799650912,0,200,O
0.0017422495283300119,-1.6293030000000002,2.4433289,0.7140865416171758,0.06774902299999999,0.5099195889187785,0,200,-0.018539887397999992,-2.6691132,2.6618958,0.7173809116998081,-0.054870605499999996,0.5146353724712479,0,200,-0.01731361394515,-1.3021088,1.62117,0.3313587721898067,0.007041931200000001,0.1097986359071362,0,200,O
0.005922776317000008,-2.8357697,2.2980652000000004,0.7924246880890714,0.016693115,0.6279368862930621,0,200,-0.012870179132499987,-3.2609557999999996,3.3772125,0.8553592758587494,-0.0108489991,0.731639490797604,0,200,-0.01926277146299999,-1.1875305,0.9055023000000001,0.281050653899732,0.0036621093,0.07898947005746694,0,200,O
-0.03167632911999998,-1.8544159,1.7944031000000005,0.5955976896135977,0.053489685,0.35473660787305544,0,200,-0.0034475707299999997,-2.1167908,3.2454376,0.8286445729726004,-0.064811705,0.6866518283169434,0,200,-0.036068954165000035,-1.3444672,2.1370392000000002,0.3225941018953909,-0.031211853,0.10406695457769384,0,200,O
-0.00025833293749998986,-2.7704315,2.0070648,0.7211200431248116,0.060371399000000006,0.5200141165963301,0,200,-0.013395538936,-2.1905975,3.0449677000000004,0.6899214416567636,-0.0357437135,0.4759915956577471,0,200,-0.008938064637500008,-1.1152802,1.9595490000000002,0.3353284701686187,0.006484985350000001,0.1124451829056262,0,200,O
-0.029597779265,-3.6624907999999996,2.6989746,0.8341160100377104,0.0126419065,0.6957495182012299,0,200,-0.0013849631885000046,-2.752304,2.6333466,0.6716434698135203,0.021194458,0.4511049505431451,0,200,-0.030692214815400007,-1.1136017,1.1500549,0.3818964240684713,-0.013092041,0.14584487871628568,0,200,O
0.4104258712574998,-3.5811462,4.973343,1.2194487007633092,0.4207840000000001,1.4870551337933222,0,200,-0.4146130386945,-5.909424,4.3000336,1.485261361138951,-0.30294036,2.2060013108923293,0,200,-0.11170631672918496,-5.5660706,2.959793,1.0828206804369784,-0.004295349235,1.172500625982001,0,200,O
0.0018900308944999925,-7.1115875,6.146332,1.1415543137755313,0.019027710000000003,1.3031462512995242,0,200,-0.049433059115000004,-10.9470825,7.543335000000001,1.3417022190756551,-0.0228500365,1.800164844672537,0,200,8.163721999999637e-06,-5.0554809999999994,3.5319824,0.727901307997354,-0.0157852175,0.5298403141842587,0,200,O
-0.03267837557,-6.5132904,4.15889,0.986306841753734,0.03289032,0.9728011860902254,0,200,0.017643581931000005,-3.5156707999999997,8.614410000000001,0.960215785602188,-0.012527466,0.9220143549196268,0,200,-0.03494239877150004,-1.4050446,0.7697295999999999,0.2840614664741142,-0.0440444945,0.08069091673542429,0,200,O
-0.008772658457499992,-1.8373718,2.5081634999999998,0.7005738072583791,-0.066215515,0.4908036594165006,0,200,-0.006666870267000009,-2.5769043,1.96521,0.603306169627962,0.022239685,0.3639783343111633,0,200,-0.02095756528275,-0.76013184,0.70625305,0.19651895554685853,-0.0132904055,0.038619699889228164,0,200,O
0.0016248314100000038,-4.492751999999999,2.3905792000000003,0.9676548676028068,0.11052704,0.9363559427954056,0,200,-0.02321579019699999,-3.5777892999999996,4.0824738,0.8097682857521937,-0.08378601,0.6557246766100464,0,200,-0.0075081629729999875,-2.200653,2.917801,0.4123714046658665,0.0294799805,0.1700501753860998,0,200,O
-0.014232787859500013,-2.4436798,2.3125457999999997,0.7663062620436897,-0.0275497435,0.587225287247372,0,200,-0.0050082401325000185,-2.5066222999999996,3.6819153,0.6138083152151168,-0.022361755,0.3767606478272201,0,200,-0.018439026261629986,-1.7648926,0.6838379,0.2483931677792902,-0.0241775515,0.06169916579943061,0,200,O
-0.028394391821499988,-7.0450287,6.078354,1.1661621648973408,0.049057007,1.3599341948380528,0,200,-0.0013030203009999914,-12.878204,7.3849487000000025,1.5034280299456861,-0.062828064,2.260295841226366,0,200,-0.02667442415150002,-2.127884,2.3401183999999997,0.4418238664615537,-0.016853332,0.1952083289750368,0,200,O
-0.010983981182840236,-1.837143,2.5147247000000004,0.6269477232638621,0.05999756,0.39306344770574,0,169,-0.012398714462721882,-2.450653,2.1538086,0.6531305578960406,-0.03024292,0.4265795256575932,0,169,-0.01846205128934911,-0.8619232,1.0535431,0.2328337939373167,-0.02217102,0.05421157559924486,0,169,O
0.03693305786250003,-3.6925507000000004,4.3362120000000015,1.1763874680006172,0.12575530699999998,1.3838874748689032,0,200,0.063020630807,-3.9226989999999997,6.0907288,1.2333991327274756,-0.0125045778,1.5212734206128888,0,200,-0.04466819587999997,-2.6079102,2.6983642999999997,0.9284644032393866,0.0956192,0.8620461480826702,0,200,P
0.004135133029999965,-4.0849915,2.584793,1.1155484363037498,0.27776336,1.2444483137397413,0,200,0.03267952096950001,-6.0360260000000014,3.656601,1.0864713892983346,-0.0179367065,1.180420079763853,0,200,-0.03579978884500002,-2.4837952000000003,2.4041748,0.8409865384332004,0.120750425,0.7072583578258568,0,200,P
-0.026619717759999988,-7.9789886,5.498932,1.5603125662794848,0.051651000999999995,2.4345753044896714,0,200,0.055785063828000005,-5.1636047,8.286789,1.5514143767485984,0.0416183475,2.406886568382242,0,200,-0.04510871855250004,-3.237381,5.3114624,1.1119197530665297,0.006278991750000001,1.236365537259532,0,200,P
-0.05173454241750003,-3.8657684000000003,5.294388,1.196592220163392,0.0884704575,1.4318329413555555,0,200,0.07116874966650008,-5.0693054,3.4021453999999998,1.183760582685507,0.014335632,1.4012891171199315,0,200,-0.014546811608000018,-2.1249237,1.8379058999999998,0.8037294956767723,0.11997986,0.6459811022208387,0,200,P
-0.05547485379000002,-6.280411,4.0272064,1.452541611275281,0.179870605,2.1098771324861896,0,200,0.022927778424999958,-5.912277,7.363739,1.6314479282313707,-0.021598816,2.6616223425304315,0,200,-0.0907484450515,-2.7859192000000004,2.8428955,1.039379303727476,-0.10456085,1.0803093370170131,0,200,P
-0.0012974542999999914,-3.693634,2.6482544,1.2751158593127374,0.22395325,1.6259204546708608,0,200,0.04020668222649999,-2.5303345,5.0086059999999994,1.2719141439365471,-0.141418455,1.6177655895458392,0,200,-0.050127486934999986,-3.5461883999999997,1.925705,0.9906640576551562,0.032501221500000003,0.9814152751297786,0,200,P
0.016044311904049983,-4.1598663,3.0727234,1.086804243711125,0.182067875,1.18114346414851,0,200,0.042988815662500006,-4.3193207000000005,3.8726807,1.1327236587621905,-0.09680939,1.2830628871196037,0,200,-0.019625549024999987,-2.6214904999999997,1.8672790000000001,0.9184861574457032,0.0858230575,0.8436168214193732,0,200,P
-0.005624999399999986,-6.250595,3.8542023000000003,1.4087263542823978,0.148399355,1.984509941249776,0,200,0.029879759975,-4.2424774,9.988342,1.5261269474032746,0.0097198485,2.329063459590437,0,200,-0.09777343906500004,-7.485977,3.29599,1.3056254157092655,0.110847475,1.7046577261459928,0,200,P
0.0918619567105,-3.6890259,4.3347169999999995,1.2746224199049048,0.245933535,1.6246623133242353,0,200,-0.059154889895,-3.2068176,3.6680144999999995,1.1271040474606475,-0.101737975,1.2703635338021737,0,200,-0.053168795601499966,-2.9592285,2.0858917000000003,0.9639200887229784,0.122032165,0.9291419374437144,0,200,P
0.17060157749300014,-5.639068599999999,4.10083,1.4208527164096283,0.285049435,2.01882244172862,0,200,-0.09086403079499993,-4.528183,4.6031494,1.4440036512148149,-0.24832917,2.085146544721717,0,200,-0.02638618476549997,-2.842987,1.6875,0.963970936230547,0.21035766500000005,0.9292399658971972,0,200,P
-0.03396827584499998,-5.365341,6.556595,1.540449238214596,0.09490966699999999,2.3729838555159293,0,200,-0.01656997215999997,-5.403747599999999,6.9678345,1.7305124563279393,0.023017883500000003,2.994673361506158,0,200,-0.07104659879699997,-3.6116028,3.9931183,1.1681151060855142,0.032676696500000005,1.3644929010651714,0,200,P
0.005072331420000009,-6.137924,4.8260955999999995,1.4864585918714044,0.180908205,2.2095591453483183,0,200,0.05606315623750005,-7.7174377000000005,7.1805573,1.6391871332293055,0.069587708,2.6869344577445093,0,200,-0.05588714533250002,-2.9387054,2.9184723,1.0091460786349506,0.101387025,1.0183758080242982,0,200,P
0.015382385077500003,-3.8559417999999996,4.6878357,1.29164292092629,0.188346865,1.6683414351789978,0,200,0.04244598328150004,-4.6055449999999984,4.5395203,1.161954165987591,-0.057052612999999995,1.350137483855918,0,200,-0.043227540166,-2.6841583,2.4172363,0.7191227786962281,0.096702575,0.5171375708397842,0,200,P
-0.006776507285000002,-5.6869354,5.9704285000000015,1.6561634779123589,0.17411041500000002,2.7428774655707597,0,200,0.028639297410000014,-5.9907074,8.836029,1.5365426541406957,-0.07041168,2.360963327993733,0,200,-0.0509104924575,-2.23378,3.6111602999999994,0.8354016358632543,0.016204833999999998,0.6978958932030014,0,200,P
0.046509858195,-4.782135,4.1183167,1.3262722088726042,0.177963255,1.7589979720278166,0,200,-0.046636963650000036,-3.4425964,4.589874299999999,1.1262719149835911,-0.134635925,1.2684884264808054,0,200,-0.0344976029375,-1.9535675,2.9362487999999995,0.8531637418173272,0.016685486,0.7278883703517429,0,200,P
0.08983902186399995,-4.392807,3.6268157999999997,1.3142006060979663,0.369895935,1.727123233068262,0,200,0.022803729114999997,-4.787567,5.686783,1.5262792536893808,-0.0180969235,2.3295283602426133,0,200,-0.04612640535000002,-3.2369385,4.632385299999998,0.9810190721318008,0.130073545,0.9623984198863392,0,200,P
-0.012379836623500009,-5.9979095000000004,4.834656,1.504623838339452,0.192115785,2.263892894899345,0,200,0.06374679591250003,-3.5373992999999997,4.1959230000000005,1.391006826785335,0.00937652575,1.934899992163407,0,200,-0.10937988154249996,-2.9901428,2.6423492000000004,1.0091687806917278,-0.04337310849999999,1.0184216279228286,0,200,P
0.003059435579881637,-4.882308999999999,5.902237,1.394745294466298,0.18556213,1.9453144364358803,0,169,-0.03162117512071005,-3.2877502,3.248993,1.2319809400160957,-0.09487915,1.5177770365629433,0,169,-0.037093842917159774,-2.519165,2.3718262,0.8851480117318353,0.19242859,0.7834870026728213,0,169,P
0.0017845154013000001,-0.20260620000000001,0.10110474,0.026069393617904817,0.00242614745,0.0006796132836052566,0,200,6.32476434199997e-05,-0.13528442,0.23600769,0.029588559324533487,-0.0013122558499999999,0.0008754828429014378,0,200,-0.006852493306794998,-0.24551392,0.03656006,0.024370654197461858,-0.00227355955,0.0005939287860122652,0,200,Q
-0.002853774996190001,-0.08540344,0.050979614000000006,0.016345652950802547,-0.000289917,0.00026718037038807996,0,200,0.0026348113816,-0.08644104,0.17553711,0.024590129980167352,-0.00041961669999999996,0.0006046744924415253,0,200,0.000931091301945,-0.02532959,0.06166076700000001,0.011028966419251591,-0.00031280517500000004,0.00012163810027697924,0,200,Q
-0.0006090545575949999,-0.017303467,0.042236328,0.008002185131177293,-0.0013885498,6.403496687363498e-05,0,200,0.002131805440765,-0.019332886,0.06469726599999999,0.012776232099033715,0.0005569457999999999,0.0001632321066483795,0,200,-0.0012872314577650002,-0.03189087,0.006668091,0.004956966978285526,-0.0007171631,2.4571521623813136e-05,0,200,Q
-0.00028282164585000016,-0.016967773000000002,0.031814575,0.006621554149176483,-0.0007934570250000001,4.384497935047629e-05,0,200,0.0003630065963,-0.018798828,0.019699097,0.007084240212081526,0.0005645752000000001,5.0186459382472915e-05,0,200,-0.0009181976293950004,-0.011398315,0.008499145500000001,0.003761691658000752,-0.0007171631,1.415032412987245e-05,0,200,Q
-2.723692927000018e-05,-0.021331787,0.038879395,0.007998739145739377,-0.00018310547,6.397982792158348e-05,0,200,0.0007018280145,-0.023971557999999997,0.03427124,0.007611796030001231,0.000198364255,5.793943880234251e-05,0,200,0.00010955808069999982,-0.021743774,0.020706177,0.007136040062372196,0.0005645752,5.092306777178097e-05,0,200,Q
0.0002670288025899999,-0.01977539,0.03869629,0.007564377012646367,-0.000465393065,5.7219799589452784e-05,0,200,-0.0006436920055750001,-0.030166626000000002,0.022918701,0.007386407015913086,-0.0008468627999999999,5.455900860473007e-05,0,200,-0.00023658752651000025,-0.008636475,0.007537841999999999,0.0031190940594867035,6.866454949999999e-05,9.728747751925244e-06,0,200,Q
-0.0003005981350749997,-0.020095825,0.029449463,0.006850553921969396,-0.000511169435,4.693008903781026e-05,0,200,-0.0007410430895500003,-0.046447754,0.041061400000000005,0.00943955822247438,-0.0010604858,8.910525943548367e-05,0,200,-0.00033042908718500003,-0.010269165,0.014724731000000001,0.004138773134278964,-0.00065612793,1.7129443057029315e-05,0,200,Q
0.00025520325967,-0.023727417,0.029174805,0.00755309073346621,0.00048828125,5.704917962797312e-05,0,200,-0.0002819061589500001,-0.021224976,0.024780273,0.008034538550146434,-0.000862121585,6.455380971378917e-05,0,200,-0.0005287933385849999,-0.01763916,0.0152282715,0.0050719383416762175,-0.0007553100549999999,2.5724558541765288e-05,0,200,Q
-0.001265029921175,-0.020629883,0.014373779,0.005786645343199444,-0.0015716553,3.3485264327971805e-05,0,200,-0.0003995513909299999,-0.014083861999999999,0.020339966,0.006131464739534029,-0.00038146972500000003,3.7594859852149104e-05,0,200,-0.000839462277415,-0.011184692,0.008956909,0.0039001060297810673,-0.00065612793,1.5210827043534635e-05,0,200,Q
0.010747756873445013,-0.14755249,0.5604248000000001,0.08166088026892238,-0.00145721435,0.006668499366295276,0,200,-0.0007468415160400005,-0.34985352,0.3298645,0.058454024207327725,6.103515599999999e-05,0.0034168729460308553,0,200,-0.020669784616925,-0.6789093,0.018371582,0.08386352965410791,-0.001625061,0.007033091606045437,0,200,Q
0.0020775604877799995,-0.30741882,0.26527405,0.06084321151779279,0.00090789795,0.0037018963877988734,0,200,0.0007843780503099986,-0.48568726,0.80229187,0.1061353603945536,-0.0007629394500000001,0.011264714726081777,0,200,-0.009508285536945002,-0.73080444,0.5333251999999999,0.10340454013643542,0.00028228760000000003,0.010692498920827685,0,200,Q
0.0008341216937099999,-0.009262085,0.011764526,0.004190875359480224,0.0011291504,1.75634362786985e-05,0,200,-0.0009474945274549996,-0.026016235,0.016830444,0.0061236467536697715,-0.0011291504,3.7499049563730325e-05,0,200,0.0004754638734449999,-0.004486084,0.006713866999999999,0.002075870900320379,0.00036621094,4.309239994796941e-06,0,200,Q
0.00129524229716,-0.013412476000000001,0.012512207,0.004895158020466285,0.0014801025,2.39625720453354e-05,0,200,-0.0007198333867449995,-0.024627686,0.018051147,0.0077188175214836985,0.000205993655,5.9580143929963734e-05,0,200,0.0006603240965650002,-0.007598876999999999,0.00730896,0.002558362800363981,0.00088500977,6.54522021828623e-06,0,200,Q
0.002321624746414999,-0.01222229,0.03666687,0.005901966330822114,0.0019454956,3.483320657015784e-05,0,200,0.00039566039566500005,-0.016937256,0.03213501,0.007225695428083397,0.000373840335,5.22106744194253e-05,0,200,0.00039688111007,-0.009246826,0.009979248000000001,0.0024264693282193923,0.00036621094,5.887753400789468e-06,0,200,Q
4.249572791499984e-05,-0.019851685,0.02204895,0.0058646870635140754,-0.00031280517500000004,3.4394554352949364e-05,0,200,0.0013679504413399999,-0.024459839,0.048812865999999996,0.010399561492609191,0.00023651123,0.00010815087923855987,0,200,-0.00017852784328999986,-0.009796143,0.010818481000000001,0.002845523284368526,-0.000144958495,8.097002761883443e-06,0,200,Q
-0.00084320068973,-0.03591919,0.018844603999999997,0.006968829245368347,-0.00035095214999999997,4.856458105110119e-05,0,200,-0.0009250640617500004,-0.039505005,0.029708862000000006,0.00992168627786363,-0.0013809204,9.84398585963475e-05,0,200,-4.699707472000004e-05,-0.009185791,0.008178711,0.002889017159582781,-7.629394499999999e-06,8.346420148363762e-06,0,200,Q
-0.0003887176565500004,-0.014266968,0.011032104499999999,0.004667011401150235,0.0001373291025,2.178099541846628e-05,0,200,-0.000272979722825,-0.027053833,0.028060913,0.008134134312955267,-0.00019836426,6.616414102119627e-05,0,200,-6.256103325000072e-06,-0.006027221700000001,0.006866455,0.0020699934443118182,-0.00015258788999999998,4.284872859493905e-06,0,200,Q
-0.0038367680179226178,-0.098983765,0.054733276,0.017642096045259625,-0.0012283325,0.00031124355287016534,0,168,0.0022025335440178572,-0.038635254,0.055114746,0.013281393089759624,0.00105285645,0.0001763954024047147,0,168,-0.0007133484088214286,-0.07350159,0.017974854,0.010023146118190334,0.000259399415,0.00010046345810659398,0,168,Q
0.004678802484869999,-0.03404236,0.038970947,0.0050146551400501,0.0047912598,2.514676617363089e-05,0,200,-4.943847454000005e-05,-0.030014038,0.03414917,0.005498803807250836,-7.6293945e-05,3.0236843310636278e-05,0,200,0.0011561584470999998,-0.0020446776999999998,0.007888794000000001,0.0010914975099011767,0.0010070800999999999,1.1913668141204693e-06,0,200,R
0.0009543609601699996,-0.0035858153999999997,0.015090942,0.002679239632974164,0.0001373291,7.178325010899533e-06,0,200,0.00018234253394500008,-0.006515503000000001,0.01751709,0.002234776531410501,0.00016784668000000005,4.9942261453431515e-06,0,200,0.0004344177249149997,-0.0019989014,0.0025787354,0.0008705784410629177,0.0005264282,7.579068220435402e-07,0,200,R
-0.0005613708489050001,-0.0045928955,0.0037689209999999997,0.0013914992498363374,-0.0005645752,1.93627016229509e-06,0,200,0.00034057617673500005,-0.008895874,0.010879517,0.0018499709001788094,0.00034332275500000004,3.422392331508396e-06,0,200,-9.826660139000004e-05,-0.002532959,0.0027313232,0.0008932193139676957,-0.000114440917,7.97840742844921e-07,0,200,R
-0.0011946868984050005,-0.012069702,0.016342163,0.002647331375872705,-0.0012969971,7.008363413680067e-06,0,200,0.00028419494942,-0.029373168999999998,0.029800415,0.0045841515658630455,0.00047302246,2.10144455788046e-05,0,200,2.8915404689999986e-05,-0.0025024414000000004,0.002090454,0.0009122927441299504,3.81469725e-05,8.322780509921552e-07,0,200,R
-0.0011116027821549996,-0.0054626465,0.005493164,0.0014058163944150168,-0.0011138916,1.976319734806038e-06,0,200,0.0003115081833600001,-0.0077667236,0.009643555,0.0018513165755228605,0.000465393065,3.4273730628056913e-06,0,200,-0.00018806457406999995,-0.0023040771,0.0024719238,0.0009471288336769336,-0.00030517577999999995,8.970530275822284e-07,0,200,R
-4.142761325999999e-05,-0.0047912598,0.008026123000000001,0.0014627467017816651,-7.629394350000001e-05,2.139627913573139e-06,0,200,0.00018844604623500006,-0.007751465,0.013168335,0.002221771552216104,0.000160217285,4.936268830236754e-06,0,200,3.982544098499996e-05,-0.0021514893,0.0027160645,0.0009254679981836178,-6.1035155999999994e-05,8.564910156619929e-07,0,200,R
-0.0005561065689699999,-0.006973266600000001,0.004760742,0.0015988549030125769,-0.00033569336000000005,2.5563370008873567e-06,0,200,0.00017631531221500005,-0.010345459,0.011795044,0.0024183989662481978,0.00024414063,5.8486535599503525e-06,0,200,4.493713417999999e-05,-0.0023345947,0.0018310547,0.0008766350470625022,-6.86645505e-05,7.684890057382751e-07,0,200,R
-3.6392210905000014e-05,-0.011993408,0.01663208,0.0026272157468557253,0.0,6.902262580526688e-06,0,200,0.0002223968502750001,-0.019760132,0.02798462,0.004267917997459511,-7.629394499999999e-06,1.8215124033038805e-05,0,200,-9.315490507999994e-05,-0.002105713,0.0020751953,0.0008596719221425852,-0.00022888182999999997,7.390358137203269e-07,0,200,R
-0.00019889831502500007,-0.0036315918,0.0025787354,0.0010218362023115134,-0.00019836426,1.0441492243544165e-06,0,200,-5.7601925989999976e-05,-0.0032653809000000003,0.0045928955,0.0011680283836155926,-6.86645505e-05,1.364290304931654e-06,0,200,-2.2888183160000017e-05,-0.0025177002,0.0019989014,0.0008225292513633621,-2.28881835e-05,6.76554369348373e-07,0,200,R
-0.0004479980492950001,-0.010803223,0.0068511963,0.0016942529622380649,-0.00047302246,2.8704931000524583e-06,0,200,-8.628845002499993e-05,-0.023635864,0.013717651,0.0033013212044644647,-9.9182127e-05,1.0898721695046704e-05,0,200,-0.00036102294985999986,-0.0026397705,0.0023956299,0.0008667850219454733,-0.0005187988,7.51316274269015e-07,0,200,R
-0.0003610229423699999,-0.07826233,0.09204101599999999,0.015558322746945425,-0.00034332275500000004,0.00024206140669811942,0,200,-0.00020431517757999896,-0.13552856,0.23625183,0.031787209474887584,-0.00012207031000000001,0.0010104266862003832,0,200,-0.00024475097532500003,-0.006988525400000001,0.010192871,0.0019336657447621523,-0.00029754638999999995,3.739063212466569e-06,0,200,R
9.368896723999972e-05,-0.06378174,0.07362366,0.011392425438219956,-0.000160217285,0.00012978735736540118,0,200,-4.6386740139999845e-05,-0.12789917,0.16438293,0.021963355936693286,3.81469725e-05,0.00048238900400188016,0,200,-0.00025794982915499986,-0.0056457519999999995,0.008712769,0.0019820019564797875,-0.000289917,3.928331755489705e-06,0,200,R
-5.592346266999979e-05,-0.027282715,0.042785645,0.0041708332630398005,-7.6293945e-05,1.739585010807923e-05,0,200,0.000307998660485,-0.050491333,0.10522461,0.008712228418598946,6.1035155999999994e-05,7.59029240178431e-05,0,200,-3.9672852579999956e-05,-0.0047912598,0.0022888184,0.0010655072156100873,2.28881835e-05,1.135305626517161e-06,0,200,R
-5.5694585305000063e-05,-0.0074005127,0.0099487305,0.001861467778563,1.5258788999999999e-05,3.46506229062827e-06,0,200,0.00027488708578499995,-0.014724731000000001,0.016967773000000002,0.002587315714749432,9.91821275e-05,6.6942026077893644e-06,0,200,1.4877320989999978e-05,-0.0021209717,0.002319336,0.0008379148218668592,1.5258788999999999e-05,7.021012487041707e-07,0,200,R
0.00015998840303999993,-0.0032196045,0.003540039,0.001032130112407904,0.00028228759,1.0652925689391528e-06,0,200,-0.00013488769740499995,-0.0022277832,0.0028381348,0.0009411638700168836,-0.00024414063,8.85789430225157e-07,0,200,-4.585265826000005e-05,-0.0020751953,0.0020141601999999997,0.0008172041471731694,1.5258788999999999e-05,6.678226181570271e-07,0,200,R
0.00011848449767000004,-0.002532959,0.0030517578000000003,0.001061117940481938,0.00025177001499999995,1.1259712836126301e-06,0,200,-0.0001046752920950001,-0.004638672,0.0033874512,0.0012596576599160773,-0.000129699705,1.5867374201852482e-06,0,200,0.00011985778831499998,-0.0029144287,0.0026245116999999997,0.0008923409484686805,1.5258788999999999e-05,7.962723683139843e-07,0,200,R
-0.00017662048549500016,-0.0034790040000000004,0.002746582,0.0011450264599435836,-9.9182127e-05,1.3110855939709346e-06,0,200,3.067016558e-05,-0.0033721924,0.0036010741999999997,0.001246707291609561,5.34057615e-05,1.554279070952447e-06,0,200,0.00025550842162000003,-0.0020141601999999997,0.0026245116999999997,0.0008213449175763872,0.0001373291,6.746074736285626e-07,0,200,R
-3.714788727380952e-05,-0.003921509,0.0035552978999999997,0.001307687534004606,3.0517577999999997e-05,1.7100466865910474e-06,0,168,-0.00020717438926785704,-0.02255249,0.0049743652,0.0023930981005502445,-0.00022888182999999997,5.726918518857189e-06,0,168,-4.0145146214285745e-05,-0.0025177002,0.0021514893,0.0008728760794683656,1.5258788999999999e-05,7.61912650108064e-07,0,168,R
0.0011703491207999998,-0.012832642,0.01828003,0.003941274409444461,0.0007019042999999999,1.553364397054178e-05,0,200,-0.0003878021283999998,-0.031906128,0.025558472000000002,0.00737992960356997,-0.000495910645,5.446336095364843e-05,0,200,0.00051109314042,-0.0023040771,0.0034332275,0.0009676850801605252,0.0006332397450000001,9.364144143652818e-07,0,200,S
0.0003825378527899995,-0.09738159,0.06312561,0.013730208706299988,0.00044250488,0.000188518631118556,0,200,9.269705956000009e-05,-0.21438599,0.11466980000000004,0.027446141507767,-0.00021362305000000001,0.0007532906836643707,0,200,0.00025970458720499977,-0.0032348633000000003,0.004837035999999999,0.0010899198342929322,0.00025177001499999995,1.1879252451851327e-06,0,200,S
0.0007286834490550004,-0.020980835,0.05996704,0.009751320883371559,-0.000785827635,9.508825897047829e-05,0,200,0.001930160505449999,-0.049560547,0.112960815,0.018245825129115642,1.5258790000000006e-05,0.00033291013464226767,0,200,-0.0002571868955350001,-0.0029296875,0.0028076171999999997,0.0009533142031435519,-0.000389099125,9.088079699152252e-07,0,200,S
-0.0008571624799349999,-0.019256592,0.019073486,0.0029999782554698683,-0.0010757446,8.999869533292035e-06,0,200,0.0006513214023500001,-0.024917602999999997,0.034439087,0.005486371072191599,0.00050354004,3.01002675417808e-05,0,200,-9.277344109000017e-05,-0.0025177002,0.0025634766,0.0009036850815829539,-0.00029754638999999995,8.1664672667559e-07,0,200,S
-0.00019073486855999998,-0.04931640599999999,0.05505371,0.008398566374150306,-0.0002593994,7.053591714100821e-05,0,200,-2.182008794499997e-05,-0.09223938,0.10293579,0.016140788264599956,0.00019073486500000006,0.0002605250458026477,0,200,-0.00021514892312499988,-0.006225586,0.00390625,0.0009694294208579417,-0.0002593994,9.397934020249642e-07,0,200,S
4.272461847499992e-05,-0.01612854,0.04576111,0.005004684186836949,-0.00021362305000000001,2.5046863809975816e-05,0,200,0.00021781922902500006,-0.032211303999999996,0.090423584,0.009845223460233195,7.629394499999999e-06,9.692842498192612e-05,0,200,-0.00016921997082,-0.0052642819999999995,0.002456665,0.0009728499937409447,-3.81469725e-05,9.464371103217564e-07,0,200,S
-0.0004574584910399998,-0.03526306,0.017456055,0.0052319297101877365,-9.1552734e-05,2.7373088492345145e-05,0,200,-0.000406494144745,-0.06039428700000001,0.033340454,0.009140064376776186,-0.0001373291,8.354077681161307e-05,0,200,-0.00013175964045000004,-0.0032958984000000004,0.0034332275,0.0009956544425815627,-0.00015258788999999998,9.913277690324024e-07,0,200,S
4.981994436000004e-05,-0.005508423,0.011291503999999999,0.00196807230159847,-0.000129699705,3.8733085843191e-06,0,200,0.0003904724137000002,-0.017700195,0.01638794,0.0038679682263007076,0.00022888183999999998,1.4961178199671844e-05,0,200,-0.0003025054925250001,-0.0031738281,0.0019378662,0.0008308348509244915,-0.00015258788999999998,6.902865495107221e-07,0,200,S
-0.00015457154278500007,-0.05130005,0.015808105,0.004880775462188514,0.00017547607499999998,2.3821969112301514e-05,0,200,-0.00074874878159,-0.07043457,0.036193848,0.008545448937860639,-0.00024414063,7.302469754958352e-05,0,200,8.705139196500001e-05,-0.0034637451,0.0023651123,0.0008770881803368918,0.00022888183999999998,7.692836760866801e-07,0,200,S
0.00025047303632500005,-0.023101807000000002,0.04324341,0.0063057170265562465,5.34057615e-05,3.9762067219001364e-05,0,200,0.00021423342713,-0.040420532,0.08207703,0.011284983277938877,-0.00018310547,0.00012735084758336008,0,200,0.00017593383803000007,-0.0037841796999999997,0.0043640137,0.001001608239932035,0.00010681152,1.0032190662997488e-06,0,200,S
-0.00019584655394000027,-0.05580139,0.10562134,0.012583503049915273,-0.000389099125,0.00015834454900722693,0,200,-0.00023345950124500025,-0.109375,0.22128296,0.02533317342980913,-0.000373840335,0.0006417696760247875,0,200,-3.555298049e-05,-0.011642456,0.006011963,0.0013999946428472762,-0.00010681152,1.9599850000010724e-06,0,200,S
0.0003648376397850001,-0.029418945,0.040130615,0.007605189888866441,-9.1552733e-05,5.7838913245716345e-05,0,200,0.0005496978864050003,-0.054260254,0.06681824,0.013719205083894744,0.00016784667999999994,0.00018821658813396335,0,200,-6.561280864999996e-06,-0.004348755,0.0022888184,0.0010637736093639665,3.0517577999999997e-05,1.1316142919792406e-06,0,200,S
-0.00061050414809,-0.094818115,0.04458618,0.01122910879922181,-0.00050354004,0.00012609288442476068,0,200,-0.0012722777845299998,-0.12319946,0.13198853,0.0237289211736698,-0.0005340576,0.0005630617000662349,0,200,0.00022560119086000006,-0.0063476563,0.011474608999999998,0.0013562781653408535,3.0517577999999997e-05,1.8394904617803517e-06,0,200,S
-0.0007552337651800003,-0.042144775,0.032409667999999996,0.005842199655747845,-0.0007781982300000001,3.4131296817620235e-05,0,200,-0.000354003895845,-0.13949585,0.07890319999999999,0.014898970153388003,-0.00018310547,0.00022197931163154655,0,200,-0.000229415894645,-0.0030212402,0.0035858153999999997,0.0010093318526621948,-0.00010681152,1.0187507887984987e-06,0,200,S
9.910584309999991e-05,-0.050567627000000004,0.09931946,0.010880191780114377,-0.00024414063,0.00011837857317206841,0,200,0.0003849792518200015,-0.087905884,0.18109131,0.019941076459640404,7.6293945e-05,0.0003976465303692247,0,200,-0.00014610290490499995,-0.0087890625,0.004760742,0.0013520640716959275,-0.00010681152,1.8280772539709686e-06,0,200,S
0.0008290863149350003,-0.052612305,0.12643433,0.015340931075391837,-0.00020599365,0.0002353441662599229,0,200,0.0014367675666249998,-0.09074402,0.22122192,0.02613327156904966,-0.000740051275,0.0006829478829016995,0,200,-8.834838463499996e-05,-0.0055999756,0.0044555664,0.0011354994460506926,-3.0517577999999997e-05,1.28935899198143e-06,0,200,S
-0.0001283263869450001,-0.03224182,0.05482483,0.010420628744133971,-0.00028991699,0.00010858950342307108,0,200,-0.00012550352443499996,-0.05583191,0.103897095,0.018454174077146442,-0.00040435791,0.0003405565408696236,0,200,-6.919860267499998e-05,-0.0034332275,0.0028228759999999998,0.0010241436263255961,-3.0517577999999997e-05,1.0488701673433418e-06,0,200,S
-0.00019246056207142858,-0.025787354,0.017959595,0.003547101376566205,-0.00019836426,1.2581928175637862e-05,0,168,-0.00022188823688690484,-0.048599243,0.025283813,0.006240542311357357,-7.629394499999999e-06,3.894436833984142e-05,0,168,-0.00015958150050595236,-0.001953125,0.0020446776999999998,0.0008055761702273617,-0.000144958495,6.489529660381833e-07,0,168,S
