x_accel_mean,x_accel_min,x_accel_max,x_accel_std,x_accel_median,x_accel_variance,x_accel_zero_crossing,x_accel_mean_crossing,y_accel_mean,y_accel_min,y_accel_max,y_accel_std,y_accel_median,y_accel_variance,y_accel_zero_crossing,y_accel_mean_crossing,z_accel_mean,z_accel_min,z_accel_max,z_accel_std,z_accel_median,z_accel_variance,z_accel_zero_crossing,z_accel_mean_crossing,Activity_ID
7.849470997750004,-11.377545,19.533394,6.080495942167745,9.461586,36.97243090271841,0,200,-2.8924051320449986,-12.7914715,2.6367643,3.0252499817323217,-2.3383868,9.152137451971411,0,200,1.892760093598498,-1.6211739,8.295608999999999,2.0192643067999216,1.7426796000000002,4.077428340716168,0,200,A
10.463499367000006,7.026683,15.080777,1.7001896374512258,10.309133000000001,2.8906448032965315,0,200,-2.592447584584999,-10.495432000000001,0.74295074,2.116422000092279,-2.1061492000000004,4.479242082474603,0,200,0.9660843259400004,-0.9675568000000001,3.373131,1.0641951052535814,0.9142858,1.1325112220456814,0,200,A
10.435080247,6.909366599999999,15.547646499999999,1.6676256083284595,10.074501,2.7809751695528657,0,200,-2.3914304178149988,-10.011804,1.8873792,2.033328738943757,-1.82363345,4.134425760614609,0,200,0.9448357879674996,-1.3626001,3.385102,0.9846620923110978,0.98970315,0.9695594360344688,0,200,A
10.614705195500004,1.4194623,19.533394,2.7799034352832543,10.17625525,7.727863109499639,0,200,-2.908961055434998,-12.583176,2.1076458,2.5962783071160542,-2.4018333,6.740661048001404,0,200,0.3962882719204999,-5.44232,3.4665047999999996,1.4428477587617807,0.63775545,2.081809654963894,0,200,A
10.437342731500003,6.653187299999999,17.02487,1.9546745077703491,9.9942955,3.8207524313272576,0,200,-2.6972896836549998,-10.007014999999999,0.8794202,2.1677057070434604,-2.2198738999999996,4.698948032348789,0,200,0.8699810650525001,-1.3338696,3.3204584,1.0152966271031432,0.8987234500000001,1.030827241007019,0,200,A
10.644058100499995,6.5382657,15.468637,1.9862446767729935,10.451588,3.9451679160090554,0,200,-2.6083929666454986,-11.149049,1.1643302,2.3354147770954743,-2.2055087,5.454162181075903,0,200,0.7750988591224997,-1.5062521999999998,3.7657800000000003,1.00324947918302,0.7849988999999999,1.0065095174810008,0,200,A
10.150637147999998,-1.944391,15.530888000000001,2.7267072078613093,10.5138375,7.434932197402813,0,200,-2.309201549665,-10.119542,3.8937201,2.797110147937669,-2.1695957000000003,7.8238251796958895,0,200,1.3685496168499995,-2.3777416000000002,9.969156,2.2632725719310303,0.7275380499999999,5.122402734855299,0,200,A
10.840598175000002,7.0123177,18.051981,2.0792762868577666,10.517428,4.323389877089022,0,200,-2.5640763028299998,-12.846539,1.1571476,2.520634361535475,-1.8858827,6.353597584553353,0,200,0.8794142295540003,-1.1734581,3.4952351999999998,1.0981634102204922,0.8831610999999999,1.2059628755471008,0,200,A
10.369323435999997,6.8399350000000005,15.547646499999999,1.7090775007938683,10.2385045,2.9209459037198138,0,200,-2.4225550277769994,-9.310302,0.912939,1.9624661097494025,-1.9146131000000002,3.8512732319149534,0,200,0.8355165379000001,-1.4918870000000002,2.9038675,1.0384987867555442,0.99927995,1.0784797300927371,0,200,A
10.372304253,7.256525999999999,16.184504,1.9589930907653204,10.0505595,3.8376539296662635,0,200,-2.4486638062099995,-9.224111,0.92730427,1.8737596921652948,-2.0786159,3.5109753839833804,0,200,0.8852680512889997,-0.82151043,3.3611598,1.0245623755411608,1.0172365,1.0497280613745468,0,200,A
10.256257302499996,6.923732000000001,15.461454999999999,1.8841232300092292,9.8961335,3.549920345860412,0,200,-2.432778273265,-10.742035000000001,0.8650549999999999,2.015537544571484,-1.9205986000000002,4.062391593577248,0,200,0.9680954603139998,-1.0824784,3.6364932,1.0809488967322634,0.89393505,1.1684505173466977,0,200,A
10.576505696000002,6.957250999999999,16.143803,1.9024649148367168,10.269629,3.6193727521846775,0,200,-2.4541944052500004,-9.753229,1.4085388,2.003513687634297,-2.0642506999999997,4.014067096537978,0,200,0.9153272483590006,-1.0824784,3.883096,1.0847760473397867,1.0028712999999998,1.1767390728821314,0,200,A
10.612765927000003,6.4664397000000005,15.382446,2.017875025802983,10.40131,4.071819619759388,0,200,-2.8630642029000004,-11.709292,1.018284,2.4037478440336817,-2.386271,5.778003697696575,0,200,0.97558930578,-1.053748,3.7083192000000014,1.1218348697984466,1.0148423,1.2585134750956974,0,200,A
10.759350902500005,6.4784107,16.306607999999994,2.091047851345901,10.4803185,4.372481116618311,0,200,-2.741498616005,-9.925612,1.7509096999999998,2.3754559829762165,-2.362329,5.642791127057506,0,200,0.8256643954100004,-1.24289,3.5574844,1.1722459605942035,0.86520462,1.3741605921294275,0,200,A
10.469855948,6.7537436,14.958673000000001,1.7388235664818967,10.118794,3.0235073953528233,0,200,-2.5627355465549995,-9.015816000000001,0.8650549999999999,1.9668122691874783,-2.1109376,3.868350502226399,0,200,0.985058374,-1.0872667999999999,4.8790835999999995,1.172047054199143,1.1297640000000002,1.373694297256889,0,200,A
10.469796179499994,6.0259066,15.284285,1.7372972267568794,10.201394500000001,3.0182016540971435,0,200,-2.6635194648100016,-9.034969,0.8985738000000001,2.0937653406640924,-2.1013609,4.383853301766221,0,200,0.9935458212274998,-0.708983,3.7250786,1.077817503879425,1.0746973,1.1616905716688743,0,200,A
9.293405140999997,0.7873931,17.360058,2.6716856719101063,9.274838,7.137904329489754,0,200,-1.5323908417849994,-5.91293,2.0717328,1.4726463005749235,-1.5087959999999998,2.168687126597008,0,200,2.076718581885,-0.64433956,12.626719999999999,2.1675972544969104,1.6983868000000002,4.698477857702543,0,200,A
10.040048964000004,6.4496803,14.810232000000001,1.5832506868535237,9.617209,2.5066827374221545,0,200,-2.00629913377,-6.209811,0.23059155,1.2678971369694678,-1.7027264,1.6075631499353735,0,200,1.1662755003199998,-0.8717886999999999,3.3444004,1.1128986715319709,1.4457985,1.2385434530976256,0,200,A
2.9761124190599997,-9.057564999999999,19.533394,8.549368197465672,5.1592053500000015,73.09169657583745,0,200,-6.321679837325005,-19.837606,13.063513,9.60492416188606,-3.76772535,92.25456815558262,0,200,0.7412568286440003,-5.686528,12.97388,3.5588894267506888,0.124199213,12.665693951837847,0,200,B
4.409742415700002,-15.806819,19.533394,9.42814002035026,5.71106875,88.88982424333021,0,200,-6.6607347613550045,-19.837606,11.476157,8.907499888280517,-4.5350670000000015,79.34355425971742,0,200,0.09609128818000008,-9.773431,12.554894,3.5736681797189243,-0.45280339,12.771104258735573,0,200,B
4.820318092530004,-12.600983,19.533394,11.236914068601443,9.89733025,126.2682377851331,0,200,-6.036709968730004,-19.837606,13.429826,10.23741952211625,-3.255366,104.80475847180692,0,200,-0.039312792821000066,-9.213187,14.180557,3.8578080554411076,-0.52343235,14.882682992626304,0,200,B
5.694934967099999,-13.132496,19.533394,10.98864350195747,8.930072999999998,120.75028601311216,0,200,-6.941215429430008,-19.837606,13.068301,10.235432583137458,-6.2600894,104.76408016395193,0,200,2.212002965830001,-10.88434,15.856499,5.692149457752143,1.3189057999999998,32.40056544938801,0,200,B
5.9161442767000025,-12.641685,19.533394,10.750312263839042,9.507075500000001,115.56921377004817,0,200,-6.116275268400009,-19.837606,19.388395000000006,10.637536035885166,-4.7601222000000005,113.15717291475548,0,200,1.95314187769,-8.870816,18.248306,5.089270686455926,1.3248913,25.90067612001957,0,200,B
5.931039185750003,-10.59943,19.533394,9.278334008478462,7.2589203,86.08748197288797,0,200,-5.389772820859999,-19.837606,16.822409,9.467771823007414,-3.42056615,89.63870329253315,0,200,-0.15962141205450014,-16.845901,11.5277815,4.430572351044927,-0.08050502845,19.629971357843772,0,200,B
4.456653851730002,-9.763853999999998,19.533394,9.213437145498503,6.8674681,84.88742403405163,0,200,-6.7258689592600085,-19.837606,12.848035000000001,9.598614010640857,-3.7270238,92.13339092527092,0,200,1.0964007524499997,-9.318532000000001,13.227665,3.8586234790099088,0.5252279849999999,14.888975152766532,0,200,B
4.335776560800004,-11.24347,19.533394,10.590206465996623,7.370250799999999,112.1524729924367,0,200,-5.723320988025006,-19.837606,15.579819,10.078470969260646,-2.3934535,101.5755770782296,0,200,-0.38010346229599995,-16.02948,16.261118,3.71213160434808,-0.8418611650000001,13.779921047999848,0,200,B
5.076410913050001,-14.243405,19.533394,9.20318593028595,7.3223664999999984,84.69863126741326,0,200,-5.817772293950004,-19.837606,13.923031,8.868868998292012,-4.2046670000000015,78.65683730886518,0,200,-1.3584670564505,-19.854815,12.425608,4.549734964829649,-0.7377134,20.70008825019345,0,200,B
4.119996186325003,-15.474025,19.533394,10.22982436280732,7.815571999999999,104.6493064938862,0,200,-5.269081036690004,-19.837606,16.671576,10.186071320504412,-2.1492449,103.75604894640252,0,200,0.011614885460000198,-19.854815,19.371187,4.45691293295205,-0.33548751,19.864072891915246,0,200,B
5.6523181858500005,-12.720692999999999,19.533394,8.983380928526932,6.7752917,80.70113290702142,0,200,-5.662077321106505,-19.837606,14.191182000000001,8.855883913923028,-3.7629368,78.42667989688061,0,200,-0.2651698136700002,-16.865057,15.083172,4.556969113707882,-0.553359865,20.7659675032876,0,200,B
4.441734970200002,-10.982503,19.533394,9.772726767839275,7.890989,95.50618847884228,0,200,-6.198546081620005,-19.837606,16.187946,10.186516792354704,-3.42415745,103.76512436092436,0,200,0.5163335250050001,-8.997709,18.60983,3.6167061536140013,-0.149936885,13.080563401589382,0,200,B
5.3331172056249985,-9.273043,19.533394,9.10734237441279,7.2277957,82.9436851247748,0,200,-6.144760352450001,-19.837606,13.539959,9.011694141932468,-4.430919200000001,81.21063130773996,0,200,-0.9537900938999994,-17.75091,14.949095999999999,3.9621773909084155,-0.7832032449999999,15.698849677025814,0,200,B
4.28962838595,-9.952995,19.533394,9.201051718266935,6.4975643000000005,84.65935272222296,0,200,-6.601382464370008,-19.837606,12.84564,9.365158362996738,-4.010736699999999,87.70619116400773,0,200,0.5754463902034995,-11.810896000000001,19.371187,4.300587797334804,0.028431145,18.49505540258501,0,200,B
3.706170376750003,-14.734217000000001,19.533394,9.778209736051,5.3986253,95.61338564220257,0,200,-5.550711020730007,-19.837606,13.616573,9.336734661691494,-3.3463458,87.17461414283139,0,200,2.2190419183450003,-10.539576,19.371187,5.653658190648768,0.46058455,31.96385093668989,0,200,B
4.740447578700002,-12.41184,19.533394,11.806206526067033,9.323919,139.38651253614776,0,200,-5.898325110135009,-19.837606,18.48159,10.768570847031903,-3.50675725,115.96211808754543,0,200,-0.14285006252999996,-12.811672,19.371187,4.294178602571646,-0.7293337,18.43996987078417,0,200,B
4.4767441873000005,-12.852374000000001,19.533394,10.918096458731508,7.71381855,119.2048302821655,0,200,-6.159281151445004,-19.837606,18.929306,10.43035866732801,-3.1404445,108.79238192910454,0,200,0.5288911089289999,-5.952285,17.27626,3.672029283857267,0.140958625,13.48379906150531,0,200,B
4.615847295,-19.692608,19.533394,12.014318976968562,8.726566,144.3438604803469,0,200,-6.2823430632600035,-19.837606,18.04824,10.28951479909591,-3.08298365,105.87411480081373,0,200,1.3255617337450003,-9.500492,19.371187,5.471123782378701,0.117016605,29.933195442109824,0,200,B
8.834424726199998,0.37559038,17.067965,3.2229329856338684,8.785224000000001,10.387297029886842,0,200,-2.51262489213,-10.327838,2.347066,1.9280817376251569,-2.2713492000000004,3.7174991869636433,0,200,2.408303547205,-3.4359787000000006,10.1582985,2.720910280003209,1.9689317,7.403352751827144,0,200,C
9.5609571615,4.524742,15.473426000000002,2.1469082029790267,9.406519,4.609214832018637,0,200,-2.11292490223,-5.855469,3.393332,1.3846749081360223,-1.9672856,1.9173246012215024,0,200,1.31727780956,-1.9970634999999999,7.0314713000000015,1.8409049231081296,1.035193,3.3889309359237485,0,200,C
7.874397703499999,3.7466263999999994,16.663345,2.5125711543897475,7.424120200000001,6.313013805871428,0,200,-4.330829552499999,-8.558523,-0.832434,1.7953310152911863,-4.1879075,3.2232134544664817,0,200,2.8561509528799998,-1.4392145,9.61242,2.3302402838012366,3.2725744,5.430019780250069,0,200,C
7.4981728415000095,-12.332832000000002,17.192463,6.841853062985049,9.6423485,46.81095333547788,0,200,-2.556929599805,-19.837606,3.53459,3.341539337077301,-2.114529,11.165885141235009,0,200,1.1314039563454998,-4.238036,5.958869,1.9087497034611771,1.0806828000000002,3.6433254304631326,0,200,C
8.261276782000001,2.7386675,17.360058,2.6774957065592853,7.736563499999999,7.168983258643407,0,200,-2.9044479854249983,-9.659856,2.4404397,2.019811398501207,-2.6771665,4.079638085515401,0,200,3.1920574426075,-3.3593642999999997,9.016264,2.0970988191865434,3.090615,4.397823457433594,0,200,C
9.452508795999998,3.0954034,19.533394,2.8179646884072755,9.51306125,7.940924985110314,0,200,-2.356319432615,-6.9400425000000014,3.3262943999999997,2.163167344077734,-2.4054246,4.679292958484316,0,200,1.9676866270000004,-4.058471,9.892542,2.6976186508983195,1.60980135,7.2771463856744685,0,200,C
9.1625859935,4.1608233,14.848539,2.48829785423723,8.916905,6.191626211401602,0,200,-1.0410288232300002,-6.6455554999999995,6.0485014999999995,2.2019917547461816,-0.6947674,4.848767687970169,0,200,3.0278391585649995,-1.8414403999999998,8.022671,2.6600325280011745,3.0690672,7.075773050024319,0,200,C
9.5712163425,3.5838205999999997,19.098248,2.873120583954413,9.547777499999999,8.254821889942546,0,200,-2.14294819491,-7.33748,2.1172225,1.6572661939074116,-2.0223522000000003,2.7465312374683584,0,200,2.432556820675001,-4.652233,8.233360000000001,2.5658033024515787,2.9146414000000003,6.5833465868714285,0,200,C
9.867929714999997,3.9046437999999997,14.910789000000001,2.1672729254066265,10.075699,4.697071933200598,0,200,-2.10625704806,-9.832238,2.457199,1.9006946418270256,-1.7314568,3.6126401214699664,0,200,1.7339407191049994,-2.0641012,8.218995,2.391822023977761,1.45298115,5.7208125943850705,0,200,C
8.845964789500002,2.2502503,18.265066,2.7519802009756957,8.712201,7.573395026562233,0,200,-1.4044327407064998,-5.3862057,3.9463925000000004,1.5133437360759898,-1.2442367,2.290209263520436,0,200,4.030530821300002,-4.8796824999999995,9.25329,2.366947559130541,4.5151653,5.6024407476740254,0,200,C
10.117752749500001,6.471228,15.286678,2.1283597644652965,9.704597499999998,4.529915286994771,0,200,-2.0666808979050004,-6.9161005000000015,1.873014,1.5602265502768726,-1.9672856,2.4343068881888708,0,200,0.6934326356850005,-2.4495676,4.5438957,1.5181514008918666,0.6892308000000001,2.3047836760299374,0,200,C
7.046410917,1.9342157,12.686575999999999,2.4593786883635302,6.777685599999999,6.048543532776719,0,200,-2.238608506871501,-11.017368,1.6335938,1.8211860724052988,-2.1743841,3.3167187103230384,0,200,5.7098238914999975,0.5336076999999999,11.795933,2.057377143075445,5.7613470000000016,4.2328007088492825,0,200,C
9.811869550499999,2.5638907000000004,18.061557999999998,2.517255342348557,10.091261,6.336574458582354,0,200,-2.967954187149997,-8.196999,4.0206127,2.2567248914814417,-2.8148329,5.092807235831924,0,200,1.3346477376899997,-3.2444425,8.295608999999999,2.2971950304491693,1.2698247,5.277105007920358,0,200,C
8.798403933000001,3.6724062000000006,17.956213,2.7511964082307854,8.6846675,7.569081676661974,0,200,-1.0842920530200004,-4.4500730000000015,2.2369325,1.2213775398488482,-0.9569325000000001,1.491763094847225,0,200,3.620523780265,-3.2205005,10.270826,2.515100674514997,3.8890815,6.3257314029457925,0,200,C
10.506032410999993,4.2446203,17.812561,2.708115356801488,10.64671625,7.333888785744048,0,200,-2.2633286532999985,-8.230516999999999,8.495376,2.7066565172600248,-2.0151696,7.325989502426168,0,200,1.11335167406,-6.158186,7.278074,2.487734104823208,0.84006554,6.188820976300527,0,200,C
8.840242614499997,1.8552070999999999,17.455826000000002,3.222505942062732,8.811560499999997,10.384544546629614,0,200,-1.0913190270450002,-8.122778,3.6447232000000014,1.6200743974804228,-1.0407295,2.6246410533715547,0,200,3.8584714952150008,-5.906795,10.754455,2.7731691867105357,4.279336150000002,7.6904673381207695,0,200,C
9.186336486000004,1.5295956,18.02804,3.2875685253887843,8.9743655,10.808106809126985,0,200,-1.7467916075484993,-8.637531,4.6431055,2.360968550295326,-1.5878047,5.574172495483613,0,200,2.791507505664999,-4.73603,9.945214,3.0340509396227184,2.76620075,9.2054651042255,0,200,C
8.351819467299999,0.2534861,19.533394,4.0206914189657015,8.2620905,16.16595948654442,0,200,-1.1095748262899994,-8.721328999999999,3.9128737,2.062504870128522,-1.2789526000000002,4.25392633930387,0,200,3.0518410206999995,-5.2388124000000005,12.629114999999999,3.4174228919493337,1.96893165,11.678779222419347,0,200,C
1.0888051250400013,-4.2289085,9.324667,2.7597232893258608,0.6037876999999999,7.61607263364755,0,200,-5.260408293365004,-12.898462,2.8505964,3.4179015120814413,-5.769727,11.6820507462886,0,200,6.1012998174999975,-3.5631707,12.662334,3.6254385716612103,6.91864445,13.143804836888881,0,200,D
-1.243470553335,-6.572831599999999,2.6807578,2.4268629536552204,0.18360534,5.889663795824141,0,200,-0.9123584364379996,-6.6232595000000005,9.13777,1.835046993948218,-0.70718735,3.3673974699983913,0,200,9.069547243499994,4.040814,12.298414999999999,1.3687370685648832,9.67556775,1.8734411628635896,0,200,D
0.5591358786699999,-0.6783073000000001,1.5698482,0.2680053992660501,0.6145616999999999,0.07182689403575493,0,200,-1.5740798692250006,-4.150049,2.9319992000000004,1.2802617077990857,-2.174833,1.6390700404566314,0,200,9.564261204999998,8.539519,12.06139,0.4180422745517911,9.476849,0.17475934331243506,0,200,D
0.6800789723499997,0.29373863,0.87792385,0.06033660245610969,0.6839935,0.003640505595946622,0,200,-2.8684212264999998,-3.5347394999999997,-1.1620857,0.7656177429950084,-3.31327585,0.5861705283887707,0,200,9.23509447,8.987235,9.71986,0.2074297667324352,9.128492,0.04302710812667247,0,200,D
0.6991607595999996,0.5020342000000001,0.91144264,0.049449721237626365,0.6935703000000001,0.0024452749304789555,0,200,-3.4516847059999978,-3.8316205,-3.1157541,0.08682769167144153,-3.44256285,0.007539048040990917,0,200,9.070852225,8.893861,9.243414,0.04756648807018471,9.073426,0.002262570787331025,0,200,D
0.8469668028500006,0.34401685,1.5626655,0.1589104671675188,0.8144775,0.025252536575399075,0,200,-3.174867093000002,-3.7166989999999998,-2.3280618,0.2842328154559171,-3.2127194,0.08078829338199743,0,200,9.14055936,8.702325,9.755774,0.13331785817257946,9.116522,0.01777365130772401,0,200,D
0.9878176828,0.5954079999999999,1.2298715,0.0573740375970522,0.99045134,0.0032917801901879602,0,200,-3.5639248605,-4.832397,-2.8954877999999997,0.1983638327896604,-3.4724903,0.03934821015900434,0,200,8.998978205,8.565855,9.422979,0.09371975658630333,9.013571,0.008783392774595946,0,200,D
0.97588260065,0.86116445,1.1197382,0.031618847278503184,0.9760860999999998,0.0009997515032213085,0,200,-3.8930797210000003,-4.159626,-3.7478235,0.06587260391347508,-3.8986582999999997,0.004339199946341572,0,200,8.864483774999995,8.738237,9.080608,0.050231425831542185,8.861539,0.0025231961410697237,0,200,D
0.9816645950000008,0.87552965,1.1173440000000001,0.035149015680974005,0.98087454,0.0012354533033413569,0,200,-3.9475119314999967,-4.0830116,-3.850774,0.03594234007994993,-3.944148,0.0012918518104227757,0,200,8.835944895000004,8.752603,8.93935,0.037079416396506484,8.834005,0.0013748831203055133,0,200,D
0.9822511704000004,0.6935703000000001,1.4333786,0.057702666294513164,0.98087454,0.0033295976974959444,0,200,-3.9689639234999983,-4.592976599999999,-3.5634699999999997,0.1295657712270475,-3.9633017,0.01678728907365961,0,200,8.8324973025,8.589797,9.9951935,0.10081946024443708,8.826823,0.010164563563979628,0,200,D
0.9836398085500008,0.78933835,1.141286,0.04274333118795998,0.98087454,0.0018269923610436324,0,200,-4.052030677500001,-4.183568,-3.826832,0.0568188728521977,-4.0554782,0.003228384312194209,0,200,8.786768025000002,8.666411,8.901043,0.04402452070769297,8.786121000000001,0.0019381584235420872,0,200,D
0.9787436736,0.91623104,1.0383353000000002,0.02389358029629551,0.9784803,0.000570903179375521,0,200,-4.077576763,-4.1644144,-4.0087914,0.029166934993974512,-4.0806173999999995,0.0008507100969427347,0,200,8.776018060000002,8.68796,8.881889,0.03417765031892956,8.776545,0.001168111781323026,0,200,D
0.9817843059499998,0.9282021,1.0407295,0.02338640571735023,0.98087454,0.0005469239723765116,0,200,-4.096574742000001,-4.202721599999999,-4.01358,0.036666866848930696,-4.0925883999999995,0.0013444591245172124,0,200,8.77285771000001,8.695142,8.872313,0.032862537109025945,8.770558999999999,0.0010799463452421073,0,200,D
0.8312249344999999,0.24585459,1.2921207000000001,0.2594678923326259,0.9701006,0.06732358715153514,0,200,-2.639248136165,-4.600159,1.7755998,2.371450792689072,-4.0686463999999996,5.623778862145627,0,200,9.017233917500004,8.664017999999999,9.829993,0.3934622801513589,8.792107000000001,0.15481256590190642,0,200,D
0.9817962464000004,0.43978490000000003,1.1867758,0.19314644369810735,1.0550947,0.037305548713226167,0,200,-2.9923331501700003,-3.8196495,1.2632406999999999,1.6528075384975982,-3.7095163,2.7317727593144894,0,200,9.05495455750001,8.850764999999997,10.320805,0.2904022236615161,8.936956,0.0843334515075532,0,200,D
0.9511864043000008,0.5427356,1.2322657,0.10612347065107984,0.9617209000000001,0.011262191023030608,0,200,-2.07151120195,-3.9178119,-0.19482817,0.8952711663946178,-1.901894,0.8015104613775794,0,200,9.429778897500006,8.838794,10.316016000000001,0.24605565237855825,9.487623,0.06054338406743787,0,200,D
0.9980289517500004,0.844405,1.1388918,0.04821898491686773,1.0000281,0.002325070506413118,0,200,-1.8845360225,-2.5626936000000002,-1.3847464,0.3543158227136807,-1.7426796000000002,0.1255397022252724,0,200,9.495176522499994,9.284116000000001,9.8276,0.0886719054439229,9.5151565,0.007862706815056002,0,200,D
0.9701724071000004,0.09023148,1.1987469,0.1735261788233075,1.0119991,0.030111334737018495,0,200,-2.0127454845999995,-2.4669256,2.2927475,1.0047186426213268,-2.2789807,1.0094595508308415,0,200,9.425469229999996,9.085397,10.229825,0.1067219237654479,9.408614,0.011389569012198071,0,200,D
8.338842900000001,5.501127200000001,10.923994,1.1013742711705912,8.52261,1.2130252851965508,0,200,-4.355100751599995,-9.35265,0.37978023,1.7126225956316652,-4.3846813,2.9330761550681417,0,200,0.32315737360799984,-4.051588,5.101445,2.1325930883680746,0.0305260705,4.547953280555282,0,200,E
7.787266696499997,2.731036,11.37171,2.2452879516532893,8.983493499999998,5.041317985839422,0,200,-4.458207076899998,-11.919234,-0.27862522,2.612643512265374,-3.13371075,6.8259061221823485,0,200,1.7281706939499994,-0.8888474000000001,5.122993,1.0650619475020195,1.38325,1.1343569520167944,0,200,E
8.802396252499994,8.249671000000001,9.576058,0.25321331424877563,8.720506,0.0641169825128492,0,200,-3.1528613805000014,-3.9369655,-2.54354,0.2189327401907366,-3.1919197999999995,0.04793154472742458,0,200,2.6477087580000007,1.0480618,4.016872,0.7372856953903878,2.9447185,0.5435901966272877,0,200,E
8.760177425,8.568848,8.973467999999997,0.055786089781840825,8.755595,0.003112087813147605,0,200,-3.074553025,-3.4359787000000006,-2.5549126,0.12720960918146387,-3.1031847000000004,0.016182284668100778,0,200,2.9650511805,2.5047839,3.325995,0.09616430676370986,2.9743466,0.009247573895344894,0,200,E
8.719550856999996,6.047753299999999,9.65821,0.5207942858725176,8.813056,0.27122668819746565,0,200,-2.744557197499998,-6.2850785,-0.7161656,0.5748778166229865,-2.7763762,0.3304845040452122,0,200,3.314945829999997,2.5167549,5.9787707,0.6275307414995716,3.1368532000000005,0.3937948315270021,0,200,E
8.788886912499999,8.647857,8.942344,0.059738142914792215,8.781932000000001,0.0035686457189081392,0,200,-2.695236649000001,-2.966715,-2.4830862999999996,0.09820752275235216,-2.6877906000000005,0.009644717525153768,0,200,3.239073584,2.9620764,3.4696472000000003,0.1002805816889066,3.2517747999999997,0.01005619506386547,0,200,E
8.838255402499987,8.686164,9.01417,0.05422837301205349,8.834603999999997,0.0029407164395344114,0,200,-2.6424445224999995,-2.9738977,-2.3250692,0.1104434430336836,-2.6255414000000004,0.012197754109134512,0,200,3.153002036000001,2.8423662,3.491195,0.10294158928919656,3.14643,0.010596970805385629,0,200,E
8.833024192499998,8.11395,9.548077000000001,0.15055280417445108,8.860941,0.022666146844790614,0,200,-2.3627658593149987,-3.4383729,0.23912089999999997,0.6725024965867696,-2.5860372000000003,0.4522596079154381,0,200,3.2871012549999987,2.8351836,4.8391304,0.4366385742275872,3.1404445,0.1906532445035002,0,200,E
8.720496560000004,8.310274,10.079589,0.27648600859761424,8.635885,0.07644451295024,0,200,-2.814431990650001,-3.8741176,-0.5078699999999999,1.0345514966447709,-3.4790742,1.0702967992099357,0,200,3.1054052825,0.9772832,5.4209213,0.6986603917611759,2.9357402,0.4881263430158798,0,200,E
8.58626570250001,8.441956,8.678981,0.03879579090856832,8.590396,0.0015051133922213526,0,200,-3.6120123780000015,-3.7520133999999996,-3.4671032,0.04785626212882207,-3.6107553999999995,0.002290221824942529,0,200,2.8663681944999997,2.7274446,3.0339023999999997,0.052372720227776025,2.8639143,0.0027429018240569003,0,200,E
8.607538152500005,8.506598,8.676587,0.027826307944318673,8.60835225,0.0007743034138120526,0,200,-3.571155371999999,-3.7161002,-3.4335845000000003,0.0456650803306381,-3.5748425000000004,0.0020852995616036317,0,200,2.851955101499997,2.7489924,2.9908068,0.041135823136353736,2.8555346000000004,0.001692155945105376,0,200,E
8.601133705000008,8.511387,8.695741,0.035412551440174266,8.601169500000001,0.0012540487995029886,0,200,-3.5544677679999985,-3.7280712,-3.4048540000000003,0.05640695836512901,-3.55688595,0.003181744952005396,0,200,2.8952901729999985,2.7585692,3.0219313999999997,0.04548343779174402,2.8926446,0.002068743113355448,0,200,E
8.670158422499995,8.485051,8.880094999999997,0.06891423329950813,8.6610245,0.004749171551259034,0,200,-3.4021605850000007,-3.747225,-2.9691092999999995,0.15128632406512016,-3.4431612,0.02288755184913656,0,200,2.8656020364999994,2.6699839,3.0937574,0.06972964423011717,2.86152,0.0048622232844587115,0,200,E
8.884463457500003,8.444349,9.471461999999999,0.1500823141211154,8.848969,0.022524701011949155,0,200,-3.0747415690000013,-3.8956654000000004,-2.5142112,0.2084346274941252,-3.0624833,0.043444993938614736,0,200,2.594303066500001,1.4920366000000005,3.3738792,0.4066994143769377,2.756175,0.16540441365454406,0,200,E
8.273882269000008,4.271256,9.232041,0.9468540902527112,8.559271,0.8965326682282895,0,200,-3.1901061562524977,-4.3361983,0.21039048,1.0367229104126132,-3.5975873,1.0747943929743993,0,200,3.517255872500001,1.6069583,8.040178,1.4539066052907297,2.9381343999999996,2.1138444169080133,0,200,E
8.56452634250001,8.492233,8.65025,0.026305742047121397,8.566454,0.0006919920646496903,0,200,-3.6361458969999982,-3.7304654000000004,-3.5341410000000004,0.03761355222444026,-3.6346974000000003,0.0014147793109406954,0,200,2.8979238079999976,2.8064532000000004,2.9860184,0.036249751745821686,2.8998272000000003,0.001314044501633703,0,200,E
8.531330792499999,8.35337,8.674192,0.045424221452917767,8.5317375,0.0020633598946037147,0,200,-3.719033170500001,-3.9339726,-3.4647089999999996,0.08217783014910565,-3.7149031000000003,0.006753195768015257,0,200,2.8809488885000007,2.7274446,3.0554502,0.05892122492745695,2.8818707000000003,0.003471710746951975,0,200,E
8.544474970000008,8.372523,8.702923,0.04506172920287089,8.546102999999999,0.0020305594387528673,0,200,-3.7203380075,-3.8741176,-3.5724483,0.05663212431260178,-3.7113117999999994,0.0032071975041579807,0,200,2.849836217,2.684349,3.0123546,0.048852750840231086,2.8495487999999995,0.0023865912646577,0,200,E
0.19559430717200005,-0.32800564,0.6655880999999999,0.12344038576342095,0.21906945,0.015237528837422172,0,200,-4.981962643,-5.964256,-2.9571383,0.3801162631452436,-4.94672,0.14448837350750407,0,200,8.345821982499999,7.70499,9.17503,0.20742817429288726,8.380155,0.043026447490480436,0,200,F
0.304530485005,-0.35434186,0.8523358,0.12786422198318464,0.31364042,0.016349259263365126,0,200,-5.1649035855,-6.392818,-3.6131496,0.3554163194246701,-5.2028995,0.12632076011337912,0,200,8.237699872999997,7.451205,9.062502,0.1892618163855787,8.220940500000001,0.035820035141568514,0,200,F
0.18444929823300016,-0.45250413,0.8547299999999999,0.1630139759601798,0.18076223,0.02657355635834608,0,200,-5.562269257499999,-7.4726029999999986,-3.4240077000000007,0.4935631895065203,-5.548861799999999,0.2436046220358493,0,200,7.972482158999997,7.0417960000000015,9.019406,0.2585360045899533,7.9575784,0.06684086566933639,0,200,F
0.2668457495150001,-0.15083471,0.82599956,0.12612338063360293,0.25857377,0.015907107142448685,0,200,-5.087774381,-7.2212114000000005,-1.8917186000000001,0.511069294862131,-5.1777604,0.2611918241508759,0,200,8.265855701000003,7.154323599999999,9.242067,0.26404577385942163,8.2233345,0.06972017069302082,0,200,F
0.2421136463529999,-1.0893618,1.2282255,0.251227780923965,0.24181437,0.06311539790797978,0,200,-5.27435452,-7.474997,-0.7257424,0.7970749004215515,-5.421969150000002,0.6353283968820262,0,200,8.153711237000003,7.458387400000001,9.584438,0.3622534911447989,8.088061999999999,0.13122759184659488,0,200,F
0.244304341105,-0.17238252,0.91219085,0.16842800977118805,0.24660277,0.028367994475483414,0,200,-4.686099150499999,-5.724835400000001,-2.1478982,0.5194339812451706,-4.7360301,0.2698116608722082,0,200,8.485978534499997,7.8701897,9.163059,0.21187273331885806,8.475923,0.04489005512400394,0,200,F
0.3079302516820001,-0.18195933,1.1779473,0.18626983652386594,0.29927521999999995,0.034696451998627746,0,200,-4.9861285485000035,-6.9458785,-2.9571383,0.5681986949874465,-5.0484736,0.3228497569854373,0,200,8.3299963475,7.2476974,9.244462,0.3121751840837933,8.310723,0.09745334555775023,0,200,F
0.217369571145,-0.110133275,0.51235914,0.08671954354469713,0.21667525,0.007520279232600622,0,200,-5.307514258499998,-6.069600599999999,-3.9555203999999997,0.34481671596894586,-5.398027149999999,0.11889856761160868,0,200,8.139310070000004,7.7480854999999975,8.863783999999997,0.19716216510398796,8.07968225,0.038872919348492185,0,200,F
0.15413870510200012,-0.34715924,0.7613561,0.1809521856525461,0.15682021000000002,0.032743693492433494,0,200,-5.452854247,-6.5532293,-4.09199,0.40040246703579696,-5.454290850000001,0.16032213560835246,0,200,8.023035685999997,7.2524858,8.784775,0.2274691604241085,8.006658999999999,0.05174221894404882,0,200,F
0.19958065401500008,-0.7781156,1.2138603000000001,0.2269022309819269,0.175973825,0.051484622424575716,0,200,-5.593573450499997,-10.759841999999999,-3.009811,0.7083638925958466,-5.593154500000002,0.5017794043335402,0,200,7.933552465500001,5.8686370000000005,9.136723,0.34643219991229945,7.93722775,0.12001526913607542,0,200,F
0.2907279129600002,-0.25139117,1.0486604,0.1644191899360021,0.28371290000000005,0.027033670019211132,0,200,-5.433006283500001,-7.685686599999999,-3.4407669999999997,0.4969622228299002,-5.5907599999999995,0.2469714509200355,0,200,8.031966117,7.6116160000000015,8.868572,0.2579679507263718,7.9420161500000015,0.0665474636019638,0,200,F
0.12644976248200002,-0.56982,0.90261406,0.21817749079861476,0.12449849,0.04760141749117961,0,200,-5.365932739500002,-6.3545110000000005,-3.1007905,0.4796570858936776,-5.3968301,0.23007092004801485,0,200,8.0955321245,7.487118,9.043348,0.2474722441071732,8.080879,0.061242511603440325,0,200,F
0.15012841750500008,-0.35434186,0.7062895,0.15771456565658135,0.14604631,0.02487388422024412,0,200,-5.390269799500003,-6.7208232999999975,-3.273173,0.4832760782105416,-5.45189665,0.23355576777056156,0,200,8.077348175000003,7.549367,8.854207,0.2331592442966155,8.05334625,0.05436323320096882,0,200,F
0.13872004706000002,-0.24420857,0.89543146,0.14475307484756414,0.15083470999999998,0.020953452677824502,0,200,-5.471337459999997,-6.5795655,-3.6993407999999994,0.342918950412253,-5.4949923,0.11759340655184122,0,200,8.046044005500008,7.5469728000000025,8.638729,0.16206976027533745,8.043769500000002,0.026266607195705345,0,200,F
0.145723085477,-1.067814,0.81163436,0.20329998782924302,0.142455,0.04133088505137035,0,200,-5.24378057435,-8.511686,-0.54617727,0.6824664061880401,-5.2040966,0.46576039557521903,0,200,8.154609141999996,6.0242605000000005,9.079262,0.3339988499469935,8.195802,0.11155523176591432,0,200,F
0.039827545259999986,-0.4213795,0.8738836,0.18911462247311087,0.033518822999999996,0.03576434043314725,0,200,-5.199032959,-6.65618,-3.5054107000000005,0.44405772565597657,-5.2424038,0.19718726371475856,0,200,8.212883978999999,7.6379523,9.112781,0.22203869745065635,8.191013,0.049301183165584114,0,200,F
-0.003004723124999995,-0.4165911,0.31364042,0.12369186879111027,0.01436521,0.01529967840503724,0,200,-5.391730249500004,-6.6537857,-4.1231146,0.38817753539990296,-5.424363400000002,0.15068179898914294,0,200,8.07422376650001,7.3961380000000005,8.729709,0.20184584987449766,8.080879,0.04074174711155824,0,200,F
-0.03145981135200001,-1.0606314,0.60094464,0.2862064760387981,0.047884032,0.08191414692654712,0,200,-5.448137628500001,-7.8820114000000014,-3.7807437999999993,0.5491958242035075,-5.4878097000000015,0.30161605332257,0,200,8.040250013000001,7.2117844,8.693795,0.2001920039762972,8.025813000000001,0.04007683845604578,0,200,F
-8.754207015999997,-10.091560000000001,-5.662287,0.7395380223384749,-8.846575999999997,0.5469164864843026,0,200,0.23172279895999998,-8.41113,5.9971760000000005,2.5986366986702634,0.3899556000000001,6.752912691675882,0,200,3.779241408799998,-2.3027732000000003,8.746468,1.9358053057697924,3.85511375,3.74734218184648,0,200,G
-9.429096470000006,-9.998186,-8.8777,0.2674690053707423,-9.412804,0.07153966883401419,0,200,0.7658692124900004,-4.482245,5.0155535,1.7789413765061914,0.76584527,3.1646324210457433,0,200,2.17299541572,-2.0274398000000002,4.6092873,1.4825128632629898,2.48563025,2.1978443897402284,0,200,G
-8.788396182500001,-9.548077000000001,-7.9607205,0.3182165669762199,-8.808268,0.10126178349813106,0,200,-1.5608399438050018,-6.632238,2.518401,2.2858188209502464,-1.55892455,5.224967682210374,0,200,3.8042488355000015,2.1001637000000004,5.519083999999999,0.6353129154886731,3.7629367999999994,0.4036225005867179,0,200,G
-9.168212319999997,-9.837775,-8.090008000000001,0.3830516747623206,-9.193734,0.14672858553821866,0,200,0.7440221150985002,-5.0017867,4.6348753,1.6718832179929146,0.81013802,2.795193494606344,0,200,2.983336919203498,-1.2828431999999999,6.163124,1.6775695552067047,3.1739632999999996,2.8142396125564213,0,200,G
-9.201719229999997,-9.861717,-8.50181,0.2949398879367842,-9.1829605,0.08698953749616284,0,200,1.602534970559999,-4.7432127,4.5798087,1.7937644993852522,1.5056535999999996,3.217591079254824,0,200,2.7428633074499995,0.31169513,5.7393503,1.1715718030924085,2.7729343999999996,1.3725804898011964,0,200,G
-9.0788845875,-9.512163000000001,-8.137891999999999,0.22604081878286664,-9.129091,0.05109445175602875,0,200,-1.0224797575600004,-5.4495025,2.9302037,1.9782641729833836,-0.813130735,3.9135291381096295,0,200,3.2724846655,1.8224365000000002,5.4927480000000015,0.6652348354534329,3.0961517999999995,0.4425373863007559,0,200,G
-8.950699127500004,-9.457097000000001,-8.327033,0.24286409645501225,-8.991424499999999,0.05898296934690949,0,200,-0.4414668537649997,-4.860529,2.74585,1.6450323510795049,-0.16071079,2.706131436098163,0,200,3.8292802240000015,2.444929,5.71062,0.6311982344446112,3.7952585,0.3984112111659943,0,200,G
-8.950016753999996,-9.449914,-7.958326299999999,0.2819532760111821,-8.981848,0.07949764985343784,0,200,1.51823512598,-3.294721,4.385878,1.2744176271400338,1.5391723999999998,1.6241402883652345,0,200,3.5935830289999995,1.4800656,5.973982299999999,0.8680857541410081,3.6264675000000004,0.7535728765425627,0,200,G
-9.118005897499996,-12.014104,-7.800308999999999,0.3701766733969055,-9.200917,0.13703076952719925,0,200,0.47832558905000105,-4.250007,4.1967362999999995,1.979416440946171,0.703596025,3.918089446688007,0,200,3.218315859999999,1.4393641000000001,5.923704,0.9492912936854712,3.1117141,0.9011539602670356,0,200,G
-9.070564769999997,-9.627085000000001,-7.520187400000001,0.3790727329387532,-9.186552,0.14369613685765525,0,200,0.10116699735500012,-4.779125700000002,5.295675,2.011407790421229,0.08708908750000002,4.045761299367212,0,200,3.3638593717000016,0.88630354,8.504653,1.1718997147892194,3.2577602999999997,1.373348941523054,0,200,G
-9.097152457500002,-9.950302,-8.408437,0.2409080166589204,-9.1219085,0.05803667249053465,0,200,0.770669590040001,-3.8214452000000003,5.68593,1.9522392510627105,0.82450322,3.8112380933898926,0,200,3.2696475393,0.66603696,5.3993735,1.016664416663427,3.2840964999999995,1.0336065361095872,0,200,G
-9.063741302499997,-9.3421755,-8.427589999999999,0.16003111314999788,-9.096769,0.025609957176027418,0,200,-0.4415985216464999,-6.28029,3.5359366000000003,2.25909286246985,-0.39175126,5.103500561262219,0,200,3.2960914925,1.6931496,5.8830023,0.6512296721238238,3.1979053000000004,0.424100085854503,0,200,G
-9.025877042499998,-9.878476,-7.845799,0.2411855847195828,-9.048885499999999,0.05817048627652704,0,200,-0.04390965856500004,-6.301838,3.6700120000000003,1.9729642126103808,0.27623102,3.8925877842413015,0,200,3.554557557850002,0.37873277,6.562956,1.0540009787910445,3.4864066,1.110918063292479,0,200,G
-9.0485142175,-9.461885,-8.50181,0.1788351861905199,-9.065645,0.031982023819797915,0,200,0.42258857250050014,-1.5828665000000002,2.4872763,0.9821824093894712,0.34087446,0.964682285314107,0,200,3.666809692500001,1.3052888,6.3953614000000005,1.1763671173743493,3.6779428,1.3838395948396365,0,200,G
-8.954853043999998,-9.536105000000001,-7.8793178,0.29462504220858043,-8.9674825,0.0868039154964078,0,200,0.060908494383999964,-6.996156699999999,3.3827078,1.852098888832987,0.205602075,3.4302702940163843,0,200,3.679953853000001,1.0730513000000002,6.716184599999999,1.227735373194289,3.680337,1.5073341465925199,0,200,G
-8.701558498999997,-11.133038,-7.074866,0.5124354677236019,-8.798691000000002,0.26259010858110665,0,200,-0.01253364909499998,-4.424784,5.405808,1.9776094014979584,-0.08170213700000001,3.9109389448931138,0,200,4.2103413625,1.6739959,7.7241434999999985,1.0421085096560505,4.14720635,1.0859901458975545,0,200,G
-8.650466217999993,-9.3661175,-7.1395097000000005,0.38951271696329054,-8.704120249999999,0.15172015667612448,0,200,0.002896990610000032,-6.2156467000000015,4.232649299999999,2.5552014374844125,0.47375266,6.529054386122406,0,200,4.239490760000003,1.6452654999999998,7.4966946,1.3129499665874629,4.11727885,1.72383761476202,0,200,G
-8.663299076499996,-9.435549,-7.4866686,0.38709219201676576,-8.689755,0.14984036512034465,0,200,0.8609309911000005,-6.2755017,4.510377,2.1625028026935875,1.1572973000000002,4.67641837165762,0,200,4.177468964999999,1.5901988999999999,7.149535,1.475382739639043,4.13284115,2.176754228424809,0,200,G
-2.285840135775,-6.3185980000000015,1.3524247,1.647690916530255,-2.0700867,2.7148853564163113,0,200,-8.760282263500002,-10.200944999999999,-0.9305962999999999,1.4563420217303424,-9.202563,2.1209320842576207,0,200,1.88123200996,-0.57011926,8.539817999999999,1.6985261870005903,1.4924855,2.884991207926764,0,200,H
-2.406041034349999,-7.388806,-0.5102642,1.9197050572598744,-1.3673885,3.6852675068691365,0,200,-8.748718263500002,-10.313473,-5.0390463,1.0715374674243394,-9.0768675,1.1481925440941672,0,200,2.286402770299999,0.3684078,5.274127,1.105306592546092,2.15089095,1.2217026635258523,0,200,H
-2.7609215619499983,-6.0815715999999975,-0.7401076,1.7035170192197062,-2.00065475,2.9019702347711926,0,200,-8.865675021499992,-10.763582000000001,-5.855469,0.8329043177255594,-9.048136999999999,0.6937296024858797,0,200,1.6450919074149997,-0.69461775,4.098574,1.061389850313244,1.0854712,1.1265484143479705,0,200,H
-2.7599279776500008,-6.397606400000001,-0.66828156,1.7023588104830585,-2.2053590000000005,2.898025519629294,0,200,-8.621933324999999,-10.416424000000001,-4.761319,0.9486483693835748,-8.735693000000001,0.8999337287341155,0,200,2.3393505553000007,-0.06494272,4.900631400000001,1.3854037220917386,2.0718822,1.919343473185643,0,200,H
-2.5358426751,-5.9977746,-0.41449618,1.5448447245114365,-2.2544401,2.3865452228508164,0,200,-8.111956422999999,-11.0077915,-3.5498528,1.9351965197192191,-8.8745575,3.744985569933378,0,200,3.0749809709950013,-0.081702136,8.645164,2.4969199204855164,2.245462,6.234609089317397,0,200,H
-2.600126986749999,-5.8613050000000015,-0.66349316,1.760314257957173,-1.9755156000000003,3.0987062867673125,0,200,-8.634155709499996,-10.907235,-6.384588,0.8311748889685753,-8.6782325,0.6908516960519234,0,200,2.5856660275499994,0.71556705,5.2358199999999995,1.2516112815688736,2.2095489500000003,1.5665308001504783,0,200,H
-3.616333921849998,-6.9458785,-0.68264675,1.6636544939725881,-3.5101991000000003,2.767746275315188,0,200,-6.729173228000003,-9.939978,-2.565836,1.8914527063754092,-6.647949950000001,3.5775933404548614,0,200,4.552430895100001,0.07631518,9.487922,2.780884838750549,5.3052517,7.733320486392666,0,200,H
-2.1256800181999997,-6.4837976,-0.81672204,1.6027954869421317,-1.3542204,2.568953372962065,0,200,-9.193297544000004,-10.964696,-5.900958999999999,0.8705859681774568,-9.474305,0.7579199279874798,0,200,0.2866338250084998,-1.6307506999999999,3.540725,1.3493718959796217,-0.06135142,1.8208045136596385,0,200,H
-3.6421194759999973,-8.224382,-0.8430583,2.3915835214429224,-2.9571384,5.719671740037329,0,200,-8.44494199,-12.652608,-3.2002995,1.84758230630331,-9.3174845,3.413560378565059,0,200,-0.04072537079100005,-1.8677766,3.3683424,1.0106494983734997,-0.16430209,1.0214124085626064,0,200,H
-2.8438447475000017,-7.963414,-0.80953944,2.2085175726533035,-1.622371,4.87754986871844,0,200,-8.800648514999997,-11.852944,-3.0542529999999997,1.5599968361465189,-9.4575455,2.433590128787149,0,200,-0.021380225379999958,-2.3657706000000003,3.4401686000000002,1.3202709654493163,0.072723875,1.7431154222084695,0,200,H
-2.8326039723500003,-7.1589622,-0.8765771000000001,1.9124039338952523,-1.671452,3.6572888063780375,0,200,-8.972839438,-12.247988000000001,-5.438878,1.1047016981340338,-9.46472825,1.2203658418602181,0,200,-0.391655483425,-2.3154924,1.6038159,0.9313982223466902,-0.43364978,0.8675026485905746,0,200,H
-3.5018312469999997,-7.898771000000001,-0.9651626,2.1084824173347174,-2.83982255,4.4456981042096535,0,200,-8.625069744499994,-12.094759,-4.325574400000002,1.3405225909253071,-9.243265,1.7970008167810982,0,200,-0.05503072629749999,-2.1239562000000003,1.7211318,1.186541954091714,-0.292391885,1.4078818088197833,0,200,H
-2.565949756149999,-8.140585,-0.68982935,2.1075324973531133,-1.5050551,4.441693227399451,0,200,-8.895782148,-11.290307,-3.6958992,1.4652590970246255,-9.389311,2.1469842214134207,0,200,0.5883511235450003,-2.4256256,3.0163949,1.2263653159077128,1.08786545,1.5039718880614248,0,200,H
-3.0710185960000014,-7.460632,-0.9675568000000001,2.139446489281042,-1.82468095,4.5772312804969735,0,200,-8.772815984500005,-12.049269,-4.028693,1.4230135542681146,-9.378537,2.024967575630773,0,200,0.5759132478100001,-2.8517935000000003,2.9038675,1.051813868094334,0.7119757250000001,1.1063124131155653,0,200,H
-3.3419943262000005,-7.2667009999999985,-0.6180033,2.1489981411740766,-2.833837,4.618193010769638,0,200,-8.652627015999999,-12.125883,-5.1826987,1.237658220888197,-9.1127805,1.531797871732137,0,200,-0.332937688325,-2.6626515,5.7050834,1.5856712555402577,-0.62997433,2.514353330646617,0,200,H
-3.12474446615,-7.5971009999999985,-0.82151043,2.0543452444280117,-2.69617035,4.220334383303986,0,200,-8.197776564200003,-11.668591000000001,0.7118260999999999,2.279702798736912,-9.216928,5.197044850568909,0,200,0.09163807544750023,-2.595614,9.056966000000001,2.8080053890460563,-1.2967594999999998,7.884894264911695,0,200,H
-2.2068314785000007,-6.859687299999999,-0.6299743,1.814253295372359,-1.1854291000000001,3.291515019769463,0,200,-9.1188379465,-11.170597,-6.2026286,0.9449449999788349,-9.447969,0.8929210529849999,0,200,-0.56339156983,-2.6578631,2.1760302000000005,1.2780036626911404,-0.9280523999999999,1.6332933618519705,0,200,H
-3.4874899748499977,-8.700828999999999,-0.9292495000000001,2.503296099669022,-2.0605099,6.2664913626181376,0,200,-8.433054765000001,-12.142643,-3.346346,1.9215378079193284,-9.3869165,3.6923075472634177,0,200,-0.4642117690800005,-2.7943327,2.1089922999999997,1.2547342018976109,-0.35583823000000003,1.5743579174116349,0,200,H
-1.7511430659799996,-8.600571,2.9825767999999995,2.300589734783888,-1.8142063999999998,5.292713127792999,0,200,-1.7437150567649995,-8.491783999999999,3.3044472000000003,2.3800867105880936,-2.6319759,5.6648127499180525,0,200,8.685882484000004,3.3643023999999997,13.422343,1.4927833454944346,8.9942675,2.2284021165855563,0,200,I
-2.262640321250002,-8.277353999999999,-0.98222125,1.5536685414315539,-1.738789,2.4138859366340526,0,200,-4.932959320500002,-10.093506,-1.5366286,1.3286565183511578,-5.23806435,1.7653281437570203,0,200,7.580659034500004,2.0594623,9.495852000000001,1.5528404170942238,7.801955,2.4113133609613637,0,200,I
-2.57655606165,-8.418612,-0.55365914,1.8804804077094763,-2.1086931,3.5362065637791984,0,200,-6.047376410999997,-10.981753999999999,-1.3810055,1.5084684563018704,-6.278345,2.2754770836577483,0,200,6.51924963115,0.55829793,9.313892999999998,1.4631572286673609,6.8466685,2.1408290758015527,0,200,I
-1.8115322996000005,-8.325238,-0.75237787,1.934315709553462,-1.1210848999999998,3.741577264225313,0,200,-6.330028396000003,-9.490167,-4.2492589999999995,0.5347114946695412,-6.400075450000001,0.2859163825317348,0,200,6.423985877700003,-1.7975966,8.028207,1.9919210268627467,7.05025075,3.96774937725794,0,200,I
-3.1070931998000018,-7.332392,-0.91353756,1.472976649216492,-2.41949045,2.1696602091370445,0,200,-6.399018799999999,-9.657013000000001,-2.0410569,1.20107811765102,-6.459556300000001,1.4425886447001175,0,200,6.1428392025,2.5049335999999998,8.744224,1.3184051195559725,6.69718075,1.7381920592713984,0,200,I
-4.305702410499999,-12.839056,-0.40836102,2.8408273613758013,-3.5519477999999998,8.070300097141399,0,200,-4.851167418100005,-11.641805999999999,0.22864626,2.6726687895856958,-4.668693299999998,7.143158458825465,0,200,5.4566729798,-1.7758990000000001,9.905411,2.778156231381192,5.3288944,7.718152045962144,0,200,I
-7.3917685104999995,-9.113678,-1.5623662,2.33071659768412,-8.4193605,5.432239858720242,0,200,-2.9697797527500005,-8.926781,1.1121067,2.297048421145089,-2.5270798,5.2764314490851465,0,200,4.0405864754500005,-0.40880993,9.816825999999999,2.1053587574471795,3.74034165,4.432535497559533,0,200,I
-2.7296592812500013,-8.984391,0.39609075,1.8813172367805902,-2.0017023000000003,3.5393545454077544,0,200,-4.797549248250002,-10.425550999999999,1.1719618,2.2543788604177357,-4.5525746,5.0822240462983705,0,200,6.497432453295,-5.462969999999999,11.679514999999999,3.6110809319727415,8.128913,13.039905497257124,0,200,I
-2.2691106358000006,-7.784896400000001,-0.91832596,1.4027056085095615,-1.8795979999999999,1.9675830241441798,0,200,-5.045959657000001,-8.981848,-1.3443443000000002,1.116982288116795,-5.1810524,1.247649431966631,0,200,7.1712565624849995,-4.016872,9.685144000000001,2.7062282405567784,7.882310500000001,7.323671289987036,0,200,I
-2.3420499965000032,-7.2533835999999985,-0.2551321,1.2775830209718324,-2.0112791000000003,1.6322183754755135,0,200,-4.365790890900005,-12.290633999999999,0.1352724,2.3390770387555118,-5.415684400000001,5.471281393233256,0,200,7.462690780649996,-0.02813187,10.661978999999999,2.501603459578972,7.699153999999999,6.25801986897748,0,200,I
-3.3340396011300015,-7.5382940000000005,0.11596914400000001,1.76410560800002,-2.5380034,3.1120685961771204,0,200,-5.187277388999999,-10.811017999999999,-1.389834,1.9323309781310745,-5.201403,3.733903009044995,0,200,6.484814982794997,-0.0712275,11.641207000000001,2.733632068623554,7.5375457,7.472744286607091,0,200,I
-3.66088402325,-9.286061,0.17103578,2.372700496661876,-2.4087164000000003,5.629707646859512,0,200,-5.960305303000001,-11.201273,-1.5933412,1.8145733963078825,-5.8226984,3.292676610588324,0,200,4.893053937475002,-5.575497,9.891046000000001,3.538394090660463,6.783371850000001,12.520232740820886,0,200,I
-3.5979763905000017,-9.111284,-1.6772879,1.7925845035158217,-2.8073511000000004,3.2133592022450648,0,200,-3.9869443797999993,-10.104728999999999,4.643554,2.5097212749109743,-3.7337575,6.298700877740765,0,200,7.2959466005000015,0.7882909,10.073005,1.86510997696812,7.480084850000001,3.4786352261860194,0,200,I
-2.829317936500003,-7.696311,-1.0883143,1.7532000109418155,-2.4637833,3.073710278366382,0,200,-5.1226579,-11.275492999999999,-0.7793127,1.226958754951691,-5.1690814000000005,1.505427786352603,0,200,7.010342301449997,0.57281274,9.785701,2.1977777005544747,7.664438199999998,4.830226821054514,0,200,I
-4.346332012000001,-8.13445,-1.0595839,2.4998623975586307,-4.1205707999999985,6.2493120067275845,0,200,-5.341930856499999,-11.055226,-2.4169466,1.4190801481014557,-5.129577200000001,2.013788466735649,0,200,5.55299171925,0.5967548,9.450513,2.7754641242449067,6.0926447999999995,7.7032011049705496,0,200,I
-3.0830449401500024,-8.195652,-0.37858313,1.7216658190079643,-2.7249007,2.964133192340365,0,200,-4.113434519000003,-11.453113,5.672612,2.7293531195272327,-4.7335612000000005,7.4493684510730365,0,200,7.0337964529000025,-1.6858171999999998,10.936414,2.8478532714742504,7.909843499999999,8.110268255846592,0,200,I
-2.8262114551500006,-8.00651,-0.66828156,1.8536817888932424,-2.5537155,3.4361361744744507,0,200,-4.969674405,-12.326997,-1.9936218,1.7527924893858549,-4.5805565,3.0722815108474637,0,200,6.883724933550002,-0.9843162,9.64594,2.6244341327332057,8.248923,6.887654517055093,0,200,I
-2.111661966439999,-7.8245505999999985,0.30615854,1.8311803095166403,-1.3637972,3.3532213259614587,0,200,-5.6543801535,-10.775554,-2.0127754,1.5588935147597605,-5.2281885,2.4301489903600397,0,200,6.592733642799997,-2.988263,9.339481,2.7705385535882017,7.676708500000001,7.675883876918603,0,200,I
-3.816812416945,-6.5771713000000025,1.6253636999999999,1.4807038075751702,-3.9950248999999998,2.192483765767607,0,200,-7.933827788500004,-13.208062,-3.5690063999999997,1.4214992443268537,-7.985111499999999,2.0206601016218158,0,200,1.3512635008605005,-4.2643723,9.961974,3.288602196805289,-0.35583823000000003,10.814904408832577,0,200,J
-3.8590820280000018,-5.2412066,-1.5206174,0.8593552109712657,-3.9004538,0.7384913786234685,0,200,-7.484663565499999,-10.014197,-3.8994063999999997,1.3202680111040073,-7.749282700000002,1.7431076211445309,0,200,3.810994508025,-1.4009073,7.455245,2.372787872075849,4.2925043500000015,5.630122285870238,0,200,J
-4.0174345275,-6.41676,-2.5692778,0.937128841078412,-4.0788220000000015,0.8782104647809678,0,200,-7.270693754000002,-11.053281,-3.6504095000000003,1.9501219469919304,-7.519438999999998,3.802975608139597,0,200,2.6838641991349994,-3.6107553999999995,8.884583000000003,3.638029737846368,1.1620857,13.235260373454508,0,200,J
-4.6473011115,-7.723994,-2.0377650000000003,1.3887349987011244,-4.3649292000000015,1.928584896617412,0,200,-7.5063669990000035,-11.110742,-3.252972,1.3717783406296378,-7.349451149999998,1.8817758158206024,0,200,1.0736438457450006,-5.6314616,7.572561,3.365212871533845,-0.1643020925,11.324657670737068,0,200,J
-3.8108149060000014,-5.4279547,-2.0664954,0.8100247362049036,-3.5975873,0.6561400732638236,0,200,-7.098311226000002,-13.009344,-3.990386,1.403934715917758,-7.171083199999999,1.971032686559076,0,200,4.628674232849998,-1.4918870000000002,7.0242887000000005,2.122135336326868,5.1460373,4.5034583856871455,0,200,J
-3.2069134649999995,-5.348946,-1.5804723999999999,0.9383070282799024,-3.0612862,0.8804200793194618,0,200,-8.532845138999999,-11.500997,-3.75336,1.1894845548880433,-9.075671,1.4148735063172069,0,200,1.1940243020805,-5.2866964,6.0761847,2.6846001988655654,-0.207397725,7.207078227749036,0,200,J
-4.2374137925,-5.976227,-1.683423,1.1681854267975966,-3.8884828000000002,1.364657191382283,0,200,-6.501317024499997,-10.011804,-3.6767457,1.805087221492756,-6.712593599999999,3.2583398771964363,0,200,4.093187090529999,-2.7895442999999998,7.44088,3.4438577668688164,5.8439469000000015,11.860156318422675,0,200,J
-2.611044541000001,-5.705682,-1.6929998,1.0096036100870045,-2.0509331000000004,1.0192994495007124,0,200,-8.646581625999996,-9.820267,-5.8722286,0.8328771927496578,-8.984691000000002,0.6936844182025507,0,200,-1.6462770389399999,-5.9235544,6.2078657,2.9399238479593413,-3.1726165,8.643152231800059,0,200,J
-4.002015878499997,-8.183681,-1.1303625,1.523144425211153,-3.5389294999999996,2.319968940051813,0,200,-7.904881899750007,-15.338902,-0.87074125,1.9395198543025385,-8.338255750000002,3.7617372652337404,0,200,0.018183968800000557,-6.016928,6.887819,3.2093603724020565,-1.5708956,10.299993999944668,0,200,J
-4.046667742499999,-9.672874,-2.5644894,1.545414334289929,-3.3892918,2.388305464628784,0,200,-6.0230513060799975,-8.02701,2.596063,2.5823780630438957,-7.10524225,6.6686764604903415,0,200,5.5882463265,3.2773627999999997,8.070555,0.7064249215240301,5.456086599999999,0.4990361697502321,0,200,J
-3.4585919679999995,-5.789479,-1.3841478999999999,1.0003277780088478,-3.30669185,1.0006556634561186,0,200,-7.8705969164999985,-10.224886999999999,-5.632808,1.012247977651082,-7.671471400000001,1.0246459682587057,0,200,2.130719812165,-3.3449989999999996,6.6172743,3.6498775893715067,4.33200865,13.321606417396355,0,200,J
-6.828011857999999,-12.294525,-3.294721,1.4268650893146204,-6.817788750000001,2.0359439831048194,0,200,-5.725428065500001,-10.0956,-0.39429509999999995,1.7934208870628867,-6.434865950000002,3.216358478153432,0,200,0.6820481978505002,-5.6889224,9.145552,3.1850075097274986,-0.33309331,10.144272837020562,0,200,J
-3.9280948855000015,-6.7495537,-1.338658,1.1209035326993513,-3.6670191,1.2564247296178854,0,200,-7.960008351499997,-10.476278,-5.472397,1.0956030999235766,-7.9910972,1.2003461525621506,0,200,1.21776281449,-4.6306853,6.4879875,3.4304426966758164,-0.44681789,11.767937095176446,0,200,J
-4.403200271499999,-7.0655885,-1.9467851999999999,1.3495196657638615,-3.8405987999999995,1.8212033282834048,0,200,-7.491499054000001,-10.861744999999999,-3.5474586,1.5424322614936816,-7.68224535,2.379097281296513,0,200,1.613668009235,-5.195717,6.5574193,3.4740827876537352,0.8197148000000001,12.069251215471947,0,200,J
-4.836610637500004,-8.2794485,-1.6977881999999995,1.7749033862672678,-4.457105799999999,3.1502820305830146,0,200,-6.788489577999997,-10.801889,-4.6272435,1.452504118605048,-6.402544399999999,2.109768214564628,0,200,3.3005626549500002,-2.3873184,7.7712793000000016,2.845016720989859,4.372710000000001,8.09412014271189,0,200,J
-3.40710463,-6.7711015,-1.5708956,1.0956398551038216,-2.85777905,1.200426692091923,0,200,-8.335586803000004,-11.335797,-4.711041000000002,1.384061803430625,-9.039757,1.9156270757156333,0,200,0.7577408879199999,-4.0848074,7.0434422,3.0929107668802365,-0.46477440000000003,9.56609701188369,0,200,J
-3.3155144425000005,-6.057629599999999,-1.4583681,0.8153828588059029,-3.001431,0.6648492064344871,0,200,-7.942913742500004,-12.432342,-4.4620440000000015,1.5045531087191375,-7.9084970000000006,2.2636800569564213,0,200,2.094902544465001,-4.898836,7.855076299999999,3.558488286197357,0.290596235,12.6628388830038,0,200,J
-2.9403430464999984,-5.638644,-0.9148843000000001,1.24056122678298,-2.5585039000000003,1.5389921573972922,0,200,-7.827525218450003,-10.253617,2.631976,2.426425367234973,-8.435222,5.8875400627613725,0,200,2.1621436914700016,-4.4750624000000006,9.892542,3.481452128715964,1.5595230999999998,12.120508924540912,0,200,J
-4.638023565,-9.02614,-0.04309563,3.443971284060252,-4.1934442500000015,11.86093820543162,0,200,-5.535657691349999,-9.864410000000001,-0.8334815000000001,3.304173323836287,-6.2731075,10.917561353951335,0,200,4.418241862000001,3.2326212000000005,8.993071,1.037078861648122,4.06340925,1.0755325652773646,0,200,K
-3.5533903379999985,-8.0924015,-0.44771573,3.04753530072227,-1.6184803,9.287471409148377,0,200,-6.7445260555,-10.61619,-1.0705073999999999,3.198068771883966,-8.8708165,10.22764386969942,0,200,4.0268856390000005,2.6460418999999997,5.9260983,1.0820985543174917,3.8491282,1.1709372812560048,0,200,K
-2.67087565105,-7.860164,-0.3184288,3.0786720010327637,-0.6356605,9.47822128994308,0,200,-7.4965687430000045,-10.192416,-2.2915504,2.7523217841191285,-9.1904425,7.575275203336703,0,200,3.628418618999998,2.5502737,5.444864,1.0544921950862058,3.0219313999999997,1.1119537894977252,0,200,K
-3.6946841975,-7.8146744,-0.2896984,3.2789207355342334,-2.2421699,10.751321189916355,0,200,-6.259712166000004,-10.170867999999999,-1.4631565,3.3260761192698696,-8.570344500000001,11.062782351177315,0,200,4.356782685499997,2.660407,6.091298,1.1958511843808322,4.60928725,1.430060055185039,0,200,K
-3.4009664880000012,-7.9798740000000015,-0.2825158,3.277656038578956,-1.2906992,10.743029107233095,0,200,-6.721709308000003,-10.072706,-1.4463971000000002,3.2280987208174494,-9.070733,10.420621351343252,0,200,3.838120822500002,1.8867806,5.6244287,1.1863463266728431,3.6201825,1.4074176068101487,0,200,K
-3.9831795181499956,-7.9420160000000015,-0.37873277,3.169102663426586,-4.295646649999999,10.043211691337484,0,200,-5.911714977950001,-9.859622,-0.49350482,3.4957973197500447,-7.62343765,12.220598900771597,0,200,4.301297064499998,2.3392847000000003,6.1508536,1.3801125702445254,4.3168955,1.9047107065469504,0,200,K
-1.0754634369499996,-7.3240127999999975,-0.42392334,1.7400851374637998,-0.4794389,3.027896285622411,0,200,-8.809360378500006,-10.575338,-3.0407857999999997,1.4746067097330549,-9.2326405,2.174464948389746,0,200,2.9439642895,2.573318,5.673808999999999,0.6898999192517329,2.6981157000000002,0.4759618985835475,0,200,K
-2.9418184708500026,-8.097339999999999,-0.320823,3.3357392049292858,-0.42758946,11.127156043302262,0,200,-6.5971659501500035,-10.393379,-0.41434655,3.710052805466852,-9.178921,13.764491819352456,0,200,3.8070261235,2.4176947999999996,6.059275599999999,1.3658340812873349,2.8007672,1.8655027376060185,0,200,K
-3.2138087570499985,-7.9487495,-0.11492168,3.1822592096631848,-0.91219085,10.12677367748616,0,200,-6.090645618250001,-10.308235,-0.8535328999999999,3.058799242877026,-7.656657000000001,9.356252808225069,0,200,4.980998980499999,2.6433482,7.314436,1.1912019956923658,5.0602947999999985,1.4189621945414752,0,200,K
-3.181056076199996,-8.300697,-0.17956513,3.39618426293176,-0.45609543,11.53406754778534,0,200,-6.0408462564,-9.520543,-0.24061728,3.317744894148932,-8.2935145,11.007431182651308,0,200,4.874684427500001,3.9745245000000002,5.9712887000000014,0.4995870927706506,4.810101,0.2495872632630307,0,200,K
-0.32708985095000004,-3.2276830000000003,-0.1654992,0.3658014461625869,-0.257825585,0.13381069801463993,0,200,-8.696093820000002,-9.696218,-7.943662,0.14798988078542574,-8.681076,0.02190100481488453,0,200,4.148298695499999,3.9079356,5.0882773,0.15967109403005916,4.1445878500000015,0.025494858268755995,0,200,K
-2.8653805832000017,-8.186075,-0.43843818,3.170105216930185,-0.54857147,10.049567086407976,0,200,-6.62304425235,-10.081684,-0.24630349999999998,3.3463780021200864,-8.8366995,11.198245733073223,0,200,4.330536280999997,3.4626143,5.8759694000000025,0.8551107920155856,3.8181531000000004,0.7312144666215221,0,200,K
-2.670564416750001,-7.522881,-0.38097733,3.0065971401558613,-0.5342063,9.039626363193399,0,200,-6.4819778186299954,-9.478345,1.8917186000000001,3.79461102165164,-8.9216935,14.399072805640099,0,200,4.415087510499999,3.342904,6.4601545,1.191787732021988,3.57873295,1.4203579981981138,0,200,K
-3.9723487174499983,-8.689306,-0.06254852,3.2110665341618163,-3.40844535,10.31094828681398,0,200,-3.7714782174150003,-8.927679,2.1143794,3.674791195802632,-5.5410807,13.504090332748532,0,200,6.212480553000001,4.3026795,7.9708962,0.7992573539443681,6.0196218,0.6388123178341529,0,200,K
-0.37280114851,-3.8697782,-0.043544542,0.5035296754077967,-0.23627777,0.2535421340162811,0,200,-7.9081469889999925,-8.85286,-7.546673299999999,0.20806756393972567,-7.8962270000000006,0.04329211116381185,0,200,5.460443849999997,4.757578,6.0217165999999995,0.2283434531403094,5.4402249000000005,0.05214073259204068,0,200,K
-3.3183695522299974,-8.499865,-0.06269815599999999,3.3804937112591213,-1.32563955,11.427737731862464,0,200,-4.753418168325,-8.597728,2.3102549999999997,4.094688123079203,-7.7058880000000025,16.7664708252859,0,200,5.626481733999998,4.480449,7.8682446,0.4487011099907067,5.523124,0.20133268610689228,0,200,K
-2.37893865013,-7.9207673,-0.031573534,3.1620215746042404,-0.159887785,9.99838043826268,0,200,-4.7788565075000005,-8.085369,3.3948282999999995,4.073237519610797,-6.778134700000002,16.591263891165113,0,200,6.0822420119999965,4.912602400000001,10.349834,1.0201993057692622,5.5107041500000005,1.0408066234920843,0,200,K
-3.7868759232499993,-8.722675,-0.2976292,3.346266024136344,-2.14707515,11.19749630428925,0,200,-4.353897652799999,-8.180538,1.6476596999999995,3.6132896112129393,-6.836194000000001,13.055861814499352,0,200,5.984765038499996,4.6571712,7.154323599999999,0.6413706858507381,6.24213265,0.4113563566686462,0,200,K
-1.2238645921428568,-1.6956933999999997,-0.98222125,0.2460460184924205,-1.1366472,0.060538643215972535,0,14,-7.778141342857141,-7.9626660000000005,-7.572411,0.11503095109998553,-7.8022542,0.01323211971096726,0,14,5.6847968,5.4233155,5.9380692999999996,0.17923254019324905,5.6890721499999986,0.032124303464124634,0,14,K
-6.516717736399994,-8.834603999999997,0.1412579,2.556660998706355,-7.693767200000001,6.536515462306178,0,200,-4.501290742149998,-10.173263,-0.47674543,2.3925618553683754,-4.6199113500000015,5.7243522317637625,0,200,4.183095319999999,1.0491092,10.420014,1.791098964041841,4.1567831,3.208035498991757,0,200,L
-8.265023589999998,-8.913613,-7.6949644,0.2814188934018022,-8.257602,0.07919659356349491,0,200,-1.6257347778799984,-4.3673234,1.4721348,1.325903960234006,-1.9192519000000001,1.7580213117642212,0,200,4.821964093999997,3.8287773,5.5286610000000005,0.3244146952863097,4.824765,0.10524489451770913,0,200,L
-8.2780600925,-8.643068,-7.7332716,0.2302351489283074,-8.331821999999999,0.053008223802039886,0,200,-2.8089372650000013,-6.060023999999999,-1.2213421,1.048217355513304,-2.5680807,1.0987596243993047,0,200,4.2549573215,2.9285576,5.0019364,0.4459128129506612,4.12685565,0.19883823675357126,0,200,L
-8.473367089,-8.887277000000003,-7.6015906000000015,0.2933068206287172,-8.60835225,0.08602889102732647,0,200,-3.6004962805000003,-5.5883660000000015,-2.7129297,0.6926707319199681,-3.5293527,0.4797927428585442,0,200,3.1367214752000008,0.89827454,4.1112933,0.8095087983752629,3.4289457999999997,0.655304494646962,0,200,L
-7.905606069499997,-8.248025,-7.0437410000000025,0.22092930648109196,-7.94036985,0.048809758462216274,0,200,-3.543586117350001,-5.8493342,-0.19183542,1.8314562137992068,-3.6801872,3.354231863063726,0,200,3.854335518,1.8631378,5.9883475,1.5588312686776746,4.598513299999999,2.4299549242072485,0,200,L
-8.085087465000003,-8.714894000000001,-7.091625,0.27859666147834605,-8.064868500000001,0.07761609978688014,0,200,-2.201001604699999,-3.9315784,-0.78559744,0.4593589942821376,-2.1862054,0.21101068562789696,0,200,5.032713754500001,4.084957,5.6244287,0.2990212893744442,5.1132668,0.0894137314991551,0,200,L
-8.198321243499997,-8.9758625,-7.553706,0.31159479169509563,-8.051701,0.09709131421151004,0,200,-1.3628993212350002,-3.5652657,1.2877812,1.0472013058045726,-1.95516495,1.096630574878802,0,200,5.079173149999999,4.0873513,5.5980926,0.2772423090768573,5.186289799999999,0.07686329794226766,0,200,L
-8.77862784749999,-9.315839,-8.200141,0.24582163613133576,-8.840589999999997,0.06042827679028685,0,200,-1.01624285061,-2.3059156,0.22236149,0.6257377293820778,-0.9196726999999999,0.3915477059722384,0,200,4.17958782,3.0722096000000003,4.982783,0.4216249569220838,4.246565599999999,0.17776760429954896,0,200,L
-8.362419785000009,-8.9279785,-7.931989999999999,0.33674479764762266,-8.3868885,0.11339705874273835,0,200,-1.3170503430040004,-2.085649,0.76105684,0.7268236252199812,-1.7289130000000001,0.5282725821779157,0,200,4.854992081499998,3.9556699999999996,5.4352870000000015,0.4536692626186744,4.8127942,0.20581579984497175,0,200,L
-6.238379860999999,-9.004593,-1.7908629,2.6456199711605857,-8.2707695,6.9993050318037415,0,200,-1.80332469424,-5.9834094,0.73711485,1.2566469332847876,-1.6977881999999997,1.5791615149340616,0,200,6.364536297999997,3.4624646,9.356989,2.1763670032860736,4.9516583,4.736573332992403,0,200,L
-2.8199625759999987,-3.1986535,-2.4253263,0.2319725782875705,-2.8191724999999996,0.05381127707738303,0,200,-2.8796261075000014,-3.4407669999999997,-2.3346459999999998,0.3233107081468895,-2.9643209,0.10452981400244317,0,200,8.874461759999997,8.6507,9.052925,0.07519926748883038,8.880543,0.005654929830856662,0,200,L
-2.432496933999999,-2.542642,-2.0829554,0.07453935171575664,-2.4588451,0.005556114954205272,0,200,-3.3604656220000027,-3.9938278,-3.1821933,0.13866894022578094,-3.318663,0.019229074983341213,0,200,8.821502000000004,8.590844,8.96434,0.06519449776587534,8.823082000000003,0.004250322538944725,0,200,L
-7.731727278000001,-8.791509,-2.2720973,1.392682854732327,-8.109161499999999,1.9395655338653828,0,200,-1.92082013975,-7.5659766,3.267786,2.327647104118741,-1.4128783,5.4179410413123605,0,200,4.761235214900003,-0.782455,10.101586,1.6172252497290185,4.8726492,2.615417508361086,0,200,L
-8.243894835000003,-9.682152,-7.2951326000000005,0.3443139116384082,-8.203731999999999,0.11855206974774155,0,200,-0.3625419894960001,-4.5013986,2.0395606,1.606175737958544,-0.12120647,2.5798005012066736,0,200,5.027482399499998,3.8263830000000003,6.7018194000000015,0.6136695647970805,5.1240407,0.3765903347582381,0,200,L
-8.385667525000004,-9.078813,-6.586448700000001,0.7358476902869501,-8.662222,0.5414718233006389,0,200,-1.1254663329175003,-2.74166,0.62458736,0.7447025528287052,-0.9292495000000001,0.5545818921895905,0,200,4.756578470000004,3.371485,6.876596000000001,0.8899130975447466,4.460846900000001,0.7919453211816857,0,200,L
-8.604186269999998,-8.942344,-8.269572,0.06799174840105791,-8.602366,0.004622877850632761,0,200,-0.6591596396299996,-0.9555858,0.358831,0.2056149744318014,-0.6838438499999999,0.04227751771059035,0,200,4.648959156499998,3.5366847999999997,5.6723127,0.18627070639809928,4.654776999999998,0.0346967760620469,0,200,L
-7.690906134500003,-9.064447,-5.2744265,1.1194211194299195,-7.716512,1.2531036426257347,0,200,-1.2772108293565003,-8.5476,2.8583775,2.153367866941859,-0.95438865,4.636993170377731,0,200,5.035802254709999,-1.4193127,8.624364,2.0818505186246705,5.247341799999999,4.33410158189781,0,200,L
-8.012998086499998,-9.315839,-2.1811178,1.1204050090900552,-8.3437935,1.255307384394087,0,200,-3.3948582961500016,-6.0432644,-0.5892729,1.2778886297650192,-3.18698165,1.6329993500827182,0,200,3.1181663818000014,-2.1758804,9.661052999999999,2.737948061881122,3.2805052000000003,7.49635958955859,0,200,L
8.7218582973,-0.55335987,19.533394,2.8469876694447374,9.132383,8.105338789970377,0,200,-3.5977010586000007,-17.888727,6.0030117,2.727994009041332,-3.1416416500000004,7.4419513133654,0,200,-0.008140296305000268,-15.600918,8.226177999999999,3.5387554927076077,0.7921815,12.522790437168267,0,200,M
9.853549567499996,3.8663366000000003,19.533394,2.17785564267523,9.6351655,4.743055200332339,0,200,-1.8886241122250005,-11.534514999999999,5.718102,2.2962112224660447,-1.9744682,5.272585978179007,0,200,1.2148179421100005,-5.195717,8.053795,2.1885879320007358,1.0459669000000005,4.789917136099255,0,200,M
9.795588950500004,5.487211,17.237953,1.5800386758795482,9.584887,2.4965222172751957,0,200,-2.6650158415100007,-11.357345,6.879289599999999,2.240123412221469,-2.4150014000000004,5.018152901982758,0,200,1.2043672546050004,-3.6945523999999996,4.5678377,1.4537659587516074,1.5391723999999998,2.1134354628249805,0,200,M
9.733647944500001,5.219060400000001,19.533394,1.938656885201242,9.5382,3.7583905185381816,0,200,-2.3876715065649994,-10.222493,6.8385880000000006,2.357755289618808,-2.2617724000000003,5.55901000572547,0,200,1.085531048607499,-3.9794623999999996,7.199064999999999,1.9604750006020064,0.86879592,3.8434622279854365,0,200,M
9.974061700999997,3.4880525999999996,19.533394,2.1341475998426245,9.5597485,4.5545859779140345,0,200,-2.258935298500001,-13.591135000000001,4.1044097,1.9771392429940784,-2.1097406000000003,3.909079586187198,0,200,0.99233675405,-5.1334677000000015,5.5039706,1.7549751285914343,0.82330612,3.0799377019745218,0,200,M
9.885308667499997,4.6636057,19.533394,1.8347608166096223,9.62080025,3.3663472541660084,0,200,-2.4242668801,-18.561497,8.33257,2.5726150050708467,-2.4652796,6.6183479643156735,0,200,1.1277647689389996,-6.2012815,8.132804,1.9331815334464049,1.0962450499999998,3.7371908412581933,0,200,M
8.126339586850001,-3.5269585,17.089512,4.179586348701744,9.131186,17.468942046253968,0,200,-3.94166404247,-15.937451999999999,5.8809074999999975,3.0736948717754884,-3.6623805,9.447600164778937,0,200,1.349204503595,-6.7232175000000005,7.938874,2.6368488202295897,1.3117232,6.952971700746177,0,200,M
8.048312534399999,-8.79899,19.531599,5.224398794155945,9.319131,27.29434276037809,0,200,-2.6699957710250013,-14.165742999999999,6.0461073,3.7724153828319613,-2.5778071,14.23111782062721,0,200,1.4711890642425,-7.034464,6.722619,2.2436918151683445,1.3835493,5.03415296145342,0,200,M
10.052097750000009,2.1592708,19.533394,2.707635025243962,9.647136499999998,7.331287429927869,0,200,-3.0613160722000017,-15.477766,5.7468324,2.7827297984861743,-2.98123005,7.743585131382903,0,200,0.7538383465149998,-6.7256117,5.8415527,2.2426031211594646,1.0327988,5.029268759034172,0,200,M
9.898572502,1.1513118,19.533394,2.518534446206088,9.402927499999999,6.343015756726607,0,200,-2.6833913376000003,-15.997307999999999,5.8809074999999975,2.8271418446943253,-2.7513866,7.992731010021631,0,200,1.2012907054450004,-3.7855322,8.786421,1.8885062754773112,1.3284825999999996,3.5664559525171864,0,200,M
10.313116632300002,-19.692608,19.533394,6.147001474875222,10.437223,37.78562713211816,0,200,-3.5853080061900005,-19.837606,19.388395000000006,7.4911319056163235,-2.74540115,56.117057227342855,0,200,0.4502296353724999,-18.655918,19.371187,4.522062185643077,0.591068565,20.44904641082304,0,200,M
9.642572578499998,2.7051487,19.533394,3.3771682629425936,9.1252005,11.405265476226695,0,200,-3.1404324883435017,-12.477831,6.8074636,3.3880905606360368,-2.71307945,11.47915764707101,0,200,1.084166358705,-6.914753999999999,8.381801,2.523930087196395,1.0615291999999998,6.370223085055202,0,200,M
9.973274634,4.074632,15.8660755,1.6746041926389927,9.9523975,2.8042992020040933,0,200,-2.249813371890002,-8.084471,5.684583,2.085043871991847,-2.3599348,4.347407948130753,0,200,0.9146568795799996,-3.2228947,5.2238489999999995,1.7141384971755642,1.0435727,2.938270787499302,0,200,M
10.016382237000002,5.9397150000000005,18.277037,2.1504749928165365,9.756072999999999,4.624542694729286,0,200,-1.963622483395,-7.3781815,5.6654295999999995,1.9343572750749047,-2.0822072,3.741738067635212,0,200,0.8732730989399999,-4.6354737,5.71466,1.8368762574581217,1.1369466000000001,3.3741143852133573,0,200,M
9.803726231500002,3.9836524,19.533394,1.9374908679837035,9.580099,3.753870863520244,0,200,-2.236776952435001,-6.7628717000000025,9.749937,2.11540253948978,-2.4724622000000003,4.4749279040798084,0,200,1.0241796309200002,-4.9754505,6.878242,1.7435646724089566,0.99090025,3.040017766872552,0,200,M
9.597887728499996,4.048296,18.686445000000006,1.909667661054252,9.46757125,3.6468305756764163,0,200,-2.5617419535349994,-10.227282,2.694225,2.1221977078604377,-2.5335142999999998,4.503723111248097,0,200,0.9694721218299996,-4.4750624000000006,5.989993599999999,1.5866477472223899,0.9956886,2.5174510737658857,0,200,M
9.292351707,0.8855552999999999,14.910789000000001,2.319814299201426,9.503484,5.381538382779403,0,200,-2.3662553820600007,-9.841814999999999,4.710143,2.2991176386409578,-2.3743,5.285941916309974,0,200,1.601182239475,-2.5333647999999998,9.686641,2.004893657962064,1.3224970999999996,4.019598579736506,0,200,M
9.853049816,6.3179989999999995,16.577154,1.534674874712854,9.630377000000001,2.3552269710749143,0,200,-2.7497107221249992,-9.530569,8.756344,2.000197479124641,-2.6268882999999996,4.000789955496568,0,200,0.8579621769149998,-2.5381532000000004,8.784027,1.3448203278475142,0.9083003,1.8085417141918951,0,200,M
3.7623503293000033,-13.067852,19.533394,6.271070227940606,4.1979334,39.32632180376304,0,200,-5.136646015374998,-19.837606,13.628544,5.784992189536207,-5.649568,33.46613463299493,0,200,1.598536627235,-19.854815,19.371187,7.080852524548369,2.0347722,50.13847247440302,0,200,O
-0.17703627484499987,-12.296919,19.533394,5.11380882985899,-0.48153381,26.151040748343767,0,200,-3.9200084605750014,-19.837606,16.67397,5.865913611473787,-4.402188800000001,34.40894249727345,0,200,4.898399016099996,-19.854815,19.371187,8.056680189305737,7.7664909,64.91009567275152,0,200,O
0.5356098515299998,-11.827656,19.533394,5.778156268779767,2.1401171000000003,33.38708986643892,0,200,-3.89792493913,-19.837606,19.388395000000006,6.392315048453058,-4.7673045,40.86169167867943,0,200,4.1897632120249995,-19.854815,19.371187,8.25549678164439,6.915352200000001,68.15322711174089,0,200,O
0.8573696050799997,-12.756606,19.533394,6.866524412766164,0.8161235200000001,47.14915751111374,0,200,-3.6797623031500013,-19.837606,12.776209,6.068434477732175,-4.475211799999999,36.825897010528564,0,200,2.8985702412500016,-19.854815,19.371187,7.890589183954238,5.845144000000001,62.26139766993562,0,200,O
4.726306830900001,-14.212279999999998,19.533394,6.802769023959082,5.616498,46.27766639333721,0,200,-5.345204889550002,-19.837606,14.899865,6.664537466483176,-5.21382315,44.416059642157975,0,200,1.2787760824349996,-19.854815,19.371187,7.565367876165137,2.8320412999999998,57.23479110171138,0,200,O
2.335208606225,-9.330503,19.533394,7.146709762928668,1.1225813999999998,51.075460435539924,0,200,-4.1361240417969976,-19.837606,19.388395000000006,6.8903898376532755,-4.536264,47.47747211483552,0,200,0.7388745867999993,-19.854815,19.371187,8.122270808076253,3.3084875,65.97128307972766,0,200,O
3.4945768193699984,-9.184457,19.533394,7.111130462033433,3.4988265,50.568176448059816,0,200,-4.8205664602250025,-19.837606,19.388395000000006,6.216369672407082,-5.443666500000001,38.64325190402255,0,200,1.7186747522500008,-19.854815,19.371187,8.001391985804759,3.2785599000000003,64.02227371050064,0,200,O
5.208636683320002,-14.367904000000001,19.533394,7.979918705646102,5.93971485,63.67910254872058,0,200,-3.850887809100002,-19.837606,17.298855,7.524437320435146,-4.1352351,56.61715698915724,0,200,0.13282136714999976,-19.854815,19.371187,8.025824980639133,1.84203895,64.41386661985113,0,200,O
6.2502999512600015,-10.623372,19.533394,7.378705628625702,8.326735000000001,54.44529675391262,0,200,-3.269985714999999,-19.837606,19.388395000000006,6.6761610262489945,-3.52231955,44.57112604840603,0,200,1.7445859537500008,-19.854815,19.371187,6.5370861050672975,2.5722704,42.73349474506393,0,200,O
5.837752111525003,-12.294525,19.533394,7.407084690540882,6.09294425,54.864903612845104,0,200,-3.6800315971250006,-19.837606,19.388395000000006,7.845679305657535,-3.2673371,61.554683767222926,0,200,-0.4797321304765,-19.854815,19.371187,8.751223925203721,1.3296796999999998,76.58392018905803,0,200,O
7.006101579915004,-7.783849000000001,19.533394,6.28762190504948,8.938452499999999,39.53418922085806,0,200,-2.8777914959250017,-19.837606,19.388395000000006,6.139932911705412,-3.36909075,37.6987761602433,0,200,1.15741098715,-19.854815,19.371187,7.013804864685541,2.020407,49.19345867988657,0,200,O
6.449111477475004,-13.2546,19.533394,7.1755804901485964,7.203853499999999,51.48895537060116,0,200,-4.539178896905001,-19.837606,19.388395000000006,7.1404547432213725,-3.9688383000000003,50.98609393999259,0,200,-0.3100610575,-19.854815,19.371187,8.114126917264638,1.3057377000000001,65.83905562947855,0,200,O
7.2372856811050035,-19.692608,19.533394,7.150459639704216,8.18667375,51.12907305903894,0,200,-3.3124946970000013,-19.837606,19.388395000000006,7.318105165868538,-3.58337175,53.554663218711774,0,200,0.05255875582,-19.854815,19.371187,7.958126296568197,1.165677,63.33177415213026,0,200,O
5.131438656199997,-13.98962,19.533394,7.547579864227363,4.7342346000000015,56.96596180689034,0,200,-3.4678066157450025,-19.837606,19.388395000000006,7.450625182066844,-4.171148299999999,55.51181560364859,0,200,1.2748495784499996,-19.854815,19.371187,7.511194404112643,1.70556945,56.4180413763731,0,200,O
4.790555207259998,-13.003209,19.533394,8.078611901827841,6.189908999999999,65.26397026035445,0,200,-3.3235080242700006,-19.837606,19.388395000000006,7.448145022287173,-3.4157777,55.474864273021204,0,200,1.8968033008150005,-19.854815,19.371187,6.9444233256455865,1.8959085,48.225015325770514,0,200,O
7.156499321450004,-7.6737156,19.533394,7.1532429244034565,8.172308000000001,51.16888433552815,0,200,-4.101491923949999,-19.837606,19.388395000000006,7.656099909056585,-3.7234325,58.615865817456246,0,200,0.7653006061,-19.854815,19.371187,6.387097543756656,1.5607202,40.79501503346231,0,200,O
8.17112009343,-14.995185000000001,19.533394,7.162894494999773,9.0378115,51.30705754649807,0,200,-2.1635532767299988,-19.837606,19.388395000000006,6.636858733607499,-3.4504936000000006,44.047893849862135,0,200,-0.09795870676000007,-19.854815,19.371187,8.112706405896182,0.99329445,65.81600522826893,0,200,O
6.1887600247300005,-19.692608,19.533394,7.0933925526032064,7.777264849999999,50.31621790532663,0,200,-4.338721383871501,-19.837606,19.388395000000006,6.588914021652631,-4.344728000000001,43.41378798473065,0,200,0.6458239799849995,-19.854815,19.371187,7.498687111160513,1.81211145,56.23030839108478,0,200,O
-3.9746741107692314,-11.968914,4.5008,5.543780435367903,-3.1726165,30.73350151556794,0,13,1.1659877384615382,-8.436419,6.929568,5.1501855369396585,4.209755,26.524411064902434,0,13,4.56802171,0.42108023,9.782409,3.0200244437774977,5.422567400000001,9.120547641013587,0,13,O
5.9544514868850005,-7.1709331999999995,19.533394,6.42199949780056,4.837185099999999,41.24207754975063,0,200,-5.042541904550002,-19.837606,10.563966,6.303177365908426,-5.3730376500000006,39.73004490610029,0,200,1.4639107045,-17.343897,19.371187,8.0850825838518,2.21314025,65.36856038770371,0,200,P
4.531400837545002,-6.196493,19.533394,5.872439646716648,3.6257192000000003,34.48554740432957,0,200,-4.908254124109998,-19.837606,19.388395000000006,6.608537717336255,-5.006724500000002,43.67277076145589,0,200,6.164626442284999,-9.531616,19.371187,6.744331593657633,7.388206999999999,45.486008645208514,0,200,P
5.318763984575001,-5.5452704000000015,19.533394,5.715357477913112,3.9333742,32.66531110033732,0,200,-4.516870995495001,-19.614946,15.630096,6.022493630257378,-4.57576815,36.27042952649069,0,200,2.741229271099999,-16.663942000000002,19.371187,8.262276060972292,4.4146085,68.26520570771582,0,200,P
6.085061170230002,-6.057629599999999,19.533394,6.395454404838602,4.32602315,40.90183704436946,0,200,-4.492701513400002,-19.837606,15.522357999999999,6.498128931373785,-4.508730750000002,42.22567960875699,0,200,3.38261795237,-19.854815,19.371187,7.166175737195998,4.038719,51.35407469637663,0,200,P
7.6354414306300065,-6.3185980000000015,19.533394,6.789805097705286,7.243357900000001,46.101453264824684,0,200,-4.105942184650002,-19.837606,18.25893,7.01402918145736,-4.5230959,49.19660535833541,0,200,3.9755629615000023,-19.854815,19.371187,8.687371874743535,4.1919479000000015,75.470430090085,0,200,P
5.814211107395001,-9.648932,19.533394,6.341123865332213,4.44812725,40.209851875485725,0,200,-4.536880498929999,-19.837606,19.388395000000006,5.9782602421160105,-4.524293,35.73959552246497,0,200,5.16343115823,-14.650419,19.371187,6.679598331119204,5.9313354999999985,44.617033865090455,0,200,P
5.502722453225002,-6.16058,19.533394,6.44402867310263,3.8423945,41.52550553976885,0,200,-4.7507725000050005,-19.837606,15.807267999999999,6.026278404865152,-4.870255200000001,36.31603141294407,0,200,3.8448724615349983,-18.653523999999997,19.371187,7.545968566729226,4.456507,56.941641610065524,0,200,P
6.2346449192349995,-6.5939307000000005,19.533394,6.2752670011982845,5.5374894999999995,39.37897593632809,0,200,-4.1699272132,-19.837606,16.592566,6.852121584246546,-4.465635099999999,46.951570205297394,0,200,0.04639359879999985,-19.854815,19.371187,8.910414266805361,0.30855274,79.39548240608853,0,200,P
6.91203938398,-4.4870334000000005,19.533394,6.265862491430421,5.6021327,39.26103276151464,0,200,-4.699288219609997,-19.837606,19.388395000000006,6.1291346460904785,-5.44127235,37.566291509906655,0,200,2.2168003186300003,-19.854815,18.514063,7.13535835067662,3.3791163999999996,50.913338792570585,0,200,P
5.060899484490002,-9.5795,19.533394,7.073127453253655,4.069843799999999,50.02913196997054,0,200,-4.648938139639997,-17.306936,19.388395000000006,6.618320126522483,-6.0865095,43.80216129713258,0,200,1.3007129167000002,-19.854815,19.371187,8.269479179594068,1.1812392000000005,68.38428590173977,0,200,P
6.121303415375,-5.8038440000000024,19.533394,6.6481964518473875,4.891055000000001,44.19851606235618,0,200,-5.174597071800004,-19.837606,19.388395000000006,6.591801525674178,-6.03264,43.45184735388043,0,200,2.7729643974949996,-17.477972,18.719963,6.463812551883452,2.66444725,41.78087270588606,0,200,P
5.034964271048501,-4.8916535,19.533394,6.479657744095662,3.446154,41.98596448061889,0,200,-5.627481306300001,-19.837606,14.648473999999998,6.501446367962451,-5.5119012000000005,42.26880487549215,0,200,2.102049229485,-14.197915,19.249083,7.0384311994055135,2.21553435,49.53951374876493,0,200,P
4.419271366117502,-7.1661449999999975,19.533394,5.991425317967333,3.3767222,35.897177340779955,0,200,-5.585594781900002,-19.837606,8.030901,5.5849138581407445,-6.3175502,31.19126280285253,0,200,4.5708542546499995,-14.976030999999999,19.371187,6.283666681836637,4.411017249999999,39.48446696842385,0,200,P
4.183610109085,-4.182969600000002,19.533394,5.066547312029637,3.1540616000000004,25.669901665034732,0,200,-6.4128033833,-19.837606,6.8385880000000006,5.703195945490164,-7.167491900000001,32.526443992655445,0,200,4.598315759179999,-15.306431,19.371187,6.262722523221843,5.0299185,39.22169340287015,0,200,P
4.800179918832502,-11.135732,19.533394,6.3214611120225195,3.8328176,39.960870590812995,0,200,-6.148483530785004,-19.837606,7.669376400000001,5.985558862357527,-6.0984805,35.826914894746736,0,200,2.038088155005,-17.700632000000006,19.371187,7.5924739091031315,2.30052865,57.64566006041178,0,200,P
4.5583565299299975,-7.2355766,19.533394,5.447706276990425,3.4916439,29.677503680360893,0,200,-5.372043883950002,-19.837606,16.307655,7.008050114951238,-5.981164700000001,49.11276641366806,0,200,1.4924884851650009,-19.854815,19.371187,8.145495840897652,1.783381,66.34910249408095,0,200,P
3.0408037614500008,-7.8915880000000005,19.533394,5.849774581295719,2.49924735,34.21986265197352,0,200,-5.6833140524950005,-19.837606,10.5089,5.778928516840904,-6.043413900000001,33.39601480275701,0,200,5.803054100550001,-6.9339075,19.371187,6.2511097942738925,5.748179,39.07637366006698,0,200,P
2.7346362155999997,-5.102343,19.533394,4.735300938885737,1.81689985,22.423074981812128,0,200,-5.287468748225001,-17.203985,6.3836900000000005,5.022252030041172,-6.1367875000000005,25.22301545325268,0,200,3.9248268563800033,-17.588104,19.371187,7.4403056989303265,5.234622700000001,55.3581488935351,0,200,P
0.08198943705149997,-1.079785,0.60333884,0.1942913817848555,0.096965167,0.03774914103586848,0,200,-9.256378826,-11.121366499999999,-6.0217165999999995,0.5912948189478757,-9.25987425,0.3496295629146011,0,200,2.727803777405002,-0.45444942,4.1855135,0.8199215477628282,2.8722939500000004,0.6722713444857918,0,200,Q
0.11104307479100002,-0.79008657,0.92176765,0.18674889855014398,0.11611878,0.03487515110969198,0,200,-9.194225243000004,-12.340014,-7.549217,0.4470626953888711,-9.225158,0.19986505360836254,0,200,3.0509970585,1.3196541000000002,5.770475,0.4477838148195235,3.0147487999999996,0.2005103448143253,0,200,Q
-0.02075772896050001,-1.067814,0.5770026,0.16879211437968852,-0.017956513,0.02849077787676585,0,200,-8.996248754499998,-11.219528,-6.289867,0.5298759439777699,-8.9318685,0.2807685160063329,0,200,3.632835976099998,0.42422262,6.2229790000000005,0.5428365837232049,3.632453,0.29467155662828004,0,200,Q
0.0103908349905,-0.7134720999999999,0.6344634,0.1738683899309688,0.011971008,0.03023021701718741,0,200,-8.7078073875,-11.846809,-6.905177,0.5469495847020652,-8.6768865,0.29915384820576163,0,200,4.257100116999999,2.030732,6.04102,0.4371846703881955,4.268113400000002,0.19113043602243515,0,200,Q
-0.009097966894999986,-0.5506664000000001,0.50996494,0.1695530313647486,0.00119710085,0.028748230444975414,0,200,-8.637633309,-10.369587,-6.9841857,0.5854585641170383,-8.6565355,0.3427617302979843,0,200,4.398812913499999,3.5247138,5.557391,0.3546823182178127,4.410568,0.12579954685636174,0,200,Q
-0.028826188537,-0.39264908,0.39025488,0.1504081127893053,-0.023942017500000003,0.022622600392840385,0,200,-8.648921929,-9.857227,-6.9363017000000005,0.4603050528088575,-8.685266,0.21188074164136508,0,200,4.391953548499998,2.8567317,5.593304,0.3681366582653461,4.418948,0.13552459915877627,0,200,Q
-0.05043385899700003,-0.48362875,0.30885202,0.14767183518490734,-0.050278235,0.021806970906878442,0,200,-8.625781954499999,-10.290578,-7.0919247,0.4772510332367454,-8.607453999999999,0.22776854872554106,0,200,4.423425322500002,2.3587375,5.818359,0.389220439455973,4.4009914000000006,0.15149255049030075,0,200,Q
-0.121397997125,-0.38307226,0.16998832,0.11608080300718047,-0.1149216825,0.013474752826791841,0,200,-8.596093849499999,-10.048764,-7.415141999999999,0.3914051950460654,-8.596680500000002,0.15319802670904853,0,200,4.478288444500001,3.704279,5.5262666,0.2992562444999754,4.4859860000000005,0.08955429987222906,0,200,Q
-0.11775880995550005,-0.7613561,0.30166942,0.149840015368437,-0.10534488,0.022452030205613437,0,200,-8.555057294500003,-10.388741,-6.632238,0.4796720864224864,-8.53922,0.2300853104929013,0,200,4.584926195000001,2.9357402,5.9907417,0.4126927074010872,4.561403299999999,0.17031527074203934,0,200,Q
-0.1365772357935,-1.4580688,0.22505496,0.21720111887506588,-0.11611878,0.0471763260405805,0,200,-8.633934210999996,-11.365575,-6.057629599999999,0.6261562369905911,-8.577527,0.3920716331222173,0,200,4.4093833235,1.925387,5.250933,0.4189191205756693,4.463241,0.1754932295838922,0,200,Q
-0.08325836459499998,-0.79487497,0.29448682,0.14679229085234674,-0.08379706,0.021547976653679968,0,200,-8.630522509499999,-10.391134,-6.8405337,0.4565619110877172,-8.626608500000001,0.20844877865606865,0,200,4.371806317500001,2.8447603999999997,5.5119014,0.3443691521683746,4.369866799999999,0.11859011296516515,0,200,Q
-0.006272808674999999,-0.6440403,0.4381389,0.15554832591598258,0.0023942017,0.024195281695264737,0,200,-8.734837919500002,-11.09503,-7.2068460000000005,0.5307903083393689,-8.693646000000001,0.28173835142700226,0,200,4.218278127000001,2.9453169999999997,5.6459765,0.4817549333345098,4.283675700000001,0.232087815792138,0,200,Q
-0.04247313841300002,-0.61530983,0.30645782,0.13439958164027954,-0.04189853,0.01806324754508217,0,200,-8.8377286875,-10.350433,-7.762301,0.3859102079043421,-8.84208625,0.14892668856477256,0,200,3.9719267654999992,2.7274446,4.740968,0.2934644425227708,3.96883815,0.08612137902520066,0,200,Q
0.014784195804499991,-1.6735470000000001,0.9528923,0.18887339454506566,0.031124622,0.035673159166976026,0,200,-8.907292143999998,-11.856386,-6.7327943,0.4813806857281511,-8.917503250000003,0.2317273645921049,0,200,3.8278317265,0.9293992,5.344307,0.3894989366315965,3.8383543,0.15170942163714438,0,200,Q
0.13402741150800007,-1.4580688,1.6927006000000002,0.2193614376330467,0.142455,0.04811944032043704,0,200,-9.0816379915,-12.744635,-4.702511299999999,0.6054279650325995,-9.110236500000001,0.36654302084351453,0,200,3.3238163575725017,-1.6898575,6.4743705,0.7556251607903957,3.3236008000000004,0.5709693836195113,0,200,Q
0.15878345699500002,-1.1252748,0.60812724,0.1789473103741608,0.17357962,0.03202213989014624,0,200,-9.157785550500002,-10.879552,-6.996156699999999,0.4474202768275566,-9.177274,0.20018490411644732,0,200,3.1378347704500005,-0.8447043,3.9844004999999996,0.5480456375566382,3.2386067,0.300354020844862,0,200,Q
0.15477316879800004,-0.8762778,0.842759,0.2095916272320332,0.16160861,0.043928650205771545,0,200,-8.991580102000002,-13.601759,-6.869264,0.6679839526532046,-8.973767500000001,0.4462025610021987,0,200,3.614927346999997,1.0945991000000002,6.16073,0.6770017818896588,3.70787025,0.4583314126817731,0,200,Q
0.2583104195799999,-0.46686932,0.79966336,0.17698951682936356,0.260967985,0.03132528906749156,0,200,-9.240624998000005,-11.078271,-7.573158999999999,0.5259643171300361,-9.243115,0.27663846289406524,0,200,2.896044328150001,0.10339958,4.2238207,0.5506602452146367,2.9668647999999997,0.3032267056598439,0,200,Q
-4.76344384665,-9.13388,2.9257145,2.32859293229764,-4.63876565,5.422345044346521,0,200,-2.3057838334999987,-7.486967999999999,2.458546,1.9518849955908844,-2.3968952,3.8098550360128263,0,200,7.6605416114999985,2.018761,18.335245,3.1796098928335965,7.35423915,10.109919070605276,0,200,R
-7.026862241149996,-8.762777999999999,0.22266077,1.3335470029791152,-7.490259799999999,1.7783476091545805,0,200,-0.33844435837549985,-7.738359,3.4545337999999997,1.8073176928861765,-0.043394905,3.266397243019412,0,200,6.661908155,1.3268367,19.49404,3.812169399811879,5.38022,14.53263553286206,0,200,R
-6.142312509400004,-9.222465,-0.04070143,1.7362675847217277,-6.655881,3.0146251257554217,0,200,-1.9096392329050005,-7.932289599999999,1.2997522,1.5785719437636063,-1.5661072,2.491889381637611,0,200,7.253156261500001,2.6580129,16.168492999999998,2.4671513921375072,6.7652658,6.086835991726041,0,200,R
-5.939954551600003,-9.109938,0.16280572,1.794443525747263,-6.4356141,3.2200275670962686,0,200,-2.0051439224499994,-7.5300636,1.2255319,1.5530572683711883,-1.6104000000000005,2.4119868788405765,0,200,7.4153753500000015,1.2071266,15.950621,2.5966610041605733,6.7042137,6.742648370528196,0,200,R
-5.8426661715999995,-9.124303,1.1061212,1.6915049159260969,-6.347028649999999,2.861188880602152,0,200,-1.9500174297499997,-6.8860235,1.0746973,1.3721232580800409,-1.63434195,1.8827222353641857,0,200,7.5623314650000015,3.134459,18.847604999999998,2.661794589057661,6.793996099999998,7.085150434336642,0,200,R
-5.7258530973,-9.066842,-0.7637503000000001,1.635054076629244,-6.2464724,2.6734018335019103,0,200,-2.3718159200000004,-7.2092404000000005,1.1225813999999998,1.419696397214367,-2.1167736,2.015537860263453,0,200,7.454580450999999,2.9429228,14.918719,2.344117328741706,6.9041297,5.494886050907152,0,200,R
-5.729025362350002,-9.038112,1.3742718,1.9350683431675741,-6.28597665,3.7444894927292993,0,200,-2.73945754615,-7.7527240000000015,-0.25887305,1.4876074566809736,-2.3861213,2.212975945172835,0,200,7.418404042000003,3.4624646,17.992874,2.9036279630406714,6.51148065,8.431055347751718,0,200,R
-5.802611164,-8.779537,-0.6967127,1.4555581730429832,-6.2213333,2.1186495951122257,0,200,-2.44505454475,-6.6729392999999995,-0.1678934,1.1736276626167872,-2.2101474,1.3774018904593428,0,200,7.367227989000001,2.1552305,14.298620999999999,2.160860552365234,6.8490628000000005,4.669318326768184,0,200,R
-5.723961659175,-8.990228,-0.050278235,1.46498716967776,-6.1315505,2.146187407320454,0,200,-2.3050775495750013,-6.359299,0.3564368,1.346181792623409,-2.0281881,1.812205418790775,0,200,7.5002857419999955,2.0115783,16.257078,2.142094447834825,6.981941300000001,4.588568623444784,0,200,R
-5.664765014000003,-8.6813755,-1.0749966,1.5248133899957492,-6.11718515,2.325055874310329,0,200,-1.8457379632050008,-9.103054,2.994847,1.7127590043323586,-1.73130705,2.9335434069215727,0,200,7.7134893955000035,3.9245455000000002,17.435026,2.2214681061363706,7.0453875,4.934920546581114,0,200,R
-5.286133996449999,-8.774749,0.61770403,1.5365925284607704,-5.6491190000000016,2.361116598521464,0,200,-1.2375508840800002,-7.2355766,2.2861632999999997,1.8877197378821249,-1.0094553,3.5634858087897583,0,200,8.041399257,4.264522,18.031181,3.1545694390594274,7.001094999999999,9.95130834584771,0,200,R
-5.847574291250004,-8.494628,-0.50038815,1.552263046100123,-6.2967505,2.4095205642880333,0,200,-1.610172481365,-8.538022999999999,2.0730793000000003,1.784377694462451,-1.3673885,3.1840037564951325,0,200,7.581772380500004,3.0937574,17.514034,2.5349353711569718,7.005883299999999,6.4258973359427305,0,200,R
-5.9167786894999965,-8.798691,-0.5722142,1.3379863661870048,-6.3039331500000015,1.790207516102306,0,200,-2.0562840687050006,-6.5939307000000005,2.4250271,1.6156386452891356,-1.6953939999999998,2.6102882321517127,0,200,7.527783148000003,1.8727146000000001,15.0097,2.0144543394192302,7.1112280000000005,4.058026285604967,0,200,R
-5.90909329765,-8.995016,-0.04309563,1.5328828931834118,-6.34343735,2.3497299642143465,0,200,-1.905533167175001,-6.500557,2.343624,1.4111361232200832,-1.6894085,1.991305158256606,0,200,7.583436343,3.8144120000000004,15.5460005,2.434097631249483,7.014262799999999,5.924831278454344,0,200,R
-5.843168964799999,-9.193734,1.6567876,1.8283010584611183,-6.4631474,3.3426847603700467,0,200,-1.7194558024199993,-7.5611880000000005,1.1728595,1.5584987138525273,-1.385345,2.4289182410799817,0,200,7.669292428500003,3.800047,18.095825,2.9532082132201256,6.6790745000000005,8.721438750630806,0,200,R
-5.857725709300003,-9.200917,-0.79966336,1.761284198973594,-6.420051750000002,3.1021220295540552,0,200,-1.1977113710649998,-6.728006,2.7171197,1.6393246751377106,-0.9256582,2.6873853905153604,0,200,7.775415371999997,3.8479311000000003,17.8995,2.9521847193143067,6.8239235,8.715394616952892,0,200,R
-5.840702938949995,-10.278308,0.19632454,1.65398412507527,-6.2057709999999995,2.7356634860010063,0,200,-1.2618999223450005,-9.304167,1.6445173,1.4994990081513873,-1.0082582,2.248497275446994,0,200,7.784764781000002,4.1759367,16.846052,2.432277435337025,7.047781799999999,5.915973522449657,0,200,R
-6.255007558999998,-9.991004,1.9297266,1.8356615370036955,-6.591237149999999,3.369653278434769,0,200,-1.0008720777714997,-9.256283,3.7131076000000003,1.903728812509904,-0.58448448,3.624183391580368,0,200,7.238671311749996,0.79532385,16.64015,3.1688070656115315,6.35466,10.041338219069567,0,200,R
-2.111733770949999,-12.89517,11.671733,5.124100980533925,-2.26491475,26.25641085870873,0,200,-6.3404206788499975,-14.243405,3.2725744,3.386773605795748,-6.72202035,11.47023545691473,0,200,3.2027176605000003,-4.8932996,10.551696000000002,4.073673567253793,4.1136875,16.59481633254224,0,200,S
3.3591967023270013,-11.836933,16.876728,5.652940694933496,4.367024000000002,31.95573850043519,0,200,-4.465401646001503,-18.612823000000002,6.3587003,4.591038167050762,-4.157830499999998,21.077631451316808,0,200,4.002680271400002,-14.551509,16.73113,4.915473392867906,4.817582499999999,24.161878675992323,0,200,S
1.50494731178,-11.123461,13.879188000000001,5.856794316380419,2.1883004,34.302039664385966,0,200,-3.430112890005,-12.605771,5.5542489999999995,3.362673499555272,-2.8745384,11.3075730646113,0,200,6.27279051335,-0.8854056999999999,16.1661,3.000465291622288,6.347477400000002,9.002791966230019,0,200,S
3.0326993669199998,-7.386112,16.373945000000006,5.552166312965463,3.9276879,30.826550766828518,0,200,-3.8192664750700014,-16.106094,4.349965,3.886207165342633,-3.3928830999999997,15.102606131960425,0,200,5.611057106705504,-5.80549,14.624232999999998,3.0235342910883016,5.735759,9.141759609386837,0,200,S
2.6102903637800012,-9.500193,11.374852,5.073651784865782,3.7337575,25.74194243407173,0,200,-3.0533493956899997,-13.881881,7.780856,4.245294320113458,-2.83144285,18.022523864387587,0,200,6.6434009361249995,-1.4959271,14.24116,2.9924571020583963,7.09806,8.954799507659734,0,200,S
3.246178387550001,-9.509769,12.533646000000001,5.3664997685876825,4.51067585,28.79931976625165,0,200,-4.3699567924950005,-16.065393,6.116886,4.441093421003448,-4.102763800000001,19.723310774080094,0,200,4.026430767665,-6.303484,19.49404,4.404151177977048,4.3148003500000005,19.396547598476612,0,200,S
3.9379470504049987,-6.2584434,15.557523000000002,4.948031103949406,4.54539175,24.48301180565077,0,200,-4.621731061905001,-12.90744,8.345888,3.8329527575621305,-4.9287636500000005,14.69152684170314,0,200,4.941889691399999,-2.2979846,13.709648000000001,3.026964067498188,5.1072812999999995,9.162511465925174,0,200,S
2.049544370649999,-10.206482000000001,11.628637,5.542280092140776,2.4971523,30.716868619739962,0,200,-3.9942227562000014,-16.338331,7.7640967000000005,4.5057383236614195,-3.6155437999999993,20.301677841311225,0,200,5.378532235499998,-5.4152355000000005,19.304897,3.8229565341017513,5.76808075,14.614996661631274,0,200,S
2.547921417455,-10.134656,16.888699,5.124921084702162,3.0214825000000003,26.264816124424787,0,200,-5.880949470214998,-19.874567000000006,2.5830443,3.1464237458858437,-6.0324905,9.899982388674305,0,200,4.103990918575002,-5.5804352999999995,13.455862,3.8722054350225408,4.8307506999999985,14.993974931018105,0,200,S
4.177139772265002,-4.9105077,18.186356,4.7555483384110095,4.7297456,22.615239998963727,0,200,-4.187961544695002,-14.073417000000001,4.057873000000002,3.4270539319276105,-3.8717233999999996,11.744698652340492,0,200,5.912175829174999,-3.0377932,11.049689,2.376590095818881,5.9536316,5.648180483544401,0,200,S
2.824224263675001,-3.6056678,15.959748000000001,4.4754455170275005,2.0254946,20.02961257588155,0,200,-5.040441017980003,-19.874567000000006,5.31004,3.631233030432712,-5.041290999999998,13.185853321305533,0,200,4.974474766585001,-8.58037,13.1972885,4.451686277942172,5.844695099999999,19.817510717218628,0,200,S
3.672860999349999,-5.959168,14.255076999999998,4.835483665588622,4.59567,23.381902280174376,0,200,-4.755207819211501,-19.41967,2.0299838,3.2331147927807016,-4.285920099999999,10.453031263297401,0,200,6.013737843499997,-3.2724247,12.407202,2.3494459116109336,6.007501,5.519896091585331,0,200,S
4.0573698105970015,-2.705448,17.226282,4.234600055926456,3.9875429,17.931837633652343,0,200,-4.951137276425002,-12.759,5.8726773,3.5022353205703567,-5.10593435,12.265652240650546,0,200,3.6655407678999983,-9.684097,13.391219,5.053047293225469,4.7565305,25.533286947573238,0,200,S
1.6005597450200006,-9.085996000000002,13.704410999999999,4.41618877169269,1.04506905,19.502723267224592,0,200,-4.870704098224998,-19.874567000000006,6.3874307,4.7522222431307375,-4.442740700000001,22.583616248106534,0,200,5.7631008599500015,-5.757606,16.40073,3.435405160282776,6.06975025,11.802008615297527,0,200,S
1.5790927317249994,-9.11712,19.536087,5.443833385817069,0.5219359699999999,29.63532193253653,0,200,-5.2564339267000015,-12.423812,3.1576529,3.2693422265059535,-4.9132013,10.688598594014907,0,200,5.535352438830002,-3.04737,12.543672,2.9038473161142617,5.452046299999999,8.432329235304001,0,200,S
3.0148865117049986,-8.542512,14.45619,4.953773739113566,3.110068,24.539874258331213,0,200,-4.638933383070004,-18.699015,4.54629,3.9382382378139,-4.5600564499999985,15.509720417779537,0,200,5.692519813895003,-1.5318402,12.689718,3.008881053136471,5.379022750000002,9.053365191923636,0,200,S
0.8103893891749999,-7.369353,13.804967000000001,5.4218994001478125,-0.7302314999999999,29.396993105323208,0,200,-4.570650762749999,-15.430929,4.1416698,4.05536144541227,-4.319439,16.445956452936294,0,200,5.581776003034999,-5.3649572999999995,18.088642,3.513089180030573,6.1224227,12.341795586847885,0,200,S
2.6133190315064985,-6.4404025,13.718776,4.97609462679996,1.68551795,24.76151773486743,0,200,-4.96254567367,-14.662391,8.918102000000003,3.4604739758716336,-5.068824299999998,11.974880137684831,0,200,5.367662536800002,-11.42947,15.632192000000002,3.3075122295244657,5.84828635,10.939637148453901,0,200,S
