x_accel_mean,x_accel_min,x_accel_max,x_accel_std,x_accel_median,x_accel_variance,x_accel_zero_crossing,x_accel_mean_crossing,y_accel_mean,y_accel_min,y_accel_max,y_accel_std,y_accel_median,y_accel_variance,y_accel_zero_crossing,y_accel_mean_crossing,z_accel_mean,z_accel_min,z_accel_max,z_accel_std,z_accel_median,z_accel_variance,z_accel_zero_crossing,z_accel_mean_crossing,Activity_ID
5.0603188894999995,-4.676325,14.774170000000002,4.1390022132475375,5.5110035,17.131339321268015,0,200,-6.473095401100003,-14.345457999999999,-0.17178397,2.779292581426032,-6.2099605,7.724467253169775,0,200,0.8245092013699997,-11.001805000000001,13.091046,4.479281280922429,1.3379098,20.063960793622073,0,200,A
8.192916341299995,-0.46252984,15.188367000000001,2.7286036963782108,8.3397525,7.445278131888838,0,200,-4.3584406699999985,-14.800355999999999,0.8122329,2.198899967014435,-4.2874167000000005,4.835161064936084,0,200,2.4800877088000006,-3.3283892,12.406303999999999,2.8185798152761037,2.159121,7.944392175081878,0,200,A
3.852432174199998,-10.803087,14.596998999999999,7.360314272196993,6.679373700000001,54.174226185506726,0,200,-3.88985951125,-11.055825,2.8496985,1.946813226634264,-3.7582982000000005,3.7900817393981145,0,200,-0.3441246008650005,-10.642675,12.332084,4.919790157047924,0.739359415,24.204335189385638,0,200,A
7.706749705450003,-7.1040453999999995,13.890709,3.720492272441291,8.4486885,13.842062749295366,0,200,-4.422820755500001,-16.545729,-0.3321955,2.377441074924437,-3.8875849,5.652226064737865,0,200,0.8422143044565003,-9.354595,11.762264,3.3477780700095585,1.1499651000000002,11.207618006036922,0,200,A
-0.12737750007250145,-8.523807000000001,15.205126000000002,5.756084727557592,-2.4987983500000004,33.13251139082175,0,200,-5.426865172974999,-14.395736999999999,1.6909049999999999,2.9776701042566662,-5.2403087,8.866519249783902,0,200,0.633643436700001,-13.221230499999999,13.689596,5.879448759047733,1.66471835,34.56791771026794,0,200,A
-0.11575364689500105,-7.874978,11.367221,4.412334795087377,-0.89947165,19.46869834393876,0,200,-7.404403947900001,-15.535376999999999,2.5600002,3.049296286289674,-7.3807255000000005,9.298207841579998,0,200,-0.5693710910999998,-10.997017,13.270610999999999,4.716382628942076,-0.73068043,22.244265102586557,0,200,A
-1.8370529964299984,-9.280375,15.645659,6.179656844008916,-4.8762405,38.188158709706244,0,200,-5.459150984400001,-15.29835,1.06123,2.479801094847484,-4.9865236,6.149413470006778,0,200,-4.608904120125,-14.339323,7.816619999999999,3.7484698205752354,-5.314379399999999,14.051025995763338,0,200,A
8.817599430500001,3.9499837999999996,13.895497,2.1741929731357748,8.815002000000002,4.727115084432978,0,200,-3.9219058984499986,-11.826757,1.9327193,2.2176101194879583,-3.3680432000000002,4.917794642055396,0,200,0.7415620779150001,-3.3882443999999996,8.599524,2.0528823523204416,0.877026,4.214325952468709,0,200,A
7.940148496174999,-6.6659064,13.747057,2.807519424507585,8.156596500000001,7.8821653189874015,0,200,-4.653071134699998,-13.06456,2.3780408,2.4649987882696998,-4.43705435,6.076219026171086,0,200,1.3171760447100007,-3.5678093,12.262652000000001,2.450190910329268,1.0506057,6.003435497060165,0,200,A
2.4021923466,-10.877307,17.259352,6.392841679966253,2.99709165,40.868424745113735,0,200,-6.136949475215001,-15.020623,2.2750902,3.533595693894483,-6.224325749999998,12.486298527909632,0,200,1.2504855658500007,-12.742391,11.5132675,4.491950326830672,1.4743793,20.17761773871418,0,200,A
8.388666255,4.117578,14.156466,2.193685178999773,8.4199585,4.812254664563267,0,200,-4.881789248549999,-18.01577,1.228824,2.9901214548718253,-4.14137035,8.940826314884804,0,200,0.488279487308,-4.8104,10.85965,2.27547303697294,0.321571215,5.177777541990854,0,200,A
-2.6850193847000003,-13.870059,13.141324,5.593229325341828,-4.48239475,31.284214285863804,0,200,-3.7164714233349994,-14.900913000000001,1.5041572,2.6575793459875867,-3.3824084,7.06272798021981,0,200,-6.14020860825,-19.641882,6.056881400000001,3.8150908990954666,-6.23734425,14.554918568361057,0,200,A
-7.486207805999997,-13.230807,-1.5518916,1.9393700101635336,-7.4380367,3.761156036321705,0,200,-4.2383116061,-10.588956,2.1338322,1.7724539305136533,-4.01447775,3.1415929357932986,0,200,-3.8504090439499987,-13.633034,0.7896376,2.968712030434162,-2.88785625,8.813251119644525,0,200,A
-3.669036289149997,-12.198907,13.232304000000001,5.272075899699584,-5.248538999999999,27.794784292193178,0,200,-6.148070548449999,-14.7716255,0.6805518,2.9453787940556366,-6.238690900000001,8.675256240472635,0,200,0.5764818587499996,-9.74485,7.737611,4.368707648809799,2.1435587000000003,19.085606520769247,0,200,A
6.017784064799996,-5.224597,16.857124,4.1465961512592635,6.485443700000001,17.194259641638123,0,200,-4.6634859459000015,-19.155409,6.1513029999999995,4.270346695722325,-4.54359635,18.23586090166658,0,200,2.8574976868150013,-5.772869,14.051120999999998,3.674747560342253,2.135179,13.503769632241342,0,200,A
5.9472149865500015,-10.350583,17.3216,5.282335978621657,7.4718547499999985,27.903073391040827,0,200,-5.256386056350001,-13.775638,-0.29149407,2.472382478380057,-4.777031000000001,6.1126751194007145,0,200,0.5109645329499999,-17.490092999999998,9.054422,3.831207672512311,0.9883564,14.678152229917195,0,200,A
8.280795563499996,2.3410804,14.089428,2.10870997363346,8.285883,4.446657752901224,0,200,-4.7797842692499986,-12.4468565,-0.7272388000000001,2.3562433772388904,-4.29938765,5.551882852782129,0,200,1.3523588427299995,-2.828001,8.386439,2.093616770062208,1.1080665,4.383231179885712,0,200,A
7.988523353,4.416853400000001,12.6840315,1.830083005804091,7.93034415,3.349203808132936,0,200,-5.4011394779099975,-12.542624,-0.047285482000000004,2.329506586190057,-4.9123035,5.4266009351028535,0,200,1.3822743962039996,-1.9828478999999999,9.231593,1.8504547770410575,1.3678373,3.4241828818740707,0,200,A
7.119907,7.119907,7.119907,,7.119907,,0,0,-2.678513,-2.678513,-2.678513,,-2.678513,,0,0,0.54782325,0.54782325,0.54782325,,0.54782325,,0,0,A
3.117528926519,-8.028207,19.485360999999997,5.623200159719373,4.0242040999999995,31.620380036267967,0,200,-8.670637261599992,-19.871275,7.817667,8.248240960492291,-7.261015200000001,68.03347894234275,0,200,0.5964016249274999,-3.6635776,9.746346,2.1628647120389037,0.20066403,4.677983762583128,0,200,B
2.766634725950001,-10.077643,19.485360999999997,6.416750782810088,4.277989400000001,41.174690608693865,0,200,-8.961341177799994,-19.871275,6.3763575999999995,8.773900093548638,-7.8990705,76.98132285157278,0,200,0.8931988468500001,-4.7649099999999995,11.202021,2.8259430851671232,0.5837363,7.985954320603878,0,200,B
2.8768906927899986,-7.894132000000001,19.296816,6.009099846589971,3.9715316,36.10928096628762,0,200,-8.69781139965999,-19.871275,9.553463,9.20268457165681,-8.273762,84.6894033254103,0,200,0.9131186010165002,-6.6946369999999975,15.250616,3.1021163454821603,0.14200608,9.623125820907594,0,200,B
2.29316038235,-8.186225,17.314417000000002,5.4922083439429015,3.2676365,30.164352493276024,0,200,-8.953105154724998,-19.871275,9.479242999999999,8.674575723584457,-8.078635,75.24826398420079,0,200,0.4078103660375001,-5.3897967000000016,5.6043773,2.0421508167181184,0.07736264500000001,4.170379958222476,0,200,B
2.5732101641800007,-8.959552,17.266533,5.585956048035811,3.5836711,31.20290497058786,0,200,-8.678669772107996,-19.871275,13.223775,8.447894281426535,-7.256226699999999,71.36691779015916,0,200,1.5149012025995006,-5.945252,11.69762,3.26963795826564,0.630423245,10.690532378131502,0,200,B
2.6911934389500005,-9.9890585,19.485360999999997,6.185904931939811,3.9787142,38.26541982699729,0,200,-8.688138805699994,-19.871275,7.422623599999999,9.113453660973525,-7.802104949999999,83.05503763071172,0,200,0.6010822936799995,-4.5973163,11.376797999999999,2.5631966927239875,0.036661216,6.569977285591189,0,200,B
2.6186222237,-11.119122,19.485360999999997,6.300779409235141,4.1343373,39.69982116384153,0,200,-8.061085471399993,-19.871275,15.804723999999998,9.02995158747971,-7.0048354999999995,81.54002567222733,0,200,1.898404444985,-3.3643023999999997,19.584122,3.8957097127030975,0.865054985,15.176554165649252,0,200,B
2.54167554675,-10.439167999999999,19.485360999999997,6.245104807707628,3.78358695,39.00133405925292,0,200,-7.700195468899998,-19.871275,8.523956,9.393396160916536,-5.816114399999999,88.23589143592153,0,200,-0.41641752123000003,-11.906814,13.419051000000001,3.9109570967725897,-0.61456165,15.295585412795887,0,200,B
1.6661908013858993,-11.631480999999999,11.005696,4.252055315475341,2.5984571,18.07997440586211,0,200,-8.955080367049993,-19.871275,8.988432000000003,8.741282913866218,-7.202356999999999,76.41002698024948,0,200,0.25622147516999993,-10.384102,10.783035,2.695381521664193,-0.083048872,7.265081547328783,0,200,B
1.3063422925699992,-10.305093,16.287306,4.9684063576698705,2.6654947,24.685061734934386,0,200,-8.030966441049996,-19.871275,6.4840965,8.813524211181523,-6.5403605,77.67820902108289,0,200,1.1651083276950012,-6.005107,15.470882000000001,3.6184796799554384,0.420930585,13.093395194250412,0,200,B
1.5136681976100004,-11.51177,12.2937765,5.2501652393084415,3.2987611000000006,27.56423504004268,0,200,-8.824117514079997,-19.871275,8.18398,9.135636626013538,-7.644087299999999,83.45985656255999,0,200,-0.7199035458600005,-19.641882,8.254759,3.4217363438573414,-0.640897885,11.708279606874205,0,200,B
3.989030344150002,-10.513389,19.485360999999997,6.697802594366278,4.960337200000001,44.86055959309966,0,200,-9.024524185174995,-19.871275,9.869498,8.70949158869576,-7.5279687000000015,75.85524373356219,0,200,1.4559200421979999,-4.013131,9.538051,2.7167345849516136,1.0386346999999998,7.380646805072214,0,200,B
3.6460729003358976,-16.49171,19.485360999999997,6.952760519606772,4.76281525,48.340878843002656,0,200,-8.631168816630003,-19.871275,10.824784,9.339100598918007,-8.110956999999999,87.21879999671069,0,200,-0.07396289846250037,-17.605014999999995,10.878803,3.5726466694922614,-0.269796595,12.763804225034145,0,200,B
2.584307299325,-12.637046,19.42371,5.946195220444102,3.0198366,35.357237599632285,0,200,-7.9511795906814955,-19.871275,8.722675,9.194641126004576,-6.21594625,84.54142543601472,0,200,0.3270898516700002,-16.774225,19.584122,4.913294520705262,-0.49724578,24.14046304719235,0,200,B
3.390016029000002,-19.740643,19.485360999999997,7.5463275458509615,4.750844149999999,56.94705942926898,0,200,-8.135296716764996,-19.871275,19.354727,9.897157258881084,-7.219116700000002,97.95372180702257,0,200,-0.0358112585519996,-12.433538,15.094992999999999,3.569613042038794,-0.2769792,12.742137269893453,0,200,B
2.080636129365,-13.489381,19.485360999999997,6.641622178327442,2.96836115,44.11114515965094,0,200,-7.011287830927997,-19.871275,7.0467343,9.52941525548332,-5.69520735,90.80975511143824,0,200,2.0957106109349968,-6.292411,19.584122,4.675098402611597,0.499939245,21.856545074101504,0,200,B
2.598645585449999,-11.597961999999999,19.485360999999997,6.317611691266045,4.3546037,39.912217481621425,0,200,-8.752794243399995,-19.871275,12.7497225,9.505442893690141,-9.1859535,90.35344460520436,0,200,-0.17546504592299994,-9.862165,10.87641,2.898423725159598,-0.399083495,8.40086009056804,0,200,B
2.322154210499999,-9.337835,17.968035,5.334612597047854,3.9667432000000002,28.45809156058165,0,200,-8.856870209049992,-19.871275,10.647614,9.215925928314304,-8.480861,84.93329071617583,0,200,0.9984359868450002,-6.9747585999999995,11.673678,3.0384188058645867,0.36825815,9.23198883983158,0,200,B
-0.8312369000000001,-0.8312369000000001,-0.8312369000000001,,-0.8312369000000001,,0,0,-6.3584013,-6.3584013,-6.3584013,,-6.3584013,,0,0,3.2221465,3.2221465,3.2221465,,3.2221465,,0,0,B
1.016745634583,-5.3923407,9.229049,2.653427061839439,-0.27832595,7.040675172501879,0,200,-0.34295143292499985,-12.071415,14.504223999999999,5.094639066839874,-0.93957452,25.955347221371063,0,200,7.969208086354994,-3.2363622000000003,16.489466,2.9755124105091184,8.729858499999999,8.853674105093779,0,200,D
-0.5166567577250001,-1.0157399999999999,0.52612585,0.17696591963464864,-0.54767364,0.031316936712136915,0,200,-3.4796549487999995,-8.02282,-0.80430216,0.8734250628624932,-3.44630365,0.7628713404363503,0,200,9.205262613500006,6.8575919999999995,10.238205,0.40176432411009017,9.2661595,0.16141457212763755,0,200,D
-0.5585792335000003,-0.64942724,-0.45789108,0.03249976195691763,-0.55605334,0.0010562345272563103,0,200,-2.8676610820000006,-3.0835822,-2.5281274,0.0742627555068747,-2.8657098,0.005514956855473849,0,200,9.44850151,9.328408,9.577405,0.04399289817015308,9.450513,0.0019353750894094586,0,200,D
-0.5983903076499998,-0.7065888000000001,-0.46971244,0.030942603097672862,-0.59780225,0.000957444686460114,0,200,-2.8644199029999986,-3.1907227000000002,-2.6062381,0.0634720188952984,-2.8633156000000004,0.004028697182645117,0,200,9.441271055000003,9.235035,9.601646,0.05201688453198678,9.44333,0.002705756276414045,0,200,D
-0.6140289325000001,-0.8526351000000001,-0.5246295,0.037037531899239466,-0.6132149,0.0013717787691871813,0,200,-2.90849121,-3.1147068,-2.7195139999999998,0.05419215147429527,-2.908207,0.002936789281412963,0,200,9.430314470000004,9.321226,9.561244,0.0427049404700952,9.431957,0.0018237119405543755,0,200,D
-0.6938995066000002,-0.8574235,-0.54617727,0.04420363084402828,-0.69701195,0.001953960979795128,0,200,-2.8724734294999985,-3.1817443,-2.5041854,0.09314496303169087,-2.880075,0.008675984138175056,0,200,9.429563314999998,9.249998,9.554062,0.04748410920442727,9.43076025,0.0022547406269379745,0,200,D
-0.7142861358500002,-0.79996264,-0.5318121,0.029453103627227164,-0.7161656,0.0008674853132761816,0,200,-2.879440535,-3.0644286,-2.6286838,0.06503037976188243,-2.892046,0.004228950291974648,0,200,9.4321969,9.264363000000001,9.640253,0.04408874578223742,9.429563499999999,0.0019438175046507574,0,200,D
-0.6820601801500001,-0.81911623,-0.4551976,0.04252200183732798,-0.68025255,0.0018081206402537247,0,200,-2.773018298499999,-3.3397617,-2.4227824,0.095912464139279,-2.7759272999999998,0.009199200777268482,0,200,9.464219325,9.151836,9.580399,0.054689442610683266,9.467871,0.0029909351330672197,0,200,D
-0.6640079001500004,-0.8478466999999998,-0.48632222,0.042074163863968686,-0.66109896,0.0017702352648520886,0,200,-2.7194599850000007,-3.141043,-2.2863130000000003,0.0964388194051486,-2.7256489000000004,0.009300445888258868,0,200,9.474622149999991,8.993818,9.951499,0.08232147921930386,9.4774475,0.0067768259408542775,0,200,D
-0.654526859635,-1.4176666999999998,-0.031423897,0.10173011080868592,-0.65391636,0.010349015445147516,0,200,-2.8533676975000013,-3.3182139999999998,-2.133084,0.11648564599821835,-2.8633156000000004,0.013568905723622245,0,200,9.439858327500003,8.622717999999999,9.937134,0.0940551115297482,9.441533999999999,0.00884636400487337,0,200,D
-0.6860704676000001,-1.2931682,-0.28760347,0.09709093884351773,-0.68743515,0.0094266504055157,0,200,-2.9147909495000004,-4.2830772,-2.0421044999999998,0.22637605960080046,-2.9399300000000004,0.05124612036038515,0,200,9.425924157499997,8.435969,10.198102,0.15230531145154025,9.419986999999999,0.02319690789635068,0,200,D
-0.7204272635999998,-0.8334815000000001,-0.5844845000000001,0.04135552475165502,-0.7221510999999999,0.0017102794274847513,0,200,-2.8815354810000002,-3.1099183999999997,-2.6406548,0.07938122000085768,-2.8824692,0.006301378088824567,0,200,9.424331962500002,8.950723,9.635465,0.06784235809965979,9.429563499999999,0.004602585552522472,0,200,D
-0.7077858814000002,-0.8693945,-0.46956279999999995,0.04674620675963394,-0.708983,0.0021852078464144453,0,200,-2.871108729,-3.1075242000000003,-2.6502316,0.07190980507995237,-2.8752866000000004,0.005171020066636743,0,200,9.430999787499996,9.087193,9.570822,0.05429035452870859,9.436746000000001,0.002947442594852869,0,200,D
-0.6940192178499999,-0.8406640999999999,-0.57011926,0.045808652525832584,-0.69461775,0.002098432646232468,0,200,-2.736997523500001,-3.1266778,-2.3054667,0.13681917072057082,-2.736423,0.018719485476664702,0,200,9.474179247499997,9.238028,9.66659,0.07673887382262855,9.470264,0.0058888547555653046,0,200,D
-0.7106110345000003,-0.8717886999999999,-0.48632222,0.04111844532736576,-0.7101801000000001,0.0016907265461395663,0,200,-2.8615798019999987,-3.2200518,-2.4610896,0.08837529760946669,-2.8693011000000004,0.007810193227561808,0,200,9.433597482499998,9.2787285,9.623494,0.057756646277415724,9.427169000000001,0.0033358301892145205,0,200,D
-0.7137115275499998,-0.81672204,-0.6180033,0.028356465654073758,-0.7137714,0.0008040891443906645,0,200,-2.8038316880000003,-3.0380924,-2.3796868,0.06767701220747939,-2.8058548,0.004580177981331314,0,200,9.451146965000003,9.326611999999999,9.688137,0.04718130910075611,9.448717,0.002226075928461091,0,200,D
-0.7045776476000001,-0.90051913,-0.56533086,0.04172531391941449,-0.70419455,0.0017410018216736849,0,200,-2.759910016500001,-3.1721675,-2.4395417999999998,0.11179348083887876,-2.7448027,0.012497782358072756,0,200,9.455085457499996,9.166202,9.630676,0.06074349820491324,9.460688000000001,0.0036897725741702977,0,200,D
-0.6821320034500004,-0.8789713,-0.36421794,0.05694614821280247,-0.68504095,0.0032428637962744647,0,200,-2.644988321000001,-3.0955532000000003,-2.298284,0.08782844738992363,-2.6442461,0.007713836170924581,0,200,9.501796327499996,9.281123,9.884461,0.07186499747159211,9.495403999999999,0.00516457786159194,0,200,D
-0.6299743,-0.6299743,-0.6299743,,-0.6299743,,0,0,-2.6358664000000003,-2.6358664000000003,-2.6358664000000003,,-2.6358664000000003,,0,0,9.4774475,9.4774475,9.4774475,,9.4774475,,0,0,D
7.0675038279999995,1.6493057,9.942821,1.2678251811415735,7.454047999999999,1.6073806899366638,0,200,-4.4240238631,-10.697144,0.69686234,1.344561232409685,-4.6086888,1.8078449076990508,0,200,4.6883736339999995,1.3778629999999998,9.139864999999999,1.2914986184657251,4.394557000000002,1.6679686814988763,0,200,E
6.440187080985003,-0.8813655,10.122386,2.660854461537632,7.8359227,7.080146465484719,0,200,-5.5819555605000035,-15.471182,10.220997,2.2465605766561234,-4.832546499999999,5.047034424585493,0,200,3.1395047225950004,-4.751293,15.297751000000002,1.9514097186125183,2.9281087,3.807999889895388,0,200,E
8.066915500499997,5.602133,8.642769,0.5339824873493082,8.247726,0.2851372967957541,0,200,-3.2945711760000003,-5.5113025,-2.7172692000000005,0.32298599113538645,-3.200898,0.10431995046970792,0,200,4.1808148905000015,2.883816,7.8422074,0.8339275095321479,3.946841500000001,0.6954350911544906,0,200,E
8.130454499499997,7.4937015,8.678682,0.2688087889987134,8.105419999999999,0.07225816504295482,0,200,-3.9209511929999983,-5.3678,-2.951901,0.4322216981035741,-3.9240966,0.1868155963115372,0,200,3.5142062474999984,1.8795979999999999,4.8747444,0.5040254036192564,3.5914521,0.2540416074935543,0,200,E
6.924085196450004,-3.5435681000000003,8.930222500000003,2.4700549079892062,8.106617499999999,6.101171248481566,0,200,-4.5429737889999995,-11.853693,1.1994951,2.074552576588833,-3.8139634,4.3037683930313655,0,200,3.679774286565004,-2.9997852000000003,11.11164,2.2217231734482303,3.1652843999999996,4.936053859436877,0,200,E
6.312366635000001,-0.70404494,9.440187,2.9455225232565407,8.032396499999999,8.67610293501158,0,200,-3.928753319000001,-12.689269,-1.30484,1.430098010260623,-3.608062,2.045180318951394,0,200,4.933462089762,-2.2504,9.782858000000001,2.575031193957871,3.955371,6.6307856498561,0,200,E
8.5056469355,7.9821186,8.853608,0.11642474155982158,8.504055000000001,0.013554720447271244,0,200,-3.2411744974999994,-3.6248214,-2.7461493,0.15124353732242166,-3.2489316,0.022874607581798743,0,200,3.3604835635000017,2.7127802000000005,4.503643,0.20762007319328293,3.35083485,0.04310609479278416,0,200,E
8.320742754499998,7.4458175,9.265411,0.3215562666880845,8.4166665,0.10339843264637848,0,200,-3.3736695979999984,-5.3366755999999995,-2.315193,0.4382301187456761,-3.31237815,0.19204563697584934,0,200,3.585095594499998,2.47336,4.857985,0.67085604056886,3.3951275,0.45004782716772784,0,200,E
8.709668891,7.8264955999999986,9.8615675,0.324858991526014,8.796147,0.10553336437529882,0,200,-1.8137394626500003,-3.3399115,0.91937345,0.5938494714513582,-1.8291701,0.3526571947430575,0,200,3.8382464815000015,2.7630584,5.209932299999998,0.4835429783208273,3.652504350000001,0.2338138118833761,0,200,E
8.684350212500002,7.3165307,8.985289999999997,0.26251510995420396,8.756642999999999,0.06891418295426784,0,200,-2.7873894849999994,-6.4020953,-1.7788918999999999,0.7767456979270198,-2.4744074,0.603333879248133,0,200,3.2087270775000003,2.1597195,5.0136080000000005,0.3999897175582791,3.3173161,0.15999177415235188,0,200,E
8.7086034415,7.773823299999999,9.50962,0.1686104192924638,8.705167999999999,0.02842947349398045,0,200,-3.5652895364999986,-4.7189717,-2.741361,0.30871087548207976,-3.6188359,0.09530240464091216,0,200,2.327601001999999,0.9674071,3.4980782999999995,0.29420448174246266,2.2818238999999996,0.08655627707735104,0,200,E
8.816366417499996,8.494477999999999,9.370756,0.17850007562453393,8.802133000000003,0.03186227699796433,0,200,-3.4491468179999982,-4.378995,-2.1380222,0.41949769837958667,-3.4608185,0.17597831894577065,0,200,2.0562182294999998,1.4677953000000001,2.415899,0.20957965887684607,2.10345585,0.04392363341493516,0,200,E
8.738925954999992,8.56391,8.925434,0.051856825167040495,8.7315035,0.0026891303164050047,0,200,-3.5495117509999994,-3.7732617999999993,-3.2896330000000003,0.09061510128241322,-3.5673605999999998,0.008211096580422007,0,200,2.2426068589999995,1.9610008,2.5619454,0.0796455773069169,2.2483049999999998,0.006343417984552078,0,200,E
8.73327571749999,8.56391,9.004442999999998,0.05279831870109358,8.733898,0.002787662457662249,0,200,-3.5712869979999997,-3.7852328,-3.2273839,0.09262293683064338,-3.5625722,0.008579008427133352,0,200,2.2535722969999985,1.9011457999999999,2.4206874,0.07040472893389027,2.2626703,0.004956825856254565,0,200,E
8.700642622499998,8.456171000000001,9.054721,0.07294940126740312,8.693196,0.005321615145272597,0,200,-3.6279697359999976,-4.1419687000000005,-3.2369606,0.11009078710112864,-3.6391866000000004,0.01211998140454603,0,200,2.2765446625000005,1.9849428,2.5882816,0.08490544673881015,2.2770354999999998,0.0072089348859169285,0,200,E
8.688719487499998,8.56391,8.796147,0.039780838951681115,8.690803,0.0015825151476995892,0,200,-3.705793253,-3.9217023999999996,-3.5553896000000003,0.05802589195974856,-3.711012600000001,0.0033670041377244124,0,200,2.1925799964999992,1.9897311999999998,2.4063222,0.07107215633469308,2.1932384999999996,0.0050512514060630535,0,200,E
8.737190234999991,8.587852,8.966136,0.06828067683950256,8.7315035,0.004662250829660582,0,200,-3.620068869000002,-3.8450879999999996,-3.2776620000000003,0.10012859165808184,-3.6367924,0.010025734867430894,0,200,2.1411764859999995,1.4989198000000001,2.3847744,0.15245811774682494,2.166902,0.023243477666904745,0,200,E
8.093963990500008,2.7579708,9.500043,1.2733342279920956,8.457367999999999,1.6213800561762264,0,200,-2.5295698694250013,-6.0405707,-0.110133275,0.9981399628688528,-2.47680165,0.9962833854758352,0,200,4.2602724505000005,2.1645079,9.4764,1.6407864825433958,4.2295067,2.6921802812971287,0,200,E
8.168866,8.168866,8.168866,,8.168866,,0,0,-0.50996494,-0.50996494,-0.50996494,,-0.50996494,,0,0,8.1140995,8.1140995,8.1140995,,8.1140995,,0,0,E
-8.612667793999996,-12.155512,-5.23148,1.408271609056029,-8.506749000000001,1.9832289248732569,0,200,-2.0091302628,-4.829105,0.91458505,1.0217929573367162,-1.9644424999999999,1.044060847662912,0,200,4.429602350399999,-1.1442788000000002,9.011925,1.9340025583225795,4.7095444,3.7403658955982815,0,200,G
-8.727924631000002,-11.695825,-6.189161,1.0117223323331546,-8.7497595,1.023582077741638,0,200,-2.533209049599998,-4.6758760000000015,-0.5506664000000001,0.7418026927096159,-2.5773582000000004,0.5502712349112368,0,200,3.9496846174500018,-0.9192238000000001,7.412598,1.5843425560165805,3.945794,2.510141334805151,0,200,G
-8.574947106000007,-12.459576,-5.7007437,1.2187163718959235,-8.523507500000001,1.4852695951271628,0,200,-2.9539181666000003,-5.942408599999999,-0.2825158,0.8048836772368336,-2.94606515,0.6478377338822874,0,200,3.958303748050002,-0.95034844,7.5370965,1.5298407369251472,3.99966365,2.3404126803556773,0,200,G
-8.582464906999997,-10.666317999999999,-6.5147724,0.8778378873743227,-8.4696385,0.7705993565098141,0,200,-3.0372722959999985,-5.2648497,-1.5275006000000002,0.6509482903522501,-3.003526,0.4237336767125173,0,200,3.918679702450001,0.10070611,7.5370965,1.4547514743248853,3.9493854,2.1163018520504275,0,200,G
-8.354489015000006,-11.212196,-6.4046392,0.8452044791723204,-8.2984525,0.7143706116129535,0,200,-3.4199973985,-6.4523735,-1.6184803,0.7374427530750552,-3.3997664,0.5438218140629169,0,200,4.102015707385,-0.028580783,6.9768533999999995,1.3751481833363246,4.29055925,1.891032526133194,0,200,G
-8.320898386500003,-10.177901,-6.696731599999999,0.7254847175986184,-8.2637365,0.5263280754691471,0,200,-3.324121596000002,-6.409278,-1.2138603000000001,0.7748174433018823,-3.3004068999999996,0.6003420704448656,0,200,4.2530060255,1.8628384999999998,6.306477,0.8184569824261004,4.186411100000001,0.669871832082038,0,200,G
-8.357625396499996,-10.790816,-5.6863785,0.872005883609177,-8.325985500000002,0.7603942610490214,0,200,-3.078775783199999,-6.622362,-0.51714754,0.9002052324806528,-3.0573955,0.8103694605855459,0,200,4.377193277150002,0.73038113,7.7956705,1.00137024892335,4.39231285,1.0027423754288118,0,200,G
-8.622531874999998,-12.236915,-6.3591495,0.9061137903150264,-8.564209,0.8210422009990637,0,200,-2.9552230205000005,-4.7524904999999995,-1.2641385,0.5939011415623865,-2.918532,0.35271856594910583,0,200,3.925227844449999,-1.3932757,6.620117,1.3528816150877443,4.10859975,1.830288664442424,0,200,G
-8.538351753999995,-10.99193,-6.7063084,0.7467815455845914,-8.454075999999999,0.5576826768257112,0,200,-3.338869868499998,-5.7867856,-1.4772223999999998,0.6801347593078363,-3.265691,0.4625832908187284,0,200,3.7825693285800015,-0.114772044,6.1388826,1.0044719451176796,3.8272809999999997,1.0089638885284946,0,200,G
-8.171990952999996,-11.717373,-4.4102692999999995,1.2669187382907356,-8.2266265,1.6050830894321897,0,200,-3.5461957808,-6.993463,0.05267244,0.8950685123736192,-3.4763808000000003,0.8011476418427237,0,200,4.2241918097000015,-3.0979474,8.827571,2.0029414765992497,4.2582372500000005,4.011774558681583,0,200,G
-8.056925668999998,-10.106075,-6.4333696,0.6617153080355704,-7.971644149999999,0.4378671488886097,0,200,-3.608133783999998,-6.3230867,-1.9967641999999999,0.6128379014047962,-3.6056678,0.3755702933982347,0,200,4.54311144,1.0847229999999999,6.723068,0.9374409365922676,4.6628573000000015,0.8787955095989878,0,200,G
-8.149677047,-10.66153,-5.988048,0.7793963476293942,-8.140435,0.6074586666980396,0,200,-3.1721017599500017,-5.133168,-0.34476504,0.7280756791742147,-3.2094273500000003,0.530094194604994,0,200,4.677162808000004,1.510891,8.379855000000001,1.1022828222161276,4.6867994999999985,1.2150274201527511,0,200,G
-8.056554532500002,-10.108469,-5.296124,0.839521754021447,-8.048258500000001,0.7047967754752471,0,200,-3.244131321,-6.4906807,-0.8810662,0.8999363890445337,-3.23576355,0.8098855043265142,0,200,4.7491923535000025,1.8700212,7.3359838,0.9888175059220932,4.819678,0.9777600600179888,0,200,G
-8.300739210999996,-10.7812395,-4.9561470000000005,0.7624377142240181,-8.3188035,0.5813112680711454,0,200,-2.8596823795000015,-4.599261299999998,-0.7038953,0.5613373877620633,-2.80480725,0.31509966289953706,0,200,4.657913411500001,1.2930186000000001,8.348730999999999,1.0262280691053651,4.667645499999999,1.0531440498197262,0,200,G
-8.408957100999999,-11.798776,-5.4852657,0.9914217923934175,-8.47921525,0.9829171704325768,0,200,-2.9252476057999997,-5.2768207,-0.15562311,0.7796467428038403,-2.9556419999999997,0.6078490435646374,0,200,4.32501164515,-1.3334208,8.707861,1.4523358043362604,4.3875244,2.1092792885570524,0,200,G
-8.548874237,-11.6407585,-6.2178910000000025,0.9863787739915342,-8.523508,0.9729430857810422,0,200,-3.0335972087500016,-5.9448028,-0.8786719999999999,0.7186576575170536,-3.04422735,0.5164688287078987,0,200,4.018290467849998,-2.93993,7.520337,1.479352060343771,4.13972425,2.1884825184433603,0,200,G
-8.342302515500004,-11.128399,-5.6504655,0.8242377292723961,-8.306832499999999,0.6793678343561157,0,200,-3.2143235079999983,-5.2289367,-1.4652513999999999,0.6147385030735643,-3.1280246,0.3779034271611266,0,200,4.267311367,0.9314940999999999,6.6344824000000004,1.1554965978174654,4.333654900000001,1.3351723875677373,0,200,G
-8.355865674000004,-11.509077,-5.537938,0.9166746590207332,-8.383447,0.8402924304907773,0,200,-3.0544267578000017,-5.78918,-0.36152446,0.6686612724735957,-3.0346506,0.4471078973060083,0,200,4.417080674069999,-1.5704467,7.4844240000000015,1.1106082832458544,4.558709599999999,1.2334507588143038,0,200,G
-3.525432078650001,-7.393444500000001,-0.56278706,2.0784916380869336,-3.42625225,4.320127489597304,0,200,-8.400188329499995,-11.911154,-4.8865657,1.3340163223097778,-8.3952685,1.7795995481889049,0,200,2.5552895782499987,0.43828854,6.0048075,1.4592036623112876,1.9454384999999998,2.129275328102674,0,200,H
-4.466401242499997,-7.0989575,-2.1262007,1.4281913206177623,-4.02480275,2.0397304482879086,0,200,-7.126951900999999,-9.706094,-2.5953147,1.3247893567047415,-7.1838023999999985,1.7550668396381632,0,200,4.2112870629999986,1.2140098999999998,8.293664,2.2903008489527967,2.866009,5.245477978713902,0,200,H
-4.156962631499998,-7.2043029999999995,-1.6449662,1.6901634476691638,-3.4418147000000006,2.8566524798369146,0,200,-6.898090107500002,-9.911995,-1.5275006000000002,1.2101841508754074,-6.8557966,1.4645456790300309,0,200,5.0673578285000005,1.5563806999999998,8.195502000000001,1.7846527897788504,5.0315645,3.184985580065433,0,200,H
-4.1258499770000014,-7.091775,-2.344073,1.3468358521284556,-3.706374,1.8139668125785828,0,200,-6.697635595999997,-9.49301,-4.1946416,1.1001457703020496,-6.545747299999999,1.21032071591349,0,200,5.574653258999999,2.5715222,8.008755,1.5600959230308429,5.746233900000001,2.4338992890574573,0,200,H
-3.699310971499998,-7.003189599999999,-1.2044331,1.5067983939652911,-3.39632475,2.2704414000563804,0,200,-7.1606861769999925,-10.199299,-4.582502,0.93120813367569,-7.0688803,0.8671485882237618,0,200,5.215451177000003,2.6505308,7.505972,1.5758014246267742,5.15007735,2.4831501298557703,0,200,H
-3.1011795448999986,-9.3112,-0.57954645,2.0395708081802124,-2.1992239,4.1598490815808855,0,200,-7.1682997265000035,-10.805033,-3.13401,1.4276611129026562,-7.1490865,2.038216253294451,0,200,5.4122186370000005,1.6641198,7.836372,1.5597738253896234,5.977274200000001,2.43289438637058,0,200,H
-4.357824182500001,-7.496395,-1.0512042,2.1750410226178,-4.33604915,4.730803450070284,0,200,-6.782258644,-13.397953,-1.0773908,1.4450473378865836,-6.6498954,2.0881618087331018,0,200,4.828117232,2.1166238999999996,8.525902,1.913183857568039,3.9781157999999994,3.660272472858922,0,200,H
-3.877762793000002,-7.31683,-1.654543,1.8434022696811017,-3.0336032000000004,3.398131927865438,0,200,-7.225174007499998,-10.170568,-4.6255975,1.0520701909053156,-7.173028499999999,1.1068516865915472,0,200,4.863623228500001,2.6433482,7.5323080000000004,1.4774971794800973,4.660463000000001,2.1829979153716432,0,200,H
-4.0782293015,-7.6903253,-1.4606127,1.8701031730693585,-3.5627217000000004,3.4972858779240825,0,200,-7.019571955000001,-10.977414999999999,-1.8770541,1.3191643629134493,-6.87495015,1.7401946163808468,0,200,4.897968074,2.284218,7.7932763,1.7041997618819285,4.569483499999999,2.9042968283984214,0,200,H
-4.021762054,-7.458088,-1.630601,2.038725604098603,-3.2790089,4.156402088807213,0,200,-7.3399281035,-11.020511,-2.956839,1.4104444781618222,-7.2735848,1.989353625977175,0,200,4.465263987999999,2.1453542999999997,7.539490700000001,1.530212667497952,3.91107815,2.3415508077711973,0,200,H
-4.2351333055,-7.932139999999999,-1.6282068,2.1339405514464063,-3.5699045,4.553702277107392,0,200,-6.986316490999999,-10.649409,-3.6367924,1.3996165770440263,-7.041347,1.9589265627364367,0,200,4.512345952,1.1780969,7.8172183,1.9935562828317843,3.8200983999999996,3.974266652818082,0,200,H
-4.424143556000003,-7.800459,-1.7958009,2.075368743070495,-4.1995792000000005,4.307155419714007,0,200,-7.120643177499997,-10.484209,-4.314351599999998,1.2686591384660402,-7.127538750000001,1.6094960096133957,0,200,4.284118671500003,1.7167921999999998,7.3814735,1.7209397135567317,3.5040638,2.9616334976967265,0,200,H
-3.800549789999997,-7.0774097000000005,-1.5252562,1.763793854912486,-3.0395887000000004,3.1109687626270475,0,200,-7.507917282500002,-11.243171,-2.492364,1.2978974162151808,-7.420828,1.6845377030180433,0,200,4.359536032199999,0.16056114,8.1619835,1.936320138199257,4.2905593,3.7493356775959903,0,200,H
-3.9632956549999983,-7.788488,-1.7048212,1.8700268663567112,-2.9785366,3.4970004808959008,0,200,-7.2525995704999975,-10.512939,-3.193865,1.2148729445046895,-7.224503849999999,1.4759162712894942,0,200,4.6590147375000015,1.8221371,7.31683,1.7167388882780823,5.17401925,2.9471924105262666,0,200,H
-4.971889052500002,-8.600122,-1.9490298,2.0684383649409672,-4.9561473,4.278437269559662,0,200,-6.794947936800001,-10.433931,-0.38067806,1.5618008937826322,-6.8186865,2.4392220318202287,0,200,4.0548618849999984,1.0464158000000001,8.183531,2.017450235508928,3.30534505,4.070105452755029,0,200,H
-3.9516119540000014,-8.348730999999999,-1.8125603,2.0634316867931064,-2.9186816,4.257750326061846,0,200,-6.765990043499995,-11.695675,-3.241749,1.5198902659212836,-6.633136,2.3100664204422703,0,200,5.202630216000004,1.6473604,8.992771000000003,1.855326570892388,5.376329699999999,3.4422366846593064,0,200,H
-4.679006332500005,-7.8411603,-1.9035400000000002,2.0623529296481413,-4.3216838499999986,4.253299606428272,0,200,-6.741712851499996,-11.18571,-2.4061728,1.4573283700779047,-6.715735899999999,2.1238059782339227,0,200,4.603229840000001,1.6641198,8.183531,1.729033664283319,3.92185215,2.9895574122250013,0,200,H
-4.634127017000001,-7.8914385,-1.9801543999999998,1.9991738801392709,-4.211550300000002,3.996696203031108,0,200,-6.698174283500003,-10.3932295,-3.052607,1.3968484722694663,-6.6666548500000005,1.9511856544815416,0,200,4.740992218999997,2.2770354999999998,7.7980646999999985,1.805465760378776,3.94818825,3.2597066119001115,0,200,H
-7.5035777,-7.5035777,-7.5035777,,-7.5035777,,0,0,-4.941632299999998,-4.941632299999998,-4.941632299999998,,-4.941632299999998,,0,0,3.256264,3.256264,3.256264,,3.256264,,0,0,H
-5.921549145000002,-9.289652,2.5975592,2.1006436592912245,-6.4549174,4.412703783320427,0,200,-4.818438653925,-9.502586,1.127669,2.213566228322644,-5.4001220000000005,4.899875447170537,0,200,4.122929062731998,-1.2304701,11.971158,3.7897311473191295,2.16331085,14.362062168960769,0,200,I
-5.437848558499999,-8.178742,-3.055151,1.5004476147647383,-5.48526575,2.251343044653193,0,200,-4.286842073449998,-11.461043,1.7501613999999999,2.194818518174049,-4.07493115,4.8172283277197305,0,200,5.818442835419999,-0.6223428000000001,11.30557,3.280173689524715,6.7984855,10.759539433450184,0,200,I
-5.1679023310000005,-7.4413285,-2.605041,1.4225111441411733,-5.063886,2.02353795520583,0,200,-5.672785611600001,-9.818622,0.260968,2.341616683456296,-6.6750345000000015,5.483168692240863,0,200,4.349264903289999,-2.0660465,11.37979,3.725928656830209,2.16809915,13.882544355788564,0,200,I
-5.363364937,-8.899397,-2.8875568,1.4381799727717184,-5.3511906,2.068361634081661,0,200,-5.0238970805999985,-13.642160999999998,0.80445176,2.6530237109677857,-5.6778495000000015,7.03853481095728,0,200,4.509041957144999,-3.6318542999999996,11.293599,4.019346883481711,3.9673419,16.15514936975415,0,200,I
-5.234652657000002,-7.7118735,-2.7391164,1.531512461526768,-5.18958165,2.345530419811781,0,200,-4.878952110610003,-13.000515,1.30484,2.316842663275416,-5.589263699999999,5.367759926373123,0,200,5.373372705900001,-1.6279075,11.85863,3.4852326723736,5.47928025,12.146846780580425,0,200,I
-5.457696519,-8.784475,-2.8947394,1.676576529682833,-4.9944543,2.810908859883332,0,200,-3.68362298305,-7.522581599999999,1.697489,1.9686721675552632,-3.9384617999999993,3.875670103306738,0,200,6.549620059999999,2.5763106,11.406127,2.4023138845807757,5.84679025,5.77111200004958,0,200,I
-6.175406342,-10.486753,-2.3225252999999997,1.9520650080523785,-6.6296940000000015,3.810557795662531,0,200,-4.166294031449999,-9.868899,1.0079589,1.9616402652079952,-4.08331085,3.848032530085293,0,200,5.16496941115,-0.81866735,11.6647005,3.1789744892260727,4.0463505,10.10587880315017,0,200,I
-5.11785153,-8.920945,-2.6672903999999997,1.7439920109944669,-5.13690925,3.041508134412524,0,200,-3.633153203,-9.660604,0.4381389,2.037819740782388,-2.9352913,4.1527092959224,0,200,6.694325617600001,0.56996965,11.008689,2.842153225299813,7.817218349999999,8.07783495608213,0,200,I
-5.7596172910000005,-8.956859,-2.3512557000000003,1.8046160860856064,-5.73545975,3.256639218158933,0,200,-4.6171341910500034,-11.21444,0.18195933,2.09190802637642,-4.7860093,4.3760791908180865,0,200,5.180675395449996,-1.7476175999999999,12.0549555,3.3161075511623235,4.4114665,10.996569290875778,0,200,I
-5.872372243499999,-9.019108000000001,-2.9569888,1.8715471840628424,-6.1831752,3.5026888621735552,0,200,-3.46011226225,-7.445967,1.7190368000000005,1.9585378982207269,-3.1459811,3.8358706987668616,0,200,5.700612214543001,-1.0604817,13.208960999999999,3.745233048195436,6.126911850000001,14.026770585295276,0,200,I
-5.297979314999999,-8.284087,-2.7439047999999997,1.8047612190173008,-4.8508023,3.257163057668815,0,200,-4.095078500049999,-8.207322999999999,0.29448682,1.800562400906304,-4.2149922,3.2420249595574733,0,200,6.215209936399999,-0.7444470999999999,11.468376,3.1231118221280973,6.960093999999998,9.753827453516283,0,200,I
-5.923703922000004,-8.379855000000001,-2.7774236,1.8803079475334037,-6.129306,3.5355579775572807,0,200,-3.2779135133084982,-6.8857240000000015,0.6368576,1.706075071390715,-3.6703112,2.910692149220833,0,200,6.343347625499993,2.8396727999999998,10.970382,2.6274612667765584,5.085433999999999,6.903552708411077,0,200,I
-5.941241424999998,-8.966435,-2.8564322,1.7490085047710324,-6.3579523,3.059030749761402,0,200,-4.052832808404997,-9.351752000000001,0.079008654,1.8088787031665845,-4.3861775000000005,3.2720421627696235,0,200,5.678034875049997,-1.5345336,11.286416000000001,2.974551852086664,4.9597385,8.847958720752201,0,200,I
-5.0109624005,-8.554632000000002,-2.0902877,1.7636912498832318,-4.965724000000002,3.1106068249146763,0,200,-4.578814987250001,-8.516175,-0.16759412,2.0150605652770066,-4.923675799999998,4.060469081734489,0,200,6.240839855500004,1.7431284,13.036578,2.714448208636321,6.454917299999999,7.368229077368934,0,200,I
-5.775945741999999,-8.964041,-2.296189,1.9522016356053264,-5.664830700000001,3.8110912260601113,0,200,-4.239436900399998,-9.52174,1.4820108,1.943806552490907,-4.0031052,3.778383913506585,0,200,5.600594432400004,-1.479467,11.868208000000001,3.2051585227779484,5.3727385000000005,10.273041156136124,0,200,I
-5.861311027000003,-8.715044,-2.6625018,1.7972396452229884,-6.25021315,3.2300703423612536,0,200,-3.88967995438,-8.154651,3.8833952000000003,2.092201376363482,-4.62200625,4.377306599257248,0,200,5.841056067999997,1.4869488000000002,13.041367,2.9439635662460883,5.15366865,8.666921479384383,0,200,I
-5.714019731000002,-8.808417,-1.7407342000000001,1.999737223743104,-5.7534165,3.9989489640237768,0,200,-3.7429512700500016,-8.125919999999999,0.7302314999999999,1.7810463547720021,-3.5254619,3.172126117846636,0,200,6.149812313500004,1.3959693000000002,12.914474,2.9379428350072674,5.206341,8.63150810177054,0,200,I
-5.718508864000001,-8.224233,-2.9689598,1.6497057477593826,-5.924601750000001,2.721529054190344,0,200,-4.515452419,-10.647015,3.8163576,2.0155185588504776,-4.74530785,4.062315061070707,0,200,5.504562963439999,-0.042945992,10.8387,3.0914196361750688,4.2474635,9.556875366928796,0,200,I
-7.741287885714286,-7.8794675000000005,-7.529914,0.14023783908236534,-7.7501807000000005,0.0196666515104914,0,7,-5.4755394428571424,-6.131551,-5.245696,0.3299167081078744,-5.3007627,0.1088450342887364,0,7,2.803075757142857,2.3464673,3.2538697999999995,0.28263995380626233,2.818125,0.0798853434876061,0,7,I
-0.6005435986975,-1.7961001,0.2940379,0.3176203895991277,-0.5858312,0.10088271188910172,0,200,-0.6420291257480005,-2.8724434,2.8377275,0.6786127807263068,-0.6602010999999999,0.4605153061650906,0,200,9.7808825725,8.147019,11.027244999999999,0.35313970652429666,9.772682000000001,0.1247076523240664,0,200,J
-0.6002443202299996,-1.5997757,0.7321768,0.3201626950026987,-0.6037876999999999,0.10250415127139108,0,200,-0.8584649581749997,-2.417545,0.9032126,0.6017079476716224,-0.9391255999999999,0.3620524542911958,0,200,9.788986911,7.9052051999999975,11.340883999999999,0.4395947011539197,9.783456,0.19324350128260395,0,200,J
-0.5870043850799999,-3.2445922,1.6252141000000002,0.4059443727100424,-0.5846340999999999,0.16479083373494982,0,200,-1.341339529138,-3.1262288,1.1569979,0.722660267015732,-1.4634558000000002,0.5222378615232491,0,200,9.671168312,7.6969094,11.960982000000001,0.5550216471333489,9.64938125,0.3080490287866156,0,200,J
-0.6633554770100001,-1.5949872999999999,0.34192193,0.30356424861820985,-0.67202246,0.09215125303913832,0,200,-1.51233341438,-3.210026,2.5480292,0.7575880125445412,-1.6286557000000002,0.5739395967511879,0,200,9.699372009999996,7.692121,11.316942,0.4790703433459961,9.635016,0.22950839387365055,0,200,J
-0.6422984753000001,-1.8463783999999999,0.66992754,0.2343836160830502,-0.64329207,0.05493567948816666,0,200,-1.7550097045,-3.7152026,0.18734628,0.6963330746023377,-1.7328035,0.4848797507851448,0,200,9.633196200000004,8.230817,10.964994,0.35303309080990397,9.621848,0.12463236320679395,0,200,J
-0.6361573470399997,-1.448941,-0.050727148,0.1950756280752383,-0.6049848000000001,0.0380545006689487,0,200,-1.9923110012500007,-3.2028434,-0.97623575,0.4705837428167956,-2.05362655,0.22144905900346395,0,200,9.599629544999996,8.467842,11.230751,0.27277899437252284,9.584738,0.07440837977088485,0,200,J
-0.6191585127750004,-1.3795091,0.17911622,0.1984149540313664,-0.6193500999999999,0.03936849398326925,0,200,-1.8471266076,-3.2914288000000003,-0.56203884,0.4523406947002827,-1.86568165,0.2046121040819344,0,200,9.600886475,8.108711999999999,10.6776905,0.3049593434135328,9.613468,0.093000201135213,0,200,J
-0.5414068149555,-1.8296189999999999,0.34431612,0.2965608649068157,-0.5319617000000001,0.08794834659427858,0,200,-1.4368801529899995,-2.7240029999999997,0.635062,0.723101868290588,-1.3581109000000002,0.5228763119253388,0,200,9.670462032500003,8.144625999999999,11.3384905,0.4417968248167829,9.6266365,0.19518443441819114,0,200,J
-0.6048531622050001,-2.3659203,0.8710405000000001,0.36837548395839453,-0.56548053,0.13570049718158148,0,200,-1.3846985210450002,-3.4853592000000004,0.9367314,0.7739080158141992,-1.2443863000000002,0.5989336169414707,0,200,9.698330502499998,8.412776,12.791771,0.4618849895982845,9.688886,0.21333774361620733,0,200,J
-0.5609674432199999,-1.4680946000000001,0.7273884,0.3012642045232849,-0.5259762,0.09076012092704763,0,200,-1.1271422742100004,-2.7790697,2.3110032000000005,0.7153027353121573,-1.1210848999999998,0.5116580031450542,0,200,9.747722870000002,8.185327000000001,11.917887,0.35953780332748503,9.705645,0.1292674320215533,0,200,J
-0.5607639370599997,-1.3771149,0.6795044,0.2547118942431958,-0.55829793,0.06487814906895695,0,200,-1.8719305389100005,-3.470994,0.22086509999999998,0.6090087438676186,-2.0308816000000003,0.3708916501072147,0,200,9.584127089499995,7.3617215,10.735151,0.3575723996718601,9.605088,0.12785802100709245,0,200,J
-0.7016866497749992,-2.1288943,0.2940379,0.3183595524666641,-0.6768109,0.10135280464677468,0,200,-1.577371910220001,-3.0951042,1.5951369,0.6561022560032608,-1.6777369000000002,0.4304701703325683,0,200,9.632489962499996,8.144625999999999,11.762264,0.44378463943861385,9.6218475,0.1969448062016605,0,200,J
-0.6306147674976003,-1.5878047,0.44966102,0.3078508552600061,-0.64448917,0.09477214908431723,0,200,-1.6603549304500007,-3.5954924,0.4938041,0.7590242044118586,-1.596334,0.5761177428830548,0,200,9.659951455000003,8.068011,12.272229,0.4990845907297552,9.6158625,0.24908542870388725,0,200,J
-0.5339129646720001,-2.4545057,0.9045593000000001,0.4061760614325983,-0.49724576,0.16497899288089787,0,200,-1.1891640697780002,-3.3608606,1.3341688999999999,0.7920227453250797,-1.2922704,0.627300029112276,0,200,9.691279530000003,8.331373,11.455805999999999,0.4978311358930174,9.670929,0.2478358398645319,0,200,J
-0.4888780298000001,-2.2893057,0.8063971,0.3862266027872121,-0.48168346,0.14917098870055093,0,200,-1.2808380500999998,-3.3273417999999997,1.4802152,0.7588114022321526,-1.311424,0.5757947441575256,0,200,9.663195528500001,7.684938400000001,11.960982000000001,0.5703202467147734,9.662549499999999,0.3252651838128001,0,200,J
-0.4722981848674999,-1.5399206,0.74414784,0.3653348184072437,-0.46971244,0.13346952954065378,0,200,-0.9488700161500004,-2.7862522999999997,1.4850036,0.7358979078206943,-0.9068039000000001,0.5415457307348751,0,200,9.7376911545,7.9195704,11.209204,0.5291594441063049,9.7415575,0.2800097172868936,0,200,J
-0.4719151122709999,-1.6739959,0.75133044,0.3416165800864035,-0.43379942,0.11670188778993015,0,200,-0.9369109732299998,-2.9083563999999997,1.3820529,0.6359922860395911,-0.984615445,0.4044861879018651,0,200,9.7476750275,6.2723594,11.017667999999999,0.5446422811005983,9.7738795,0.29663521436246315,0,200,J
-0.4260182630185,-1.9732710999999998,0.9165303,0.3495611709753646,-0.42182842,0.12219301225366805,0,200,-0.783825714245,-3.0639796,2.32058,0.8106510377231148,-0.83138657,0.6571551049615628,0,200,9.787490562499997,7.989002,11.134983,0.4688945563837048,9.777471,0.21986210500627126,0,200,J
-6.890279013275,-9.655965,0.009427169000000001,3.46038966099798,-9.066991000000002,11.974296605941715,0,200,-2.5632203770200013,-12.224793,1.5107412,3.908732869159152,-0.31004912,15.278192642445136,0,200,4.0852323524999985,2.3416789000000002,6.122123200000001,0.9075041077829682,3.9469912000000003,0.8235637056429612,0,200,K
-4.656824055894998,-10.300005,0.019003976000000002,3.6704319082878887,-4.719121,13.472070393377875,0,200,-4.232661275919998,-12.418724000000001,3.193865,5.1291490659504815,-4.551377350000001,26.30817014074071,0,200,4.3266875795,2.7678467999999996,6.8978449999999984,0.9352395204896304,4.0942345000000016,0.8746729606856738,0,200,K
-4.2123524974,-10.54182,-0.16056114,3.3681989422925622,-3.67285505,11.344764114860736,0,200,-4.85281939334,-12.650962,2.8419175,4.6157617266417965,-7.22091245,21.305256317131256,0,200,4.9238374065000015,3.2586582,6.945728999999999,0.8074913443820211,4.8962922,0.6520422712518839,0,200,K
-4.949419453574999,-10.058191,0.24884734,3.968489096530615,-5.36794995,15.748905709282372,0,200,-4.029022469545001,-11.791444,2.4851813,4.525019431356298,-2.55581035,20.475800854152073,0,200,4.5918933125000025,2.4637833,7.1013517,0.9595593084640256,4.7227123,0.9207540664599592,0,200,K
-5.147635404675001,-9.553015,0.045340195,4.010129324711119,-6.7637693,16.081137200908053,0,200,-3.2713055374000004,-11.080364999999999,2.9400797,4.784558086182441,-0.63566057,22.891996080053786,0,200,4.6854706935,3.3544261,7.446117,0.9856058183107024,4.75264,0.9714188290879096,0,200,K
-3.2616389220400013,-9.684695,0.22251113,3.8689905366188966,-0.27548283,14.969087772446574,0,200,-5.563789537675,-11.259931,2.7437549999999997,4.316914187805372,-8.2540105,18.635748104875315,0,200,4.7530949035,3.0168437999999997,7.304858999999999,0.7694470582762687,4.653280500000001,0.5920487754900036,0,200,K
-4.558422370665,-9.509919,0.23927054,4.012116309884665,-3.9900867999999994,16.09707728404254,0,200,-3.9923073757799994,-11.779472,2.2625206,4.719680519836554,-5.221754000000002,22.275384209324642,0,200,4.800943012000001,2.8516437999999997,8.724621,1.1463297056378472,4.449773599999999,1.314071794027753,0,200,K
-5.703377481872994,-9.059809,0.114772044,3.421312261962232,-7.4257662500000015,11.705377593853125,0,200,-3.9307883497684992,-11.518504,2.3726540000000003,3.489764512699725,-3.23217235,12.178456354098351,0,200,5.130887968500001,3.6632782999999995,7.6041339999999975,0.66287136444413,5.189581650000001,0.4393984458000226,0,200,K
-5.60389841537,-14.30311,0.37334582,3.9116596971880417,-7.472453,15.301081586605244,0,200,-3.67061047617,-10.615890499999999,2.3391352000000003,4.00215092459243,-4.10605575,16.017212023216036,0,200,4.672637749499999,2.14296,7.2234564,1.0924983023797108,4.856787799999999,1.1935525407025502,0,200,K
-3.2283236123729977,-9.320777,0.13153146,3.8105520863219953,-0.8895955849999999,14.520307202572914,0,200,-5.678459799949996,-11.018116000000001,1.6998832,4.02848637074361,-8.169016000000001,16.228702439267025,0,200,4.956494287000001,2.983325,9.045444,0.8243737089252223,5.1728222499999985,0.6795920119671272,0,200,K
-3.7450402369749987,-9.193883999999999,0.15068507,3.900361358041027,-2.08310515,15.212818723299634,0,200,-5.575628894237998,-14.729129,0.6847416999999999,3.503921247405844,-7.326257299999999,12.277464108022127,0,200,4.969279316000001,3.8236897000000014,7.0726213000000016,0.5576775970833435,5.1165585999999985,0.3110043022886521,0,200,K
-6.896503968597998,-9.536255,0.43559507,3.5582216854673203,-9.039458,12.6609415629299,0,200,-2.4518899877550013,-14.0803,1.5490485,3.844128869714603,-0.79128367,14.777326766973275,0,200,4.1814792605000015,2.734328,6.533926,0.8548467070748113,3.9398086,0.7307628925966482,0,200,K
-4.243596872044997,-9.210644,0.600795,4.0604183103237625,-3.39632475,16.486996854812492,0,200,-4.445661453994998,-9.998186,1.2473791,3.8980647190150366,-6.98867475,15.194908553629775,0,200,5.323034622500002,3.505261,7.5754037,0.8580157416006621,5.51160185,0.736191012834534,0,200,K
-6.4783087616950015,-9.292047,0.030974984,3.436257525312949,-8.723423499999999,11.807865780269875,0,200,-2.3423432869800003,-12.737153,1.7070657999999999,3.686053298502145,-0.005985504000000001,13.586988919398545,0,200,5.092975776500001,3.2634466,8.020725,1.0289675364871649,4.685601999999999,1.0587741911444644,0,200,K
-6.044718873267997,-9.433305,0.1842039,3.785084522297167,-8.7892645,14.326864840933574,0,200,-2.6772082870829994,-10.783484,1.8890251,4.119160103067752,-0.144849205,16.96747995470512,0,200,4.7778629430000015,2.9545946,8.116493,1.1744633621322291,4.35041425,1.3793641889909394,0,200,K
-6.207560513647996,-9.3112,0.08125322,3.701845194772201,-8.9029885,13.703657846058034,0,200,-2.4622329421414992,-12.35887,1.6328455,4.175844062984926,0.2693477,17.437673638366462,0,200,4.782639361499999,3.1557074000000003,7.1324762999999995,0.9544902779031672,4.4342112999999985,0.9110516906116654,0,200,K
-5.171237755634102,-9.521889999999999,0.5744588,3.9409743616531916,-6.8670194,15.53127891920778,0,200,-3.4387530001099997,-12.957419,2.3439236,3.8756306352561913,-2.4824879,15.020512820936311,0,200,5.270550722999999,2.9378352000000003,7.531709700000001,1.3218238513797311,5.58911415,1.7472182940763454,0,200,K
-4.1674252650092,-9.222914,0.7800608,4.046976883073893,-3.5187283000000003,16.378021892134484,0,200,-4.405570557488,-10.900202,1.3964181,3.854677061897157,-6.56669675,14.858535251516102,0,200,5.348628633999999,3.0976481,7.60593,0.996301305925218,5.55050775,0.9926162921882948,0,200,K
0.5050867721149999,-1.9205986000000002,4.273201,1.3727516041751362,0.642394245,1.8844469667654091,0,200,-2.6986962753480004,-18.068441,2.9311013,4.561831873395459,-1.9147628,20.810310041126726,0,200,7.470549783854997,-2.9237692,13.409474,3.2292221476441,7.7555672000000015,10.427875678835171,0,200,L
2.1402547170265,-2.330007,5.9778730000000015,1.5054654807385208,1.94124865,2.2664263136952654,0,200,-9.553140109,-19.636644,2.2918496,3.35193286324794,-9.28651,11.235453919721534,0,200,1.1440034431684991,-2.1336827,5.906047,1.125077732396197,1.148768,1.2657999039337682,0,200,L
2.551913749665,-1.4321815,9.945065,1.964707384892219,2.2369325,3.860075108250022,0,200,-6.7996764940000025,-14.594454999999998,-1.2300211,3.221098926967603,-6.9749082,10.375478297311844,0,200,5.152220316950002,0.21024084,15.154848000000001,3.415558944907707,4.6718355,11.666042906139053,0,200,L
2.320562034055001,-0.47928926,6.8014779999999995,1.6791805786496008,2.2321441,2.8196474157140083,0,200,-8.362898634499997,-18.499397000000002,-2.2523452999999996,3.5272514712787086,-8.005612,12.441502941637815,0,200,2.962375675510003,0.025887307000000002,12.413486500000001,2.8099371351944424,2.04300225,7.895746703744751,0,200,L
2.225332663250001,0.23657705,4.845415,1.1201579049919226,2.1890485,1.2547537321158932,0,200,-9.5293178245,-14.948797,-4.088698,2.0873850365851943,-9.602545,4.35717629095977,0,200,1.5160743597170006,-1.5231611999999999,5.6546555,1.778753247733511,0.92730427,3.1639631163225137,0,200,L
1.6655683165064998,-4.410568,9.62903,1.6958085393358022,1.7161936999999998,2.8757666020842274,0,200,-2.9157186768899988,-12.04463,2.3924060000000003,3.780685697817972,-1.78547595,14.293584345685362,0,200,8.375641798999997,2.0633529999999998,12.466159,2.5845660887754467,8.8233815,6.679981867248008,0,200,L
2.364567470315,-0.021996727,4.9387894,1.0294518805895054,2.2153847000000004,1.0597711744492693,0,200,-3.3223977824999995,-6.4637459999999995,-1.0983399999999999,1.1398426699718651,-3.2160115,1.2992413122885906,0,200,8.583721866,6.289119,11.441441000000001,1.2858796203409844,8.533683,1.653486398008274,0,200,L
3.4493922403999986,-5.2916346,11.28103,1.3878533734421516,3.35263065,1.92613698617476,0,200,-3.8524022218700007,-11.106103,3.2160115,1.2074621034431332,-3.8456864,1.4579647312513158,0,200,8.6483892145,5.434389,12.087875,1.6012478850153244,8.141034000000001,2.56399478926605,0,200,L
3.1351891652699986,-0.096216984,8.616283000000001,1.8535704996190008,3.1634886000000004,3.4357235970578315,0,200,-6.755371763500005,-14.836269,-0.27952304,3.8731357076371,-7.62732785,15.001180209773535,0,200,3.9805458839199996,-1.4249989,10.795007,3.84540108279142,2.0465934,14.787109487533428,0,200,L
3.281079859499999,1.7640778000000001,6.851756599999999,1.0520767523154948,3.0725091,1.1068654927627188,0,200,-8.734718219000008,-14.795567499999999,-5.5515550000000005,1.9381019395805927,-8.528744999999999,3.7562391282060563,0,200,0.8517552115749997,-0.8503905,2.1184196,0.7336852826403834,0.92610717,0.5382940939630992,0,200,L
3.7711729317999976,0.9189245,7.7902830000000005,1.665698269902978,3.6016275,2.7745507263577736,0,200,-5.894285186409999,-13.442844000000001,0.038905777,3.381192531554633,-5.720346150000001,11.432462935440828,0,200,4.936610469799999,0.8973767,10.306589,2.5633810981131853,4.5425488,6.570922654163959,0,200,L
5.206808110000002,2.1016603,11.381586,1.8100086904493544,4.9160445,3.2761314595021878,0,200,-4.347702699350003,-8.994417,0.26396075,1.8581309588064976,-4.56514415,3.4526506600751548,0,200,6.3448679325000015,2.2596773999999997,9.5787525,1.4491386675558913,6.4411508,2.100002877805664,0,200,L
3.6475722928000014,0.52388126,8.9395,2.0491867170332525,2.8761845,4.19916620126552,0,200,-8.701618331500004,-15.264832,-2.903568,2.2827490780475905,-8.798092500000001,5.210943353327124,0,200,1.9520465228000003,-0.18480244,8.429535000000001,1.342145768428588,1.7676691000000002,1.8013552637107653,0,200,L
4.020804374099997,-1.0778397,12.339267,2.4337680729100057,3.6004305,5.923227032716085,0,200,-7.314417902999997,-15.444397,0.98940384,3.0061714598551377,-7.227496400000001,9.037066846047573,0,200,3.1579460495350022,-4.0227080000000015,11.02485,3.1546065947490898,2.4823382,9.951542767634448,0,200,L
1.6236338633015015,-19.740643,10.835708,2.2821857685968987,1.6264112000000002,5.208371882386216,0,200,-3.359208629250002,-13.713388,2.8712463,3.3663648812375433,-2.5133132999999996,11.332412513629455,0,200,7.832780516389997,-2.6220999,19.584122,3.361863991130433,8.2535615,11.302129494859445,0,200,L
0.188740901934,-1.5423148000000002,1.8478748,0.8966009420682761,0.319177015,0.8038932493177202,0,200,-1.494448730205,-12.1523695,0.45789108,2.3345112654809954,-0.827795235,5.449942848657678,0,200,9.461771382,7.040898299999999,10.857256,0.7697817188622981,9.59192,0.5925638946945941,0,200,L
1.4012484430249992,-9.862165,6.3226375999999975,2.4247602825137786,1.434875,5.879462427656299,0,200,-7.895131494199997,-17.577631,1.8800468000000001,3.9085393426032486,-7.887098999999999,15.276679792677436,0,200,1.8296429499249995,-4.6715364,13.651289000000002,4.08752757803133,1.15595045,16.70788170116667,0,200,L
2.5719173097999994,-0.6827964,5.6666265,1.290281238786135,2.6295817,1.6648256751634836,0,200,-7.110108691029994,-16.742054,1.1976993999999999,4.0477329842176735,-7.90385835,16.384142311523714,0,200,3.6266828633199983,-3.3547256,13.454965,3.9218715724479734,2.2129905,15.381076630775542,0,200,L
-0.523306647988,-2.375497,1.0625767,0.723734229905783,-0.3954922,0.5237912355373168,0,200,-0.0979348193315,-3.2387563999999998,2.3014264,0.8167895397847543,-0.20171149,0.6671451523017907,0,200,9.417287086000007,7.287501,13.294553,1.5126599539937646,8.872462500000003,2.288140136416418,0,200,L
0.7354209492859003,-1.0371382,2.9037178,0.9096028882359882,0.65795654,0.8273774142872516,0,200,-1.4724819230000004,-3.8205473,-0.14305355,0.7603040065172351,-1.2204443,0.5780621823261597,0,200,9.7921472705,5.8102784000000005,14.041544,1.9170590196456816,9.7451495,3.6751152848048623,0,200,L
2.1893597792700006,-1.6692075000000002,12.150125,2.4943153159457014,1.23495915,6.2216088953613005,0,200,-4.280090443779998,-14.158710500000002,0.55126494,3.5094543473222886,-2.6210522999999997,12.316269815939313,0,200,6.398019218900004,-4.192696,13.890709,4.04931991440787,8.255956,16.396991769220158,0,200,L
3.444232755895,-1.9589058999999998,13.510032,3.5101213221931435,2.8546367000000004,12.320951696514944,0,200,-4.340567964566502,-13.100473,5.7634419999999995,4.283014626086191,-4.848857249999999,18.344214287268237,0,200,4.754746917423002,-3.6731544,16.06225,4.455862616220948,3.0772973,19.85471165463538,0,200,L
-1.7892527711799997,-6.254103700000001,3.8613985,2.453520667465543,-2.4592941,6.019763665680563,0,200,-3.5924756815300016,-11.278485,6.223129,4.063331960340793,-3.4051533000000003,16.510666619926962,0,200,7.02719152666,-0.3954922,12.992884,3.4688649119426267,7.83098485,12.033023777306726,0,200,L
2.7402775853500003,-5.370643,11.530026,3.6482053514438086,3.3945291500000003,13.309402286303243,0,200,-6.173712453900003,-15.121179999999999,-0.18136078,2.930909677336705,-5.959766600000001,8.590231536705947,0,200,4.51998348012,-4.460847,13.239486999999999,3.8381505634348456,5.488258600000001,14.731399747595225,0,200,L
6.847111599279997,-2.1648072999999997,19.282452,3.73326718840984,6.77394465,13.937283900057512,0,200,-3.60967804165,-11.211447999999999,3.244742,2.501482087210071,-3.5966894999999997,6.257412632632853,0,200,4.3274896322400025,-0.9437644000000001,14.568269,2.9108997388757283,3.4591724999999998,8.473337289786787,0,200,L
6.2697857560950006,-0.012419921,16.304064,3.2603757946235725,5.9407628500000005,10.630050322167293,0,200,-5.1868943252,-13.402142999999999,0.5153519,3.135448850603756,-4.9374425,9.831039494752414,0,200,2.8483398519709,-2.3802855,11.168502,3.0241248771002267,1.9364603,9.145331272296461,0,200,L
5.955439072355003,-0.16325463,14.89388,3.0920141862956148,5.7971103,9.560551728253332,0,200,-3.7256411913350016,-14.290391,2.866458,2.8660150027894904,-3.3010056000000003,8.21404199621444,0,200,5.319060262000002,-0.3859154,14.048727,3.0526261542033764,5.367351299999998,9.318526437326495,0,200,L
5.830521594049999,-9.785551,17.242592000000002,5.783556985152699,7.6657848,33.449531400508576,0,200,-4.288206777399998,-14.127585,7.812878599999999,2.927919930269244,-3.63140535,8.572715118067853,0,200,1.1310508092349991,-11.552472,8.29546,3.8048174448758094,2.12201095,14.476635788831285,0,200,L
6.837953776449997,-10.609157000000002,19.112463,3.972700375287567,6.8685160000000005,15.782348271809974,0,200,-4.890097102700003,-11.92492,0.74998367,2.3986985638751794,-4.443039899999999,5.753754800336847,0,200,2.454230320495,-12.479028,8.637831,3.0116899138930266,2.7492917,9.070276137444989,0,200,L
5.7646929837900025,-0.043544542,13.433416000000001,2.217165983280794,5.5181860999999985,4.915824997417492,0,200,-2.3655071931000005,-14.046183,4.6908400000000015,2.9553394957185843,-2.00095405,8.734031534954177,0,200,6.853432306649996,-0.6205472,11.582699,1.9519263964697304,6.817040200000001,3.810016657235308,0,200,L
1.1017498498368796,-5.3897967000000016,12.626571,2.4172919022224795,1.0194811,5.843300140550374,0,141,-5.598182688957449,-17.012598,2.7156234,4.722993127084311,-6.545148999999999,22.306664078485646,0,141,1.897337969007092,-11.018564999999999,15.083022,6.731827901147177,1.3426982,45.317506890663616,0,141,L
9.124129106000002,6.7703533,13.632135,1.0339251423312077,9.010129,1.0690011999446074,0,200,-2.6471850127500005,-5.0032830000000015,-0.3465607,0.999930632470362,-2.5923218500000003,0.9998612697525784,0,200,2.247479034389999,-0.40985740000000004,6.042516,0.9283670686519376,2.1854572,0.8618654141573916,0,200,M
9.102377809499997,5.4008703,12.844443,0.9954024837407142,9.095124,0.9908261046371828,0,200,-2.327654859600001,-4.9984946,1.6765398,0.9317053688201842,-2.4414871,0.8680748942883554,0,200,2.46420217,0.6962638000000001,6.3633394,0.9073513941278204,2.408118,0.8232865524256991,0,200,M
9.322345098999996,6.5189624,14.587422,1.1050396040827193,9.2639145,1.2211125265912932,0,200,-2.0974763122999995,-4.2275615,3.6134489000000003,0.91785007278089,-2.167351,0.8424487561038851,0,200,1.9464081729,0.4424784000000001,5.1063833,0.6239083890273724,1.9256863999999998,0.3892616778987311,0,200,M
9.172767276499997,7.4862199999999985,12.983307,0.6769341696713617,9.125051,0.4582398700686559,0,200,-2.1211669383565,-3.7654807999999997,2.0428526000000002,0.8060469159109618,-2.2032641,0.6497116306495732,0,200,2.456552692749999,0.61964935,6.293907,0.7119409505511864,2.4380455000000003,0.5068599170717271,0,200,M
9.273862477500002,5.5229745,13.478907000000001,1.1107359358525852,9.1873,1.2337343191943184,0,200,-1.8959084700900004,-5.04159,2.5384523999999997,1.0146113927546156,-2.0308816000000003,1.0294362783074609,0,200,2.37960304952,-0.56069213,5.4894557,0.9954014906095502,2.3494601000000004,0.9908241275077144,0,200,M
9.191705410000004,5.8461914,13.579463,0.7958588377513581,9.1202625,0.6333912896269426,0,200,-1.9714814476929996,-5.453393,1.7699136000000002,0.8252793950401894,-2.0943279,0.6810860798779009,0,200,2.4860253224999993,0.43529579999999995,7.3186255000000005,0.8523222776073827,2.4464252,0.7264532649058363,0,200,M
8.408825443099994,-2.8375778,14.144495000000001,2.8253097114289925,8.990975500000003,7.982374965494976,0,200,-2.8262713041499983,-13.433268,4.4562078000000005,2.1286370805561927,-2.4821887,4.531095820718792,0,200,3.0281444151100008,-8.612392,17.608904000000006,3.0542246160389657,2.8211179,9.328288005218367,0,200,M
9.226193921000002,4.629937,14.450953,1.233698227164426,9.297433,1.5220113157086472,0,200,-2.085217996185001,-13.811551000000001,5.6485205,1.502912057516392,-2.1637596500000003,2.2587446526281547,0,200,2.1953931871,-5.605275,8.484602,1.4860886024869544,2.2237644,2.208459334441629,0,200,M
9.1000553985,1.6659154999999999,16.450111,1.648540772456171,9.127445,2.717686678450389,0,200,-2.6197115455999995,-17.831415,2.2319946,1.9627419304209799,-2.36726685,3.8523558854326763,0,200,2.147987992091501,-6.1703067,12.2698345,1.7589510641949386,2.11123705,3.0939088462325075,0,200,M
8.637723089750004,-5.583727400000001,13.565098,2.5931053212778665,8.964639499999997,6.72419520723959,0,200,-2.8455326605849995,-19.871275,6.9796963000000005,2.263878167989757,-2.7395653500000003,5.125144359500658,0,200,2.5441924603,-4.664354,11.343278999999999,1.6965033196008064,2.4907179,2.8781235134165555,0,200,M
6.788357884720003,-6.5845037,12.059145,4.157115595315947,8.522909,17.28161007281906,0,200,-4.569669125450001,-19.871275,10.219051,3.7295108595164255,-3.6685156,13.909251251250947,0,200,2.1294568422249998,-10.700136,17.721432,3.5261771242492728,2.3913586,12.433925111578874,0,200,M
8.291282066399999,-6.1774892999999995,15.078234,3.2578952566389576,8.962245,10.613881503230619,0,200,-2.950422637399998,-14.683041000000001,0.66139823,1.8472510975514969,-2.6210522999999997,3.4123366174052103,0,200,2.1035276545,-7.530213400000001,8.508544,1.8238420147048535,2.1519383999999997,3.32639969460266,0,200,M
9.204310941999994,7.048081,11.958589,0.7105185355381328,9.160964,0.5048365893432529,0,200,-2.1231780587750007,-3.7223851999999997,0.56084174,0.7328010002785836,-2.1529858500000003,0.5369973060092927,0,200,2.357779910750001,0.21024084,4.924424,0.8949842577569843,2.3338978,0.8009968216328202,0,200,M
8.655197765749996,-2.330007,19.485360999999997,2.4009964784388265,9.1753295,5.764784089475646,0,200,-2.513720250500002,-11.690289,1.6597804,1.5274479618885648,-2.31698875,2.3330972762775306,0,200,2.8542655175499982,0.66035074,10.050410000000001,1.5017276432423656,2.5338135,2.255185914478269,0,200,M
9.430886203500002,6.765565,12.456582000000001,0.8154207098502275,9.330952,0.6649109340526489,0,200,-1.63533553605,-3.7487214,2.1481974,0.7652499064597973,-1.6573862000000001,0.5856074193367286,0,200,1.9021752978189987,-0.09382278,4.1582794000000005,0.7499065644003897,1.9268835,0.5623598553307958,0,200,M
9.379147488500005,6.99062,12.5643215,0.9144424783696417,9.38362475,0.8362050462468126,0,200,-1.7301818226199999,-6.595427000000001,6.30932,0.9770926726499544,-1.7495628499999998,0.9547100909462312,0,200,2.0446542301999995,0.10968436,8.094347,0.8409307852380484,1.9783587,0.7071645855610807,0,200,M
9.410619287000008,6.7823243,12.696003,1.0581105874298502,9.437494000000001,1.1195980152311429,0,200,-1.6125187934500014,-5.41748,4.2957964,1.0538440209879059,-1.7184383000000003,1.1105872205719582,0,200,1.9330485186000013,-0.13691841,8.020126,1.1632086611853998,1.7856256000000001,1.35305438945673,0,200,M
9.363621136000004,6.8469679999999995,12.387151,0.8551443612327908,9.3177845,0.7312718785482378,0,200,-1.8100164889700008,-4.445434,0.46746787,0.7598123485786401,-1.8740613,0.5773148050525888,0,200,1.9523817070999996,0.17672202,4.687398,0.6727848645222493,1.9256863999999998,0.4526394739302214,0,200,M
10.502913000000001,10.502913000000001,10.502913000000001,,10.502913000000001,,0,0,-2.367267,-2.367267,-2.367267,,-2.367267,,0,0,0.77048403,0.77048403,0.77048403,,0.77048403,,0,0,M
1.9380164866505,-10.841394000000001,14.977676999999998,3.737063437875325,1.5629648,13.965643138704538,0,200,-7.074866010599999,-18.98542,10.827179,3.7861918143025473,-7.378331299999998,14.335248454691616,0,200,-0.5259642087499989,-19.641882,19.584122,6.9635347551826285,0.6543652500000001,48.4908162866364,0,200,O
3.0741370321144985,-10.637887,15.834801,3.2523040745046985,2.8570309,10.577481793039864,0,200,-6.964756696150002,-18.583195,6.464943,3.8589352600630495,-7.302913800000002,14.891381341357874,0,200,-5.4147984025800024,-19.641882,19.584122,4.645867529575363,-6.0015155,21.58408510236269,0,200,O
3.2463519561499985,-5.068974,14.620941,3.0403604408516083,2.9659668999999997,9.243791610295386,0,200,-6.67145501775,-15.116391,5.1768627,3.1845759148522825,-6.614580700000001,10.141523757457252,0,200,-6.937696201750003,-18.533964,13.897892,3.328863155625016,-6.7987845,11.081329908877738,0,200,O
3.3091997425249984,-2.9596822,13.222726999999999,2.845188458891453,2.9958945,8.09509736660912,0,200,-6.541737208900003,-15.530588,6.4721255,3.5008841510770843,-6.6876036999999995,12.256189839262714,0,200,-7.0204757651500005,-18.340034,7.749582000000001,3.2832356045140805,-7.0286279999999985,10.779636034748938,0,200,O
2.732352752575001,-3.076998,15.106964000000001,2.6919055402793695,2.503886,7.246355437786762,0,200,-6.920667478999998,-16.780361,5.54557,3.119506411501568,-7.020397999999999,9.731320251399382,0,200,-6.816729203250003,-19.641882,12.796559,3.3417602248781018,-6.8227265,11.167361400577345,0,200,O
1.41551788675,-4.7553334000000005,16.390255,3.3174808510441034,1.7461212499999998,11.005679197044312,0,200,-7.513735147609997,-15.669452,8.813655,2.8119439725399973,-7.769783200000001,7.907028904704018,0,200,-6.040792386500003,-19.641882,5.2380643,3.3159894442001474,-5.723788000000001,10.995785994046802,0,200,O
2.774801947825001,-18.943373,14.453347,3.2325778442822504,2.6499324,10.44955951934448,0,200,-6.419956092835001,-13.991117000000001,13.750499,3.6559534868557133,-6.6720415000000015,13.365995898052445,0,200,-6.87419001535,-17.030405,8.96823,3.733851413358975,-7.1160164,13.941646377042813,0,200,O
3.373837216100001,-9.309105,19.485360999999997,4.300921501724972,2.6104281000000005,18.497925764000186,0,200,-6.724378836170005,-19.871275,9.045893,4.177387577236517,-6.9090677,17.450566970449973,0,200,-6.085593866149999,-19.641882,16.849943,4.675271029158754,-6.3247325,21.858159196091147,0,200,O
3.5730168340375013,-2.9141924,12.949788,2.84696412505384,3.5525464999999996,8.105204729343574,0,200,-6.6135871596000015,-15.355811,8.088212,3.6849485226815895,-6.4948707500000005,13.578845614813227,0,200,-7.1337544084500015,-19.641882,10.598682,3.54473614001496,-6.823923599999999,12.565154302328155,0,200,O
3.2837493830400004,-2.744204,13.203573,2.8021268193713142,3.0940568,7.851914711839996,0,200,-6.7478899050599965,-15.054142,3.4554317,3.3710137411168763,-6.584653200000001,11.363733642798795,0,200,-6.981869211599999,-18.586637,7.0193505000000025,3.539342235621824,-7.092074500000002,12.526943460856488,0,200,O
3.3125157151000018,-6.0242605000000005,14.84839,3.3791713608313114,3.1024365,11.418799085862535,0,200,-6.542371599449999,-15.513828,6.618172,3.5586573982076235,-6.5738792,12.664042477817855,0,200,-6.727401541170001,-18.44059,9.990555,3.7842571780095784,-7.034613500000002,14.320602389317024,0,200,O
3.0297724631,-7.0322194000000025,15.023167,2.5956122910250583,2.728941,6.737203165320352,0,200,-6.873130592749998,-16.208147,12.610859,2.960947279740064,-7.246650200000001,8.767208793400082,0,200,-6.4034271428,-19.641882,14.762198000000001,2.8514633297754948,-6.3343095,8.130843121054351,0,200,O
2.557552116049999,-9.239674,16.6201,3.7808640720158295,2.5445875,14.29493313106012,0,200,-7.0189135607000015,-16.607979,7.626131,3.581081167685142,-7.2550299,12.82414232954918,0,200,-5.750208080134997,-19.453339,11.776629,4.547878127326003,-6.340294799999999,20.68319546101027,0,200,O
3.1003535399799995,-5.8973675000000005,14.359973000000002,3.375529489435545,3.1587002,11.394199334048992,0,200,-6.271910616400003,-14.113220000000002,5.1265845,3.1649301907221816,-6.45297225,10.016783112144745,0,200,-6.997629070399996,-19.641882,2.2596773999999997,3.383957849445828,-6.849062699999998,11.451170726826028,0,200,O
2.918322381195,-5.9787707,14.134917999999999,2.746798778998769,2.8833671,7.544903532309128,0,200,-6.692799322300002,-16.667832999999998,4.9422307,3.2720734362622323,-6.85160685,10.706464572292932,0,200,-6.3355994142,-19.641882,4.371363,3.885281441880114,-6.579715350000002,15.095411882618016,0,200,O
2.671468209104999,-15.672894,12.573898,3.7477579939691164,2.7564743000000003,14.045689981359413,0,200,-6.40348400175,-15.442001999999999,5.0284224,3.3066541831291256,-6.627748700000001,10.933961886805346,0,200,-6.959097387800001,-19.641882,16.323217,4.4203957477724325,-7.149535200000001,19.539898566924602,0,200,O
2.8297488632859,-11.2627735,16.37589,3.906072356538502,2.78759895,15.257401254514244,0,200,-6.410510976504997,-19.871275,6.072294,3.8957846055044216,-6.3584013499999985,15.177137692485235,0,200,-7.012628749299999,-19.641882,19.584122,4.434284265799553,-6.9400428000000005,19.662876949917482,0,200,O
2.8562287494,-6.1894602999999995,14.537144,3.6667225059840085,2.5613468999999998,13.444853935889645,0,200,-6.276758848649997,-13.718176999999999,7.2071457,3.5509947183575945,-6.832452999999999,12.609563489803529,0,200,-7.1692873624999915,-19.185185999999998,11.956194,3.6399634690879545,-6.9556049999999985,13.249334056294815,0,200,O
3.4136827000000003,3.4136827000000003,3.4136827000000003,,3.4136827000000003,,0,0,-10.320805,-10.320805,-10.320805,,-10.320805,,0,0,-11.921178999999999,-11.921178999999999,-11.921178999999999,,-11.921178999999999,,0,0,O
4.891644417659999,-7.8773727,19.485360999999997,6.782498848237977,4.3139023000000005,46.0022906263495,0,200,-3.4131979091750013,-19.871275,12.208633,5.094842725835759,-2.903568,25.957422401001548,0,200,4.124042356800001,-10.642675,19.584122,5.623279247120634,4.695777700000002,31.621269491097607,0,200,P
6.179880607509,-8.370578,19.485360999999997,7.722001268518971,4.6622588,59.62930359100861,0,200,-3.644241347744998,-19.871275,19.354727,6.286288259278725,-4.50169775,39.51742007874554,0,200,2.1506366111549986,-19.641882,19.584122,7.727336579431988,1.7664719999999998,59.711730611827676,0,200,P
3.0824449112175,-4.6571712,19.485360999999997,5.21677262583795,1.5845126,27.214716629692177,0,200,-6.698880606200005,-15.899295,10.326791,4.02355383475812,-7.66324085,16.188985461196776,0,200,-2.2278226200000004,-12.067225,19.584122,6.005402897136582,-2.790891,36.064863956936456,0,200,P
3.569611103620003,-5.6363997,19.485360999999997,5.340265805821778,2.3518543000000003,28.518438876829318,0,200,-5.6499568978,-14.041394,10.779295,4.059761892419279,-6.237494,16.481666623139766,0,200,-1.5934788846800003,-11.382483500000001,19.584122,6.765641658142535,-4.4800005,45.77390704639365,0,200,P
4.566035962760001,-3.7449803,19.485360999999997,5.227530062951313,4.4503722,27.327070559059766,0,200,-5.703179981080003,-15.087660999999999,8.404246,4.405513700242347,-6.73548795,19.40855096302301,0,200,-2.5486935254049987,-11.4998,19.584122,5.979273322086214,-5.023484000000002,35.751709460211906,0,200,P
3.5655858441999992,-6.5198602999999995,19.485360999999997,5.730056472923845,3.91047955,32.83354718289646,0,200,-6.16119080207,-19.385251999999998,6.8671690000000005,3.9245047625715315,-6.8420301499999985,15.40173763144663,0,200,-1.9412845722,-10.542119,18.291252,5.855053321725711,-3.72343255,34.281649400251275,0,200,P
4.0918673109500014,-6.0745387000000015,19.485360999999997,5.559146599313864,3.97153185,30.904110912662894,0,200,-5.833663976549999,-16.181810000000002,5.8065375999999995,3.6201501532675917,-6.561908299999999,13.105487132203374,0,200,-1.5937901535500003,-9.658659,15.406239000000001,5.578266746285571,-3.0805894,31.11705989271541,0,200,P
4.341423953719999,-4.3555017,19.485360999999997,5.531208762926941,4.3486183,30.594270379079767,0,200,-5.987263997459997,-19.871275,9.582193,4.035710409771889,-6.2961521000000005,16.286958511541187,0,200,-2.218581017270001,-10.439167999999999,17.00796,5.6178493400481955,-4.45845245,31.56023120747993,0,200,P
3.5632275900699977,-6.8813844,19.485360999999997,5.8313253750596745,3.0617352,34.00435562981485,0,200,-5.984163474970001,-17.675793,7.966107400000001,3.9951527391979793,-6.0974331,15.961245409521116,0,200,-2.4106079742224997,-10.872519,19.584122,5.973602173203468,-4.7325885,35.6839229237012,0,200,P
4.2027068948,-6.318747,19.485360999999997,5.969539238215277,3.2377089000000003,35.635398716591844,0,200,-5.7782381995000005,-16.370953,7.317278999999999,4.024327249825572,-6.324882499999999,16.195209813688653,0,200,-1.9161574263999999,-10.427197,18.047043,5.561551516408919,-3.4073979000000003,30.930855269670342,0,200,P
4.899958275585,-19.740643,19.485360999999997,6.120409281795085,4.5497315,37.459409776683415,0,200,-5.241054163059997,-19.871275,19.354727,4.544593785134004,-5.9872998499999985,20.65333267187861,0,200,-0.457980847130001,-16.980127,19.584122,6.777205150848538,-2.258181,45.93050965668794,0,200,P
5.069300141069999,-4.0705919999999995,19.485360999999997,5.6404496630553576,5.25242975,31.81467240146129,0,200,-5.429139651035,-17.283144,7.425018,3.63148153231073,-5.884349299999999,13.187658119513886,0,200,-0.7876265187149996,-10.384102,15.727062,5.9548990746999175,-2.4401405,35.46082298986194,0,200,P
3.1088559655775003,-5.6363997,19.485360999999997,6.234054576768408,2.02145445,38.86343646612713,0,200,-5.623058023899998,-12.949638,7.7218990000000005,3.3874068638636974,-5.9633579,11.474525261350891,0,200,-2.03730403242,-13.1925,16.37589,5.744116170534407,-4.15438885,32.994870580594856,0,200,P
2.992506779799003,-9.644294,19.485360999999997,6.064237388156912,2.2082021000000003,36.77497509992017,0,200,-5.623848109501503,-17.41243,5.7921724,4.09850470500364,-6.096236,16.79774081693697,0,200,-2.2304203520999994,-11.229255,17.165976999999998,5.642042924014183,-3.9377136,31.832648356418524,0,200,P
3.93322149091,-7.0705266,19.485360999999997,5.838493161877349,3.4699463999999995,34.088002401288556,0,200,-5.804071660730001,-15.693394,4.923076999999998,3.737604035452004,-6.14531715,13.969683925827105,0,200,-2.478124457785,-9.795128,16.849943,5.5274598519315985,-4.4584525,30.552812414715675,0,200,P
4.567134293879999,-5.519083999999999,19.485360999999997,5.4698167282569985,4.85259795,29.91889504072009,0,200,-5.706424136215,-13.713388,5.131373,3.666809867380293,-6.31889685,13.445494603517485,0,200,-2.2500288755200017,-13.618669,17.714249,6.070140623952607,-4.21184975,36.84660719455974,0,200,P
5.9401401288449955,-4.4345099999999995,19.485360999999997,5.4752712285542415,5.686977200000001,29.978595026233887,0,200,-4.256088577549998,-15.571289000000002,6.192004,4.230350346171261,-4.03841975,17.89586405135131,0,200,0.4146098725200001,-12.852524,19.584122,5.689598494607277,-0.086640173,32.37153102983739,0,200,P
5.585894071050001,-4.580557,19.485360999999997,5.090779759207226,5.8186585,25.916038556753996,0,200,-5.416031390029999,-12.159552,3.946243,3.5500206910018326,-6.00405925,12.60264690654113,0,200,-1.7041149710000003,-9.637111,15.746216,5.312803020231399,-3.1141083,28.22587593177987,0,200,P
-2.1528362999999997,-2.1528362999999997,-2.1528362999999997,,-2.1528362999999997,,0,0,4.920683,4.920683,4.920683,,4.920683,,0,0,-2.195932,-2.195932,-2.195932,,-2.195932,,0,0,P
0.04170100694299998,-5.0183964,2.9471126,0.7510397811353038,0.12434885,0.564060752847765,0,200,-7.515590686199999,-13.994109,6.1363389999999995,3.0406978097762702,-8.11754075,9.245843170378206,0,200,5.338908170900002,-1.1562497999999999,9.995942,1.6042627873164579,5.548712,2.573659090768372,0,200,Q
0.15969923994199994,-2.4206874,0.9862615,0.3452777362004964,0.18180970000000002,0.1192167151157396,0,200,-7.937844016500001,-16.654066,-3.6487634,1.1767602494461018,-7.868544,1.384764684676452,0,200,5.706142810000001,2.4829369,10.096498500000001,0.8249080291664869,5.79890625,0.6804732565833376,0,200,Q
0.22254703213,-3.067122,2.049287,0.4181149821932601,0.23927054,0.1748201383344702,0,200,-7.798513483000004,-12.064383,-2.801216,1.0976273110419117,-7.837419199999999,1.2047857139450977,0,200,5.794069851499996,3.150919,8.8946085,0.8168636890517385,5.8276367,0.6672662864912153,0,200,Q
0.3130837706050001,-0.41195232,1.5129858,0.20765450549760345,0.32306759,0.04312039365345421,0,200,-7.661828531500001,-13.570335,-2.9903579,1.0093156065953326,-7.675810799999999,1.0187179937169042,0,200,6.113073281500005,3.5339913,10.462811,0.6939837014301007,6.09578705,0.4816133778506231,0,200,Q
0.222738569413,-2.8109424,1.4866496,0.2846609876524661,0.23089083,0.08103187789127747,0,200,-7.901260673499999,-14.571112,-3.3806129,0.9023724512383736,-7.8948800000000015,0.8142760407539509,0,200,5.740523538499999,1.7742531000000004,6.8451724,0.5649199309528817,5.79052665,0.3191345283878087,0,200,Q
0.3635415719899999,-2.8061540000000003,2.6837504,0.4665671650248507,0.36017773,0.21768491947932628,0,200,-7.851209851999996,-12.038046000000001,-3.4380736000000005,0.8040177848610098,-7.81228,0.6464445983728051,0,200,5.799145562500002,4.2378864,10.218602,0.7032297890033152,5.7773585,0.4945321361416473,0,200,Q
0.3073376865000002,-0.44068274,1.6805799,0.21374625682129272,0.30391398,0.04568746230511403,0,200,-7.613944469000001,-9.540894,-4.5082817,0.6784985395963474,-7.619547000000002,0.4603602682343762,0,200,6.1432761535000004,4.4581532,8.233808999999999,0.5490046585269641,6.1209262,0.3014061150843084,0,200,Q
0.27456106612500003,-1.7886183,1.5129858,0.23881667666795345,0.27039516,0.05703340505472582,0,200,-7.5646358839999985,-10.2735195,-3.8929720000000003,0.8751040465689525,-7.644686,0.7658070923213552,0,200,6.234519186500004,4.611382,7.6975083,0.5893024773022911,6.086210299999999,0.3472774097546173,0,200,Q
0.3935888006549999,-1.0248680000000001,4.6829089999999995,0.4888044001402276,0.36137483,0.2389297415964477,0,200,-7.593258580999997,-15.176845000000002,-3.1028854999999997,1.131010085039142,-7.564480199999999,1.2791838124602477,0,200,6.188275195,3.3735797,14.164247,0.9132699012755864,6.22387715,0.834061912575919,0,200,Q
0.35607166231500004,-0.49335518,3.7252282999999995,0.29865602079441866,0.3290531,0.08919541875675624,0,200,-7.853412539999999,-11.300632,-4.6758760000000015,0.9631043749551316,-7.864952499999999,0.9275700370577143,0,200,5.8162880395000025,3.754258,7.458088,0.5901364795159528,5.8827032999999975,0.3482610644554826,0,200,Q
0.37697304397500014,-0.80460143,3.8329672999999995,0.3449743561189135,0.40925884,0.11900730637965895,0,200,-7.751192051000003,-11.552023,-5.1882353,0.8695285970279002,-7.7392571,0.7560799810493084,0,200,5.977932578000001,2.1214123,8.664765,0.7485690295411841,6.09459,0.5603555919882302,0,200,Q
0.2175431521600001,-1.2954128,1.0125977,0.23522777440893056,0.21293432,0.055332105853378735,0,200,-7.321636374000003,-9.7084875,-4.9823337,0.8155824531077824,-7.3382282000000005,0.6651747378173082,0,200,6.481086033499997,5.1309237,7.932139999999999,0.4908077703321472,6.4908305,0.2408922674184137,0,200,Q
0.27493216725,-0.7902361999999999,3.3182139999999998,0.33488237083947,0.26081836,0.11214620229906427,0,200,-7.709042183499997,-10.091560000000001,-5.695806,0.7860648066938751,-7.6315182,0.6178978803226793,0,200,6.048669273000001,3.5268087,7.6568065,0.6330869483410726,6.1209261,0.4007990841598119,0,200,Q
0.28638842090799993,-1.0320506,2.1713912,0.2570543650980391,0.26919806,0.06607694661595598,0,200,-7.704696697999998,-11.563994000000001,-4.1683053999999995,0.9382864947915832,-7.6434891999999985,0.8803815463082756,0,200,6.054475203000001,3.5818752999999997,7.3910503,0.6429872964890849,6.1029696000000015,0.4134326634463424,0,200,Q
0.3382707730499998,-0.70165074,2.1546319,0.2886713804038281,0.3230676,0.08333116586425163,0,200,-7.621845346500006,-11.348516,-4.295198,1.0487307991733192,-7.6315182,1.0998362891347089,0,200,6.1044302645,3.0575452000000003,8.26254,0.7157951590484487,6.1412767000000015,0.512362709717194,0,200,Q
0.3308367763619998,-1.0655694,3.045275,0.3092800908339651,0.31827918,0.0956541745862657,0,200,-7.939867139999995,-12.662932000000001,-3.5434184,1.0743661651225866,-7.96191765,1.154262656760213,0,200,5.7706306455,2.5739164,9.904963,0.7514115942012629,5.77257,0.5646193839000835,0,200,Q
0.2919669130100001,-0.44547117,1.6350901000000002,0.19120529481828544,0.27398646,0.03655946476654745,0,200,-7.623844483999998,-10.041282,-5.4276550000000015,0.8236580902253492,-7.629123799999999,0.6784126495936694,0,200,6.093021866500001,2.9713540000000003,7.932139999999999,0.7232101930123412,6.1448682,0.5230329832769479,0,200,Q
0.21323358826500008,-0.6394015000000001,0.95992523,0.17265934166205216,0.22370823,0.029811248263173256,0,200,-7.704086177500002,-10.086772,-4.8985367,0.7814464822845008,-7.705738500000002,0.6106586046748206,0,200,6.059407244999999,4.644901,7.3120418,0.5123766820555573,6.07423935,0.2625298643142616,0,200,Q
-6.954958428500004,-18.227207,13.637223,3.10282954236648,-7.241413,9.627551168982178,0,200,-3.4172530808499992,-11.276689999999999,19.318214,3.5045389800973044,-3.8031894,12.281793463021453,0,200,4.9419615116649975,-1.1730091999999999,19.649363,3.654259419950364,4.660462999999999,13.353611908295967,0,200,R
-7.032865704500001,-19.793015,10.790517999999999,2.9409156372904564,-7.076212599999999,8.64898478565953,0,200,-3.937420325500002,-14.841657000000001,19.048270000000002,3.2657157470259284,-4.0845079,10.664899340373116,0,200,5.085469964400001,-2.0540755,19.649363,3.570434748506917,4.5168111,12.748004293345653,0,200,R
-7.030758841500001,-19.793015,10.100987,3.094219175054701,-7.49280375,9.574192303276195,0,200,-3.7085376333550006,-16.067488,19.318214,2.879211194304672,-3.9480386,8.289857101409334,0,200,4.895250626400001,-1.6805799,19.649363,3.733225842447943,4.427028649999999,13.936975190721151,0,200,R
-7.347439893399999,-19.793015,4.3596916,2.5574831496210213,-7.501183500000001,6.54072006059546,0,200,-3.431648199700001,-14.030022,19.318214,3.332059496652996,-3.6403837,11.102620489235415,0,200,5.23291688245,-0.52657473,19.649363,3.4301619596636765,5.2673933,11.766011069523756,0,200,R
-6.86983258905,-16.524929999999998,9.650877000000001,2.913601733937253,-7.277325999999999,8.489075064002169,0,200,-3.5035311402585,-13.079524000000001,17.573439999999998,3.2865930312172056,-3.809175,10.8016937528455,0,200,5.524099682800002,-0.4571429,19.649363,3.5159511814869853,5.1440918500000015,12.361912710599725,0,200,R
-7.310066430300004,-19.793015,5.7076273,2.4576353167494687,-7.385064849999999,6.039971350134263,0,200,-3.314149749950001,-13.883976,17.448942000000002,3.160095842295456,-3.8534677000000004,9.986205732493028,0,200,5.294052805513001,0.0073322426,19.649363,3.5445139445884317,5.2853498499999985,12.563579103381848,0,200,R
-7.355640050000001,-19.793015,10.098593,2.9444328695808464,-7.6496238499999984,8.669684923468099,0,200,-3.5861909257999987,-13.893553,14.17128,2.9326124377603864,-4.015076199999998,8.600215710106912,0,200,5.011046183649999,-1.4411598,19.649363,3.4849933590641022,4.4330142000000015,12.145178712720892,0,200,R
-6.829933218250001,-16.280722,7.103447,1.7240849519056838,-6.828413000000001,2.9724689213876236,0,200,-4.101949861524997,-15.014039000000002,6.610390700000001,2.1088351059326342,-4.355052850000002,4.4471855040139046,0,200,5.446359964349999,-1.6710031000000003,19.649363,2.9426810106624743,5.175216400000001,8.659371530513521,0,200,R
-6.795085625700003,-13.900885,9.339630999999999,2.1385694298757154,-6.982839,4.573479206398941,0,200,-4.131793572399999,-13.500903,16.383522,2.8969524483660067,-4.4184991999999985,8.392333488093799,0,200,5.244971666150003,-11.408221000000001,19.649363,3.188150127044554,5.1381063,10.164301232574203,0,200,R
-6.6744058625000005,-14.717307,10.129717999999999,2.6593673754670046,-6.9672765000000005,7.072234837698264,0,200,-4.0126251925,-18.004396,19.318214,3.5945212524455528,-4.4436383,12.920583034282748,0,200,5.349765885299998,0.7710826,19.649363,3.5268117982082603,4.8998835,12.438401459980982,0,200,R
-6.602280543449999,-16.848146,6.785017999999999,2.3239595958925627,-6.7529957000000005,5.400788203341127,0,200,-4.2821015664700015,-15.040375,16.041151,2.891276351177733,-4.4759600000000015,8.359478938879626,0,200,5.668230633000004,0.79741883,19.649363,3.5561809754328317,5.2889414000000015,12.646423130030403,0,200,R
-6.716507880449999,-16.563236,10.27337,2.7836802422874665,-6.984036,7.7488756913016115,0,200,-3.8347629713,-18.01158,19.318214,4.082425603640819,-4.344279049999999,16.6661988092621,0,200,5.307376527329999,-2.7196634,19.649363,3.6661333623213417,4.789750499999999,13.440533830325586,0,200,R
-6.759902823850001,-18.390013,11.865514,3.026380398065688,-7.246201299999999,9.158978313796233,0,200,-3.5960071645999987,-12.744335000000001,19.120094,3.6102434592465915,-4.2245692,13.033857835032792,0,200,5.2724331750000015,-0.68459207,19.649363,3.569057332568157,5.019593500000001,12.738170243158526,0,200,R
-6.84453785545,-17.896807,7.3835683,2.6622109627752217,-7.186346,7.0873672103205765,0,200,-3.71477153485,-19.352332999999998,18.7873,3.1787902970610733,-4.0797195,10.104707752689622,0,200,5.219700882440001,-0.6702268,19.649363,3.558720049672683,5.0255790000000005,12.664488391942346,0,200,R
-6.387448815500004,-17.315016,9.516802,2.727763291031499,-6.647650499999999,7.440692571898992,0,200,-4.2974543689999996,-17.7961,19.318214,3.395507254695352,-4.5896845000000015,11.529469516688767,0,200,5.53342510135,-0.8833108000000001,19.649363,3.577738247265662,5.332037000000001,12.80021096594757,0,200,R
-5.937590283,-16.266356,12.928539,3.4495146094939715,-6.521955,11.899151041112347,0,200,-3.5813277129999994,-11.8896055,19.318214,4.037966406027556,-4.144362999999999,16.30517269620711,0,200,5.848980891455003,-0.3350386,19.649363,3.7323866545214734,5.639691600000001,13.930710138850005,0,200,R
-6.400545092397,-19.793015,10.771364,3.0807156386641465,-6.5662477,9.490808846309838,0,200,-4.0568939867000005,-17.341204,19.318214,3.4352727966360104,-4.224569000000002,11.801099187307393,0,200,5.972832950079999,-1.6710031000000003,19.649363,3.3567719978552364,6.1484595,11.267918245585037,0,200,R
-6.365314442249996,-15.833006,11.824813,2.9837105509938997,-6.8020768,8.902528652112318,0,200,-3.681743500999998,-18.574217,17.922995,3.4699889068215954,-3.7529111,12.040823013464928,0,200,6.089837583762001,-1.1490672,19.649363,3.587622533276464,5.8240453500000005,12.871035441273033,0,200,R
1.8524477068200016,-5.8734255,10.088716999999999,4.375321274120789,0.8842085999999999,19.143436251773966,0,200,-3.8333563375000006,-18.269554,5.1122193,4.88497588935706,-3.3033997999999998,23.8629894395998,0,200,4.513974002455003,-6.917298,14.280964,4.859925069931343,5.737255300000001,23.61887168534717,0,200,S
6.6127312315000015,2.4751556,11.886763,1.6384438115722963,6.63747515,2.684498123679554,0,200,-2.2158576122964995,-9.389461,4.38917,3.403005903922553,-2.5995044999999997,11.580449182131755,0,200,5.561963967165,-3.4097922,10.170119999999999,2.4992151403374776,6.260388300000002,6.2460763176920775,0,200,S
2.9900406609599983,-12.574797,12.966548,5.610541931539654,4.3857285,31.478180765564705,0,200,-4.443889744449997,-13.296798,7.5327573,3.5280793195904896,-4.575917950000001,12.447343685322092,0,200,5.1231666622499965,-4.0897455,14.580239,3.7685791967661473,5.745635,14.202189162298579,0,200,S
6.711575858639997,-2.420987,10.476578,2.753915992326353,7.6107183,7.584053292790843,0,200,-2.81263632934,-11.956045,6.498462,2.851561976980006,-2.80780005,8.13140570855812,0,200,5.396967578749999,-0.34281975,11.941828999999998,2.151000117357917,5.27996285,4.626801504873772,0,200,S
3.8929300649,-11.377695,11.515661,5.422615422965876,5.64986715,29.40475802538739,0,200,-5.5499390962999975,-19.871275,3.3237504999999996,3.2859556954846765,-5.2175639,10.797504832688183,0,200,3.1066024118000013,-6.1439705,12.265046,3.2312324580981158,3.6088101999999997,10.440863198266797,0,200,S
5.3818362213499995,-5.686678,13.268217000000002,4.0668887068820485,6.3142578999999985,16.539583754164735,0,200,-4.928012293200001,-19.871275,19.354727,3.7675849915300095,-5.111022,14.194696668402186,0,200,3.2384989713750003,-10.621128,19.584122,4.699053408968258,3.6243724999999998,22.081102940336198,0,200,S
2.3599825488050006,-7.144747,11.771841,4.919192068477385,2.3422775000000002,24.198450606570816,0,200,-2.9692710068000014,-16.95035,19.354727,5.406030190976323,-2.9610289,29.225162425747506,0,200,6.433656957090001,-5.253327400000001,19.584122,3.605455146573272,6.575226200000001,12.999306813951685,0,200,S
7.575128516499994,3.2197522999999997,12.770223,1.1909647424670071,7.593958899999999,1.418397017799505,0,200,-2.804292537149998,-9.810839999999999,2.48578,2.4332626425022084,-2.7371712500000003,5.920767087396832,0,200,4.943194520999998,1.0506057,8.731205000000001,1.6052316021693664,5.160252799999999,2.576768496603232,0,200,S
1.774169309685,-8.722526,10.172514,5.313166730060803,2.1303905,28.229740701425005,0,200,-5.496608243865001,-19.871275,7.3867106,5.000807779097111,-6.107009900000001,25.008078443478194,0,200,2.5488132655558995,-15.560366,19.584122,5.541305444920637,3.14792635,30.70606603390708,0,200,S
0.4140592294850004,-9.917232499999999,11.898733,6.9692875656620625,-0.22550387,48.57096917289186,0,200,-4.056723381534998,-11.584944,5.7035870000000015,3.4370344994798496,-4.6680945000000005,11.8132061506147,0,200,3.651139645649999,-4.0562267,12.571505,3.1852113876569965,3.48191745,10.14557158405981,0,200,S
4.519360990349998,-8.569297,12.2937765,5.294736914200058,7.141454700000001,28.034238990592762,0,200,-4.8542678737800005,-12.463614999999999,2.7802667999999997,2.943684627128424,-4.9769468,8.665279183992206,0,200,2.231928714899999,-8.080879,15.396662,4.262842114308046,2.8905497,18.171822891518293,0,200,S
1.9822134427900002,-9.266009,12.071116,5.330541689121941,1.94364285,28.414674699466996,0,200,-4.814356534399998,-16.983868,11.708245,5.054098098043443,-4.633378749999999,25.543907584646355,0,200,4.3828914675109,-5.344307,11.932252,3.9135057681272416,4.72690225,15.315527397165194,0,200,S
7.457417559500004,1.9723732,12.552351,1.6571913054412415,7.766341200000001,2.746283022830047,0,200,-4.274356305570002,-11.295245,2.8904,2.246167731860914,-4.609436700000002,5.045269479653203,0,200,2.385061851927498,-8.657883,8.573188,3.613096986132962,3.4855087000000005,13.054469831203097,0,200,S
1.977568704564999,-6.342689,12.839655,5.035409655298054,3.08807135,25.355350396668864,0,200,-6.755706962850001,-12.710218,0.87208796,2.4623359980242685,-7.257423900000001,6.063098567166171,0,200,1.8282423474630003,-12.040889,10.112658999999999,4.1692905452675335,1.9412487,17.382983650857252,0,200,S
6.588896958199999,-0.91503394,11.261875999999999,2.3063441913322245,7.176170599999999,5.319223528891894,0,200,-4.42295246525,-13.775638,4.1641154,2.6812663533820777,-4.660912000000001,7.189189257778826,0,200,4.267143790419998,-7.599645,12.820501,3.44693608526317,4.761618,11.881368375889387,0,200,S
0.06400300084999981,-9.119964,16.35913,6.024530398095652,-1.83440735,36.294966517578544,0,200,-5.4636760077499975,-14.795567499999999,2.9358897,3.506709640160069,-5.5599348499999985,12.297012500391558,0,200,3.5058594658849973,-4.214244,11.149348,3.7106637611641,3.5537436500000004,13.769025548416504,0,200,S
7.516015638650003,-2.0091841,11.716774000000001,1.4559162658875089,7.5771995,2.1196921732758267,0,200,-3.1033881743500022,-12.832322,4.7866077,2.7620265255330048,-3.2004491,7.628790527747923,0,200,4.439346736795002,-3.2230444,12.909086,2.779255091061489,4.87893415,7.724258861191204,0,200,S
1.6127162910030004,-9.807099000000001,13.404685999999998,4.844817527388723,2.8534396,23.47225687369298,0,200,-5.7965179199499985,-16.093225,7.8368205999999985,3.5924617873950973,-6.43142435,12.905781693893974,0,200,2.9744424997600003,-8.674642,18.066195999999998,5.59168609643954,3.1982044999999997,31.26695340111526,0,200,S
