x_accel_mean,x_accel_min,x_accel_max,x_accel_std,x_accel_median,x_accel_variance,x_accel_zero_crossing,x_accel_mean_crossing,y_accel_mean,y_accel_min,y_accel_max,y_accel_std,y_accel_median,y_accel_variance,y_accel_zero_crossing,y_accel_mean_crossing,z_accel_mean,z_accel_min,z_accel_max,z_accel_std,z_accel_median,z_accel_variance,z_accel_zero_crossing,z_accel_mean_crossing,Activity_ID
9.525708526999994,5.824045,14.057704999999999,1.8673165780285852,9.3112005,3.4868712025803865,0,200,-2.8245893883000006,-6.017078,-0.77138186,1.0283739856940268,-2.6568158000000004,1.0575530544522185,0,200,2.6779744573499995,0.46567222,5.009867,1.1435332225561257,2.9305029,1.3076682310895975,0,200,A
9.570839259500001,5.180005,14.572458,2.056883236857748,9.50513,4.2307686500664055,0,200,-2.722081642,-5.8135705,-0.5080197,1.0499553000123096,-2.49281285,1.1024061320239391,0,200,2.815533313850002,0.4369418,5.843049,1.2076055116692563,2.9819782000000004,1.4583110718139665,0,200,A
9.548166159999992,4.0116343,15.197345,2.4352172891551733,9.5757595,5.930283245400269,0,200,-2.8121275560000005,-6.208614,-0.7330746,1.100192747263374,-2.5335142999999998,1.2104240811309306,0,200,2.678321614599998,0.61650693,5.792771,1.1974388367284072,2.7174188999999997,1.4338597677054812,0,200,A
9.646974870000003,5.4744915999999995,15.429583,1.9808746516496407,9.5781535,3.9238643855480873,0,200,-2.8880955816500005,-6.148759,1.1320084,1.1720746702559603,-2.6340708999999998,1.3737590326556182,0,200,2.6464907159999997,0.28371290000000005,5.246893,1.2839440583070223,2.9089551,1.6485123448619066,0,200,A
9.585587538499997,5.5032225,14.366557,2.0128788962817823,9.561394,4.051681451096567,0,200,-2.8148210340000004,-6.163124,-1.1353004999999998,0.9749367641006642,-2.6017488999999996,0.9505016939950742,0,200,2.677220284200001,0.36511576,5.4025164000000006,1.171107068940071,2.967613,1.3714917669214044,0,200,A
9.605782623999998,4.9405847000000005,15.024962,2.199460537447334,9.4955535,4.8376266557881165,0,200,-2.8366322182,-5.2940288,-0.5295675,1.0917245213520936,-2.63526795,1.191862430521458,0,200,2.76697890895,0.39624038,6.649895,1.3333790258251101,3.039439,1.7778996265103193,0,200,A
9.565643805499999,6.010793,15.00102,1.7858391826587887,9.3195795,3.18922158631941,0,200,-2.7085783404999986,-5.7872343,0.10729016,0.9226907513407429,-2.529923,0.8513582226097445,0,200,2.57168387915,0.130484,6.2404866,1.3154104752717606,2.7437551000000004,1.730304718454679,0,200,A
9.602430710499997,5.534347,14.725686999999999,1.990339679345904,9.5278755,3.9614520391787535,0,200,-2.73885302475,-6.029049,-0.7091326,1.0390560846831634,-2.5095723,1.0796375471171051,0,200,2.6521410200499997,0.3866636,5.3761797,1.2804493792939324,2.9269116000000004,1.6395506129342168,0,200,A
9.7116302805,5.728276999999999,14.847792000000002,1.9090717224039495,9.701455000000001,3.644554841282383,0,200,-2.8684152489999986,-5.3969793,-0.9677064000000001,1.0433439621646263,-2.6161144,1.088566623385381,0,200,2.71144539395,0.32920274,5.347449299999999,1.339301535687844,3.0166941,1.7937286034958173,0,200,A
9.646926990500004,5.5630774,15.66182,2.215266732485692,9.5063275,4.907406696057834,0,200,-2.6633039914999994,-5.4113445,-0.8408136999999999,0.8911690094332309,-2.5311201,0.7941822033742059,0,200,2.4992592646500005,0.46088383,5.1080294,1.2177829160079108,2.7461493,1.482995230520731,0,200,A
9.6621660855,5.891083,14.127137,1.8731561353432349,9.5446345,3.5087139073740032,0,200,-2.7661469215949994,-5.758504,-0.010025719,1.077023643521796,-2.6173115,1.1599799287049648,0,200,2.610613586450001,0.30526072,4.9308586,1.2434487216661725,2.8886043999999997,1.5461647234132383,0,200,A
9.6602985645,5.04593,15.515773999999999,2.0762948236273995,9.489567999999998,4.311000194621934,0,200,-2.78831722505,-5.404162,-0.64688337,1.0620773724830008,-2.60294615,1.1280083451403948,0,200,2.618358838350001,-0.23343466,5.4312468,1.23605200517801,2.8874073000000005,1.5278245595045792,0,200,A
9.592770166000005,5.0555067000000005,15.068057999999999,2.2768570515865543,9.544635000000001,5.184078033359414,0,200,-2.71421667705,-5.638794,-0.49365446,1.0400007401138112,-2.5215433,1.0816015394372749,0,200,2.66946307365,0.46806642,5.7999535,1.212063742782334,2.9317,1.4690985165675197,0,200,A
9.625271403,5.2087355,14.570065,2.136623295073484,9.441684,4.565159105050672,0,200,-2.7904600417500003,-5.8686370000000005,-0.86954415,1.002293273562507,-2.611326,1.0045918062286463,0,200,2.7072914596500004,0.5494693,5.33069,1.2388802614474066,2.9317,1.5348243022039945,0,200,A
9.525864176499999,4.507234599999999,15.805472,2.0602121736055734,9.43091,4.2444742002726015,0,200,-2.68177525245,-5.38022,0.19348143,0.952241914699532,-2.57541275,0.9067646641106311,0,200,2.5879405061699985,0.005985504,5.079299,1.2768423129954958,2.9400797,1.6303262922556885,0,200,A
9.7017062845,6.1951465999999975,15.041720999999999,1.9210306279532519,9.535058,3.6903586735344662,0,200,-2.680003534500002,-5.631611299999999,-0.6205472,1.008843167899962,-2.4808419,1.0177645374184303,0,200,2.6503573490999983,-0.16639702,5.1104236,1.3436642631548572,2.9400797,1.8054336520794856,0,200,A
9.668809960000004,6.080225,14.634707,1.954625760368379,9.4536545,3.820561863095664,0,200,-2.724152622499999,-5.2796636,-0.8049006999999999,0.9670491404625584,-2.5203462000000005,0.9351840400693728,0,200,2.6643275073,0.4249708,5.397728,1.2685578282267682,2.9628246000000003,1.609238963555415,0,200,A
9.572539124500002,5.7067294,14.371345499999999,1.9370302382768256,9.3961945,3.7520861439987767,0,200,-2.7212077554999983,-5.006725,-0.8479962999999999,0.8715802551830362,-2.5239375,0.7596521412249264,0,200,2.7382963788,0.35075054,5.040992,1.2669349283221178,3.0957029,1.6051241126025704,0,200,A
11.6539265,10.284443,13.722517000000002,1.4892333776789326,11.304373,2.2178160531930025,0,4,-3.936516475,-4.8271594,-3.5414732000000004,0.6005803816365155,-3.68871665,0.36069679480666256,0,4,3.921103875,3.6044707000000002,4.1599255,0.26521568155419445,3.96000965,0.07033935774225587,0,4,A
4.5154584034050025,-7.2866035,19.633202,7.584774755694138,4.892700700000002,57.52880809461505,0,200,-6.1287911315600105,-19.367145999999998,11.436652,9.971144821625952,-4.9480667999999985,99.42372905383809,0,200,1.7961301066150006,-4.334702,12.913127000000001,2.8719787756069115,1.6627731,8.248262087536574,0,200,B
4.439747772199999,-7.628974,19.633202,7.576501445578335,4.867561500000001,57.403374154850596,0,200,-5.978914117510008,-19.367145999999998,12.727127000000001,9.91408159566519,-3.99038615,98.28901388550722,0,200,2.134131544925,-3.1974563999999996,12.621035000000001,2.9497762466985935,1.87346285,8.701179905587244,0,200,B
4.8029511634499995,-7.1477394,19.633202,7.493208465587723,5.349993,56.14817310875554,0,200,-6.558610189135004,-19.367145999999998,12.85402,9.872038987098927,-5.079748,97.45715376280121,0,200,2.277125230904999,-4.981137,11.026496,2.9146130428080936,2.1416135,8.494969189307055,0,200,B
4.1182932883750025,-8.493281,19.633202,7.452626608138655,4.922628200000001,55.54164336033629,0,200,-6.021471051030006,-19.367145999999998,13.076680999999999,10.27953740095938,-2.838775,105.6688891777227,0,200,2.7607420220159997,-3.728969,12.058397,3.2347759810016274,2.6312277,10.463775647265043,0,200,B
4.021046772950002,-8.814103999999997,19.633202,6.863414903707057,5.255422299999998,47.10646414042815,0,200,-6.2007249292950055,-19.367145999999998,10.775853,10.007038721159846,-3.71265865,100.14082396679251,0,200,3.005058324039999,-4.64116,15.419856,3.572823563775758,2.8766334,12.765068217871312,0,200,B
4.3707857743,-9.122956,19.633202,7.978355852826492,5.7378540000000005,63.654162114330724,0,200,-6.091082426300006,-19.367145999999998,14.271386999999999,10.335650643295685,-3.93651665,106.82567422025845,0,200,3.28040348116,-6.5301849999999995,14.541184,3.8815943266899713,2.8167782999999997,15.066774516991767,0,200,B
4.427812681599999,-8.852411,19.633202,7.917606863513497,5.792920499999999,62.68849844515604,0,200,-5.779417262375004,-19.367145999999998,13.912257,10.495063662712553,-3.9029977,110.1463612843894,0,200,3.2618963182300007,-3.774459,14.981717000000002,3.6926145121505267,2.8095957,13.635401935344666,0,200,B
4.599767224110001,-8.488491999999999,19.633202,7.515139701144231,6.5937812000000005,56.477324727714205,0,200,-5.688425595340005,-19.367145999999998,12.834867,10.44641445466418,-3.6683658500000007,109.12757495861672,0,200,3.2036453831,-5.16549,15.70716,4.2230257727380565,2.8203696000000003,17.833946677209852,0,200,B
4.000375835399998,-7.786991599999999,19.633202,7.276507183171804,5.9557264000000005,52.94755678675085,0,200,-6.139110137251012,-19.367145999999998,14.137312,10.329981207007986,-3.0027778000000005,106.7085117371382,0,200,3.272670225865,-4.2389339999999995,13.581109,3.9480132077450194,2.7449522,15.586808288529115,0,200,B
3.538704934350001,-9.331251,19.633202,7.492425957288789,6.0491005000000015,56.13644672545482,0,200,-6.299892749050004,-19.367145999999998,12.332084,10.169609887922222,-3.6276646,103.42096527252542,0,200,2.729808938119001,-2.4289176,10.064027000000001,2.8529631052273765,2.30920755,8.139398479788634,0,200,B
3.519539316749998,-7.667281,19.633202,6.336414040192198,5.593004799999999,40.15014288874481,0,200,-6.610169327305008,-19.367145999999998,10.850073,10.073527875887551,-4.239383,101.47596386628351,0,200,3.530777133750002,-2.823961,17.61055,3.596316142016648,3.204639,12.933489793329507,0,200,B
3.4145685698500015,-8.402301,18.338537,6.474154233748778,5.3667527,41.91467304236723,0,200,-6.697617495150005,-19.367145999999998,9.62903,9.901747452353302,-4.87863495,98.0446026101851,0,200,3.140127206404998,-2.9532477999999998,10.791864,3.233859629424507,2.7605145,10.45784810282161,0,200,B
3.01719094909,-8.1341505,19.449448,6.740089395449557,4.765808,45.42880505865157,0,200,-6.809594369100008,-19.367145999999998,11.254693,9.835010861272801,-4.5877395,96.72743864135396,0,200,3.698706434170004,-3.7169980000000002,13.286622,3.74705044685108,3.1783028,14.040387051246874,0,200,B
3.2281769832500005,-9.29055,19.633202,7.1494267122526916,5.53315,51.114302313872315,0,200,-6.470874656547005,-19.367145999999998,11.611429,10.152268149199458,-3.8132151,103.0685485732498,0,200,3.7227442409699982,-3.8774097000000003,13.961787,3.7605382009993584,3.1064768000000003,14.141647561175489,0,200,B
3.1540255339499983,-10.81805,19.633202,6.872222876623282,4.96931505,47.22744726598438,0,200,-6.235572519735008,-19.367145999999998,10.931476,10.118664731366334,-3.6300587999999996,102.38737594579693,0,200,3.702992079315001,-3.5470097000000003,14.8237,3.82131337125162,3.1088709999999997,14.602435881306416,0,200,B
3.9966378852999997,-7.145345,19.633202,7.2902374280124675,6.180781400000001,53.14756175679386,0,200,-6.021985768415004,-19.367145999999998,12.171673,10.193518843895509,-4.047847,103.90782642085286,0,200,3.6228820755149975,-4.4783545,13.384785,3.98697212441024,3.2764648999999997,15.895946720824304,0,200,B
3.7379234927999976,-8.07669,19.633202,7.192429428149606,5.24584565,51.731041078912476,0,200,-6.42325396948001,-19.367145999999998,12.152519,10.306629820871832,-4.32437715,106.22661826448451,0,200,3.392607739800003,-4.0138793,12.879608000000001,3.799800230070548,3.4069489,14.438481788444193,0,200,B
3.546297543799998,-8.052748,16.657808,6.898027193535997,5.442169999999999,47.5827791627621,0,200,-6.498216446850005,-19.367145999999998,11.711986,10.234386029849713,-4.8008232,104.742657407983,0,200,3.7975630289400018,-3.7457285000000002,14.033613,3.8772102424641672,3.1794999,15.032759264269046,0,200,B
-5.2826564399999985,-7.6217914,-3.7814919999999996,1.6084313642327135,-5.002535,2.587051453447508,0,5,-2.994158758,-12.143839999999999,2.1495442000000002,5.696191205580896,-0.86714995,32.446594250537146,0,5,3.27071896,1.3850456,5.1247888,1.3574518359070382,3.4177230000000005,1.842675486807388,0,5,B
8.49021031735,-0.43783963,19.378967000000006,4.179944494719335,7.315782499999999,17.471935978934475,0,200,-3.679995757550001,-14.300267000000002,0.15352818,1.6990211890438214,-3.4353802000000004,2.8866730008198807,0,200,3.2789549873500015,0.5880758,12.097002999999999,1.9375066100445577,2.821866,3.7539318639663537,0,200,C
9.172689502000004,5.279514,14.286501000000001,2.0371792098015824,8.943839500000003,4.150099132847799,0,200,-3.0357400174999998,-7.0889320000000025,0.78080904,0.9700201887833428,-2.93978045,0.9409391666472722,0,200,2.3311504010699986,-0.9322423000000001,4.2990885,1.0296221920243802,2.5381532000000004,1.0601218583090897,0,200,C
8.910141351500004,5.9618616,17.114054,1.8507052960879955,8.600272,3.4251100929681555,0,200,-3.1540016023000015,-5.9301379999999995,-0.62698156,0.7919310456107228,-3.0654759,0.6271547810020927,0,200,2.6976308487499985,0.77003515,4.885668,0.8887073270663969,2.7272949,0.7898007131814998,0,200,C
8.840916020149994,0.4551976,19.660885,4.306395117855375,8.27466025,18.545038911088604,0,200,-3.5307531885499985,-9.181464,0.8646060999999999,1.6968236461500452,-3.4413657,2.8792104861339336,0,200,2.435956575070001,-1.1644799,10.298958,1.5448947788356362,2.2628198500000005,2.386699877673609,0,200,C
9.098768505499999,5.3800707,14.935329000000001,2.0933750773537034,8.82772125,4.382219214485623,0,200,-2.9882031498499986,-5.4656634,-0.41868603,0.8305698171762661,-2.9505544,0.6898462212042161,0,200,2.466039719629999,-0.087089084,4.162619,0.8892034768031126,2.5752632999999996,0.7906828231587436,0,200,C
8.881734169500001,2.5692778,16.127642,2.174182121943589,8.4805615,4.727067899379127,0,200,-3.1299398758000017,-7.074567,3.7496192,1.1419163929588838,-3.0726584999999997,1.3039730485082281,0,200,2.557689756,-1.0399814,4.9646764,0.9768791328468228,2.6889877,0.9542928401915606,0,200,C
8.994150896919997,-3.0570962,19.660885,4.538260858580772,8.8540575,20.59581162052629,0,200,-3.4461421098450007,-10.093655,3.3857004999999996,1.8458150547315348,-3.4353802000000004,3.4070332162735784,0,200,2.444503862324998,-2.3639748,8.103475,1.851090395755857,2.35260245,3.426535653259576,0,200,C
8.850872866000001,2.370559,15.004762,2.3668967395796536,8.497321000000001,5.6022001758327935,0,200,-3.57444736075,-14.652215,-0.6844424,1.839315944466331,-3.1408932999999997,3.3830831435680717,0,200,2.1815846128499983,-6.280889,4.5361139999999995,1.6232816366825995,2.5597010000000004,2.6350432719909387,0,200,C
8.880405325500002,2.478298,18.107647,2.5601556759168704,8.6505505,6.554397084929367,0,200,-3.1819658827000006,-7.1080856,-0.16011223,1.0397530468727685,-3.2402527,1.0810863984812056,0,200,2.5950033848000005,-0.75267714,5.2232504,0.8658126335076292,2.6758196,0.7496315163414162,0,200,C
8.961296440000002,0.9651626,19.660885,3.643123794033522,8.412327000000001,13.272350978653204,0,200,-3.4544260399500017,-7.579743400000001,-0.18405426,1.28135844839177,-3.4569280000000004,1.6418794732649642,0,200,2.3145705445,-1.3272855,6.0899515,1.3820498942805082,2.3897126,1.910061910280764,0,200,C
8.903222070999995,3.4671032,15.814001000000001,2.4994217931381675,8.563161749999999,6.247109300014013,0,200,-2.675017624115,-8.154352000000001,1.8055273,1.367823361795658,-2.8248587000000005,1.8709407490739756,0,200,2.6914418420499984,0.32471362,9.853636999999999,1.5189072074065046,2.61835885,2.3070791047114265,0,200,C
8.903365766500004,2.8541877,19.017443,3.0159729980700023,8.4434515,9.096093125087359,0,200,-3.0573237498149983,-7.021894500000001,3.2635963,1.346015356500882,-3.1325138,1.811757339936196,0,200,2.6344598487,-0.62099606,5.6039286,0.9562478792411708,2.6566660000000004,0.9144100065532368,0,200,C
8.937701569500007,1.0513538,19.660885,3.373759200539835,8.784625,11.382251143227188,0,200,-3.7057813207400017,-10.622774,3.3761237,1.772223761494378,-3.4389714999999996,3.1407770608052825,0,200,2.049185270855,-2.0670938000000003,7.7994113,1.3781272297639129,2.0341737,1.8992346614167568,0,200,C
8.773743670999997,2.83264,17.805977,2.7147724156536883,8.456620000000001,7.369989268794162,0,200,-2.6032155039000004,-8.829516,2.2484546,1.6969479596001256,-2.9038675,2.8796323775910286,0,200,2.9389783541999983,0.69581485,11.175236,1.7245377015117305,2.6913819,2.9740302839353623,0,200,C
8.847868151800002,-1.474529,19.660885,4.562288765408962,8.472182,20.814478778976827,0,200,-3.3418147745850004,-9.167099,4.1231146,1.9134100668250265,-3.1432877,3.661138083827352,0,200,2.5773820574850013,-1.5810708999999998,7.442675,1.4084709102693562,2.4172458999999997,1.9837903050749888,0,200,C
9.171887428499994,3.6682162000000003,14.6169,2.3746311368372,8.882786999999999,5.638873036036732,0,200,-3.0506798349999986,-5.38426,0.15352818,0.8680903517208675,-3.0535049,0.7535808587508595,0,200,2.0882466585499997,0.068534024,4.713285400000001,1.0341028956799856,2.1634605,1.0693687988537313,0,200,C
6.600496882900001,-0.13856442,19.660885,4.078590423885761,5.96665,16.63489984581264,0,200,-1.865226774243501,-9.356241,2.1957822,2.360362903945968,-2.0192099,5.571313038324242,0,200,4.977293941700001,-0.25947159999999997,12.9684925,3.5657415775742303,3.309086,12.714512998041561,0,200,C
8.924650203150001,-0.70838445,19.660885,4.091564697333743,8.614636749999999,16.740901672467757,0,200,-3.5576879620500015,-9.581296,1.2859856,1.6651472270086969,-3.4126352999999994,2.7727152876147536,0,200,2.4423131872949995,-2.081459,6.4634465999999975,1.5659674924231135,2.5309706000000003,2.4522541873259343,0,200,C
7.812579300000001,6.49098,10.008061999999999,1.3677021082181784,7.4438725,1.8706090568244496,0,5,-3.01352182,-3.717896,-2.556708,0.4996470002536211,-2.7961283,0.24964712486244206,0,5,1.5993866,1.2967594999999998,2.2592285,0.3937810076935783,1.5433622999999999,0.15506348202016998,0,5,C
0.8230966156700014,-4.227113,12.2258415,2.9210696049776863,-0.455047965,8.532647637124496,0,200,-5.420795853500001,-12.343905,4.223970400000002,1.8464932825476907,-6.060323,3.4095374424937464,0,200,7.3442077468,-3.5333930000000002,14.609867999999999,2.1271504876513165,7.5170452,4.5247691971152335,0,200,D
-0.5185661316499999,-0.7866449000000001,-0.11387422,0.10478500480815538,-0.5328595,0.010979897232645143,0,200,-6.1294077504999995,-6.7869635,-5.558737799999999,0.2125789246133708,-6.130952,0.04518979918977719,0,200,7.536617763500001,6.855048,8.195802,0.1808691119158363,7.5182424,0.03271363564522331,0,200,D
-0.56079984935,-1.0428245,-0.06120178,0.07705836380212691,-0.56398416,0.005937991431860944,0,200,-6.087269741500004,-7.7087307,-4.9961004,0.18037164352563387,-6.08187085,0.032533929788138335,0,200,7.5778698764999985,7.336282700000001,7.8606130000000025,0.07441906541999185,7.5816886,0.0055381972979850255,0,200,D
-0.5638524570500004,-0.6717232,-0.46821606,0.03305167857476893,-0.5603928600000001,0.0010924134566098393,0,200,-6.0610173165,-6.2027779999999995,-5.893926,0.0479216425949336,-6.06152,0.002296483828996555,0,200,7.603942694500003,7.501483,7.740903,0.043813676189636996,7.599645,0.0019196382212503648,0,200,D
-0.5725194660750001,-1.0380360999999998,-0.054019175,0.08310640143589484,-0.57595515,0.0069066739596241045,0,200,-6.005795071000005,-6.63134,-4.907515,0.16107480641226699,-6.023213,0.02594509326074929,0,200,7.6494325085,7.417686,8.67943,0.12621161648550416,7.6283755000000015,0.015929372135883985,0,200,D
-0.7018781883500003,-1.1338041,-0.21682489,0.14572299810080258,-0.7411551,0.02123519217548651,0,200,-6.553301134500001,-8.6712,-4.687248,0.6837442726889152,-6.7965402500000005,0.4675062304348938,0,200,7.1402935624999975,6.0936923,8.516624,0.5499033073859474,6.946028,0.30239364747400377,0,200,D
-0.83928141935,-1.3468881000000001,-0.18091187,0.09800044426965714,-0.8309376,0.009604087077050174,0,200,-6.545603785000004,-7.644087299999999,-5.477335,0.2978676042119245,-6.6600703999999995,0.08872510963895174,0,200,7.141359036499995,5.8973675000000005,8.238897,0.2708365234372109,7.039402000000001,0.07335242242755491,0,200,D
-0.8236113683000005,-1.0811316999999998,-0.6717232,0.05597206607057841,-0.8201636999999998,0.003132872180209195,0,200,-6.0837382915000005,-6.3488245,-5.549161,0.09018023117513102,-6.0806737,0.008132474094800073,0,200,7.5516653604999995,7.3985324000000015,7.7624507,0.053319087727614206,7.550564,0.0028429251161050197,0,200,D
-0.8749430533499999,-1.4785691,-0.46821606,0.1388318710839257,-0.8548796000000001,0.01927428842866376,0,200,-6.0703786845000005,-7.888296,-4.957793,0.243953428441997,-6.0447607,0.05951327524860455,0,200,7.547894444999992,5.935675,8.147917999999999,0.2068218445960638,7.58408285,0.04277527540211837,0,200,D
-0.9663417096500004,-1.4737808000000001,-0.15218145,0.13388248911087824,-0.99613756,0.01792452089052443,0,200,-7.3171353499999965,-8.453327,-4.8787847,0.4032109947158268,-7.386711,0.1625791062597265,0,200,6.318950649000003,5.238962,8.126369,0.3549336277387996,6.26727185,0.12597788009982475,0,200,D
-1.0156263537500003,-1.1936592,-0.7938274999999999,0.04999242851909338,-1.0164883,0.0024992429092366613,0,200,-7.2913737700000025,-7.5171947,-6.9282210000000015,0.07957480353472668,-7.2981254999999985,0.0063321493575903475,0,200,6.360645618500002,5.842301,6.5294370000000015,0.06733782477675261,6.3618426,0.004534382645664636,0,200,D
-0.6905895270150006,-1.5408184999999999,0.034566287,0.1544477772211719,-0.68130004,0.02385411588856074,0,200,-7.11981712,-10.639234,-4.7878050000000005,0.4200856786436938,-7.104195000000002,0.17647197740153278,0,200,6.600149704999996,4.0562267,8.609998,0.4142656835454179,6.6216137999999996,0.1716160565633523,0,200,D
-0.6574896861500003,-1.0907084999999999,-0.0851438,0.09914905718480646,-0.6597522,0.009830535540636022,0,200,-6.984520776500001,-8.534730999999999,-5.482123400000001,0.35882003025380754,-7.0287776,0.12875181411134334,0,200,6.737337503499999,5.42571,7.812728999999999,0.3294838298884256,6.669497799999999,0.10855959415794494,0,200,D
-0.6397127396500002,-0.9494505999999999,-0.39399582,0.07630867066844456,-0.6382044,0.005823013219185129,0,200,-7.153790833,-7.9768815,-6.197989499999999,0.1642096181018015,-7.1484875999999975,0.026964798677139492,0,200,6.556970345999999,5.4496519999999995,7.1902365999999995,0.1415098069761745,6.56535,0.02002502547043416,0,200,D
-0.6707296228500006,-1.5312417,-0.29822776,0.14461881869444118,-0.6657377,0.02091460272057565,0,200,-7.549277067000003,-8.5060005,-6.688801,0.2985066104044084,-7.5722613,0.08910619645512925,0,200,6.105651276000002,4.8175826,7.374589999999999,0.3126465214992735,6.100875,0.09774784740559572,0,200,D
-0.7225521238499997,-1.2463316,-0.4753987,0.08778919686951121,-0.72678983,0.007706943086993797,0,200,-7.592851581999995,-8.546700999999999,-5.0104656,0.4839149388279407,-7.3460095,0.23417366802084955,0,200,5.991723178000004,4.784064,7.350648,0.5819075053050826,6.3211412000000005,0.3386163447303848,0,200,D
-0.6925527724000002,-1.2247838,-0.34611177,0.11570206149207413,-0.69327104,0.013386967033515702,0,200,-6.949996400499996,-8.771756,-5.929839,0.3615106856291353,-7.008427,0.13068997582404748,0,200,6.7555573569999945,5.8255415,7.5924625,0.3022507704870689,6.6934397999999975,0.09135552826002684,0,200,D
-0.7228513967500002,-1.0954968999999999,-0.44906247,0.09392609844956554,-0.72439563,0.008822111969957478,0,200,-6.4205067670000044,-7.280169,-5.6257753,0.2490028353935157,-6.4924764999999995,0.062002412034010274,0,200,7.281479617999997,6.876596000000001,7.9132857,0.18469154007124436,7.221361,0.03411096497388805,0,200,D
-0.738282034,-0.88480717,-0.6238391999999999,0.09984710990882904,-0.7435493000000001,0.009969445357145786,0,5,-5.9748500400000015,-6.128557700000001,-5.819706,0.12985523169238564,-5.977723,0.016862381197883154,0,5,7.659021319999999,7.5326076,7.8055463000000005,0.11108412373852976,7.657106,0.012339682546756995,0,5,D
8.616848605499998,7.873781,9.355193,0.2192478213219244,8.647108,0.048069607154410464,0,200,-3.7093531419999985,-6.055235400000001,-2.1957822,0.4535658496560186,-3.6131496,0.205721979974186,0,200,2.5355995172,0.6988076,4.2613797,0.38659982067177656,2.59778355,0.1494594213434498,0,200,E
8.579891114999995,6.4157124,10.825832,0.5179763696165156,8.667459000000001,0.26829951948110514,0,200,-3.9688082934500004,-10.606613000000001,1.8288707999999998,0.9787465907388518,-3.7819409,0.9579448888829256,0,200,2.0101837152149997,-1.6882113999999997,6.7752914,0.9396474597913204,2.21074605,0.8829373486922809,0,200,E
8.741427917499996,8.115596,9.904064,0.1848959004832164,8.718933999999999,0.03418649401549947,0,200,-3.4912728060000005,-4.3792944,-2.1622633999999996,0.3015489361798323,-3.5401266000000002,0.09093176091118857,0,200,2.3903470375,1.2183493,4.09618,0.4360570844565021,2.4262242,0.19014578090470494,0,200,E
8.720174860500004,7.401225599999999,10.135404,0.3112950054872994,8.702474,0.09690458044133776,0,200,-3.6056363442999984,-4.4903255,-0.36750996,0.5503424827641439,-3.6846763999999994,0.3028768483350021,0,200,2.3340294159999995,1.367987,6.1132946,0.5435746457034832,2.2682068,0.2954733954516673,0,200,E
8.762125667499992,8.210465,9.759514,0.14274196206280193,8.763525999999999,0.020375267733538385,0,200,-3.317286186999998,-4.0617633,-2.4672248,0.14400294069758848,-3.3195608,0.020736846929553188,0,200,2.58998753,1.9928737,3.2139165000000003,0.15052550493627956,2.5854385,0.022657927636321924,0,200,E
8.754607857499998,8.574385000000001,8.962245,0.048001833980912664,8.756344,0.002304176065531101,0,200,-3.3695396535000013,-3.7361517,-2.8526914,0.0918662540892977,-3.3650506,0.008439408640399408,0,200,2.554756836,2.2442648,2.9960442000000005,0.07488138586588179,2.5531167999999997,0.005607221949195081,0,200,E
8.774372090000004,7.858517999999999,10.374825,0.2717611673221469,8.718036999999999,0.0738541320642959,0,200,-3.3753695019999976,-4.188656,-1.6627731,0.3217629033652433,-3.43089105,0.10353136598203093,0,200,2.4598866225000005,1.0280103999999999,3.2594062999999998,0.41087516188626944,2.5650878,0.16881839865506812,0,200,E
8.796087547499994,8.622269000000001,8.938303,0.05564927923952295,8.792256,0.0030968422798784,0,200,-3.3290297515,-3.738546,-2.7976246,0.11461857913477495,-3.3339260000000004,0.013137418682874671,0,200,2.470385208,1.8133085,2.8667572,0.12273023831480193,2.4621372000000004,0.015062711396808075,0,200,E
8.723171992500005,8.524106,8.935908999999997,0.059417398903486074,8.722825,0.0035304272924559874,0,200,-3.478882802499998,-3.9707835,-2.9867666,0.1580139904542224,-3.4727894999999998,0.024968421179267092,0,200,2.524386415,2.1317372000000003,2.897882,0.13544778612599226,2.5112183000000003,0.018346102766432542,0,200,E
8.722346004999997,8.210465,9.029283,0.0875870371594412,8.725219000000001,0.0076714890783693345,0,200,-3.5242888274999973,-3.9396589,-3.0681696,0.11780971914899475,-3.5338415999999997,0.013879129925965015,0,200,2.4720012755000003,1.9402012,3.0391397,0.12325973042364607,2.4621372000000004,0.015192961144109902,0,200,E
8.718036430000002,8.548048,9.019706,0.05640339999280936,8.715641999999999,0.0031813435307488478,0,200,-3.564702969000002,-3.891775,-3.3506854,0.07575460827931993,-3.5661635,0.005738760675553207,0,200,2.4202266689999994,2.0862474,2.6560676,0.07133836252646415,2.4190416,0.005089161967957226,0,200,E
8.691448889999998,8.279898,9.192088,0.1290864615502658,8.718036999999999,0.01666331455556825,0,200,-3.6463572135000004,-4.291606400000001,-3.2166099999999997,0.21868230775792227,-3.5673605999999998,0.04782195172633063,0,200,2.3808180995,1.8061258999999998,2.9290066,0.18337656808681105,2.3950996,0.03362696572329685,0,200,E
8.726607732499996,8.461857,9.098714999999999,0.09395662829217984,8.716839499999999,0.008827848000034848,0,200,-3.6667677680000015,-3.9923312999999996,-3.2261868,0.11102156589127736,-3.6762967000000004,0.012325788092951238,0,200,2.2169469745,1.7582418999999998,2.54354,0.12343500084261302,2.2167315,0.015236199433015876,0,200,E
8.709549002499992,8.378060000000001,8.876054,0.07252400285435748,8.710854,0.005259730990018852,0,200,-3.7293761455,-4.1335893,-3.4943372999999998,0.08078910768563284,-3.728969,0.006526879920640779,0,200,2.180172028500001,1.8324620999999999,2.7111342,0.1294102091453031,2.1604679,0.016747002231031094,0,200,E
8.588522160999991,6.7021190000000015,9.706841,0.4389462966246917,8.701277000000001,0.19267385132053186,0,200,-3.9178118085000015,-7.5788455,-1.6388310000000001,0.7955334584591375,-3.6559459999999997,0.6328734835279561,0,200,2.2092137005000003,0.6616975,4.6767735,0.5335875631625235,2.2969372000000003,0.28471568756172005,0,200,E
8.767895896499995,7.712472,9.120262,0.17804632160431003,8.803030999999999,0.03170049263682538,0,200,-3.3533667901999986,-6.1519012,0.23343466,0.5783868824299592,-3.2489316,0.3345313857670474,0,200,2.464770781849999,0.4007295,4.7198696,0.41790443466473226,2.5172038,0.1746441165124495,0,200,E
8.755002962499992,8.581567,8.983792999999997,0.06390408254219865,8.758738000000001,0.004083731765560139,0,200,-3.4791820704999985,-3.7936125,-2.9221232,0.14529104670357906,-3.5182792999999997,0.021109488252221597,0,200,2.4179641345000005,2.0982184,2.8499978,0.12291694770372655,2.4046764,0.01510857603280065,0,200,E
8.776610675000002,8.507347,9.034071,0.09040358834457156,8.773103,0.008172808785574755,0,200,-3.453731712499999,-4.0617633,-2.895787,0.1814943986315748,-3.4608185,0.03294021673463697,0,200,2.378878793000001,1.8659810000000001,2.9888616000000003,0.19998795312613502,2.3807342,0.03999518139558116,0,200,E
8.788905,8.749161,8.823381,0.0274342125729894,8.789863,0.0007526360194999698,0,5,-3.36840238,-3.7936125,-3.0442273999999996,0.28818370345682626,-3.3794157999999994,0.08304984693809196,0,5,2.3433847199999995,2.1006126,2.603395,0.19667169781519664,2.3567922,0.038679756721512026,0,5,E
-0.313335162705,-5.6872764,2.532018,0.6305108220751527,-0.28116906,0.3975438967538849,0,200,-3.5244444637500014,-13.100473,-0.98341835,1.6330055482992016,-3.1729157000000003,2.6667071207759765,0,200,8.740009365500002,1.4041992,12.652159,1.5616455943925254,9.069236,2.438736962485584,0,200,F
-0.21766286185500006,-0.7863456,0.33653498,0.19079417100844576,-0.21413141,0.03640241569080005,0,200,-3.228820405,-4.8452660000000005,-1.4574703000000002,0.5402808451627055,-3.2507273999999997,0.2919033916497273,0,200,9.0657165905,7.7009497000000025,11.366472,0.4193293755061848,9.0656445,0.17583712516240696,0,200,F
-0.1974677689879999,-0.95154554,0.633416,0.20312835397378806,-0.212934315,0.041261128188100564,0,200,-3.1452029234999976,-4.4765587,-2.0464439999999997,0.4372966044659665,-3.1585505,0.191228320277464,0,200,9.11102685650001,7.8541789999999985,10.353725,0.3587934067585565,9.108741,0.12873270873341094,0,200,F
-0.2109351554300002,-0.69297177,0.7603087,0.162382889343759,-0.20934302,0.026368202751627483,0,200,-3.1744361235,-4.6728830000000015,-1.7280151000000001,0.44614274070290144,-3.1393969000000004,0.19904334508189636,0,200,9.097858743,7.708132300000001,11.031284,0.3769353931314439,9.143456500000001,0.14208029059515614,0,200,F
-0.19180548332650008,-1.0568904,0.7459435000000001,0.21051056631312706,-0.21173722,0.04431469852947345,0,200,-3.2060515400000003,-5.415086,-0.21966799999999997,0.6511207047174041,-3.0639796,0.423958172111689,0,200,9.114546377000003,6.3099184,11.081563000000001,0.5048859544545022,9.149442,0.2549098270054337,0,200,F
-0.22087109083450007,-0.70973116,1.0260651,0.1848105520156001,-0.214131415,0.034154940136310825,0,200,-3.369192457500002,-5.125387,-1.7447745,0.4253195378690395,-3.4003648999999996,0.18089670929313334,0,200,9.026858664999997,7.914034,10.569203,0.2998965676594933,9.015366,0.08993795129394505,0,200,F
-0.21540034031500013,-0.8988731,0.42990884,0.17735420991787834,-0.21891981,0.03145451577559487,0,200,-3.2919435364999994,-5.843648,-1.8309658,0.4811327409015583,-3.2387563999999998,0.2314887143674461,0,200,9.045569338000004,7.0545154000000005,11.124659,0.3877477879378479,9.063251,0.15034834705069428,0,200,F
-0.163853179212,-0.82225865,0.9566332000000001,0.1971671133973693,-0.14469956,0.03887487060545109,0,200,-3.370748685000001,-7.2322845000000004,-2.1517887000000004,0.523427814347778,-3.3572693000000005,0.2739766768328919,0,200,9.050764767000004,6.817489,11.479000000000001,0.3717249237655196,9.048885499999999,0.1381794189484814,0,200,F
-0.12272079348200007,-0.7360674,0.870442,0.18054903203669675,-0.14230536,0.03259795296938814,0,200,-3.0380504174999983,-5.0918684,-1.4598645000000001,0.4422477564553738,-2.9837739,0.1955830780898116,0,200,9.15109379,8.040925999999999,9.913192,0.2508563307007752,9.173384,0.06292889865265668,0,200,F
-0.151427271823,-0.7456441999999999,0.80340433,0.19164128946722947,-0.17103578,0.03672638382866243,0,200,-3.325378569300001,-4.9146975999999984,-0.6171055000000001,0.5507192736930931,-3.2471361,0.30329171841704805,0,200,9.03088098,7.3490020000000005,10.590752,0.33062278104521176,9.069236,0.10931142334607002,0,200,F
-0.20077176878000025,-0.6331167,0.39160162,0.12191939984296643,-0.21652561,0.01486434005806912,0,200,-3.2646496260000037,-4.5914803,-1.596334,0.35796513172097755,-3.1537621,0.1281390355280168,0,200,9.066554615000003,7.559692,9.951499,0.22593109026925784,9.111135,0.051044857550255535,0,200,F
-0.15743671828150002,-0.72888476,0.80101013,0.18957080266948764,-0.15786767000000002,0.03593708922475382,0,200,-3.6196738415000023,-6.0303955,-1.3521253999999998,0.5131542885667217,-3.6206315000000004,0.2633273238744183,0,200,8.943779852500002,7.351396,10.212467,0.3473700189842237,8.96149675,0.12066593008909995,0,200,F
-0.22695236495,-0.52537763,-0.06808511,0.05021368301224221,-0.22849663,0.0025214139616539424,0,200,-3.0319451998,-4.0025067000000005,-0.84934306,0.20771045815238676,-3.0292637000000004,0.0431436344258744,0,200,9.155188025000008,8.210915,10.334572,0.13793941274871974,9.156625,0.019027281589461667,0,200,F
-0.11402984050600005,-0.9180267,0.68369424,0.1955355553750463,-0.088435825,0.0382341534158278,0,200,-2.9171671700999986,-5.295376,0.04129998,0.5603929957279433,-2.8856115,0.31404030966093865,0,200,9.182290308999999,7.468712299999999,10.59554,0.3486567678842289,9.1937345,0.12156154179147705,0,200,F
-0.1108335810645,-0.8845079,1.1481694,0.2281712642289941,-0.10639234,0.05206212581985743,0,200,-3.3092296755,-5.3336830000000015,-1.2276268999999995,0.5912264735849637,-3.1729157000000003,0.3495487430677118,0,200,9.040206362499994,7.478289,10.377667,0.33316974248015274,9.096769,0.11100207730429128,0,200,F
-0.1458846954,-0.53016603,0.5208885,0.17724764908427015,-0.1961749,0.031416729105900584,0,200,-3.4108395825000004,-5.8867435,-1.572392,0.5930689557796943,-3.3213562999999993,0.3517307863096171,0,200,9.022884327500009,7.7177089999999975,10.83496,0.3000642529276257,9.058461999999999,0.09003855588501414,0,200,F
-0.12673108199900002,-0.7767688,0.73157823,0.1634562213831034,-0.13991116,0.026717936308842102,0,200,-3.4076433370000005,-5.053561,-1.821389,0.44573552650439896,-3.3955764999999998,0.1986801595881538,0,200,8.993004710000003,7.8972745,10.183736999999999,0.2738200324571095,9.036914,0.0749774101748125,0,200,F
-0.13202226695400004,-0.6498761,0.8632594000000001,0.17952603154308258,-0.13153146,0.03222959600160788,0,200,-3.1591850520000007,-4.7207669999999995,-1.3066356000000001,0.4334772213468223,-3.1429882,0.18790250142656195,0,200,9.088509427000004,7.4088573,9.929952,0.2585198333076217,9.1255,0.06683250421340049,0,200,F
-0.15553648215789476,-0.74325,0.47061026,0.3522844192848236,-0.1997662,0.12410431207084538,0,19,-3.693276621052632,-6.087856299999999,-1.8285716,1.0098664088420275,-3.6577415,1.0198301637074936,0,19,8.915565999999998,8.074444999999999,9.64983,0.3621326773397041,8.943541,0.13114007599722222,0,19,F
-7.162643500849997,-9.367165,0.20485388,2.26449250192494,-7.8803654000000005,5.127926291274274,0,200,-0.33959357612000063,-9.985617,2.9119477000000002,2.7934737237874887,0.3357868,7.803495445491139,0,200,5.5904370425000005,1.9141643,8.938752000000003,1.355949334950438,5.601235,1.8385985989525355,0,200,G
-7.967406492999996,-9.656863000000001,-6.1876644999999995,0.577340487635069,-7.9545856,0.3333220386626993,0,200,0.6299982613299999,-1.9794062,3.8863877999999996,1.2602451393340852,0.7020996500000001,1.5882178112151881,0,200,5.553590290000002,1.4544774999999999,9.460688000000001,1.3790517003769192,5.4982843,1.901783592312472,0,200,G
-8.105156842999998,-8.847623,-6.403143,0.4017326353274034,-8.10661725,0.16138911028710046,0,200,0.7488344693149994,-1.2467805,2.7419596,0.971620975074492,0.8349778649999999,0.9440473192047064,0,200,5.3886537144999975,3.5087025,8.821436,0.986108636326524,5.2385132500000005,0.9724102426377566,0,200,G
-8.114937205500004,-9.173233999999999,-7.109432000000001,0.4032866858645566,-8.0503535,0.1626401509956176,0,200,-0.7780078130649999,-6.9521630000000005,2.2176294,2.1215131428485843,-0.192134685,4.500818015279277,0,200,5.061330425500003,2.2517467,7.9044570000000025,1.085807458761953,4.9727572,1.1789778375030902,0,200,G
-8.44143443600001,-9.429414,-7.7223477,0.3667524217338319,-8.40589225,0.13450733884763047,0,200,-0.6818207551544999,-2.759916,0.97982705,0.8019367175326652,-0.6470330149999999,0.6431024989270655,0,200,4.819875192500001,2.529474,7.4974427,1.070775901853097,4.809951,1.1465610319893125,0,200,G
-8.417324863999998,-9.264213999999999,-7.334487400000001,0.4373247358663731,-8.414272500000001,0.191252924600593,0,200,-0.6179674011379998,-2.4917655,1.7220296000000002,0.8361850624023481,-0.6147113000000001,0.6992054585848189,0,200,4.867040970500001,2.124854,7.7560163,1.2774483558844971,4.8219222,1.6318743019520046,0,200,G
-8.168603222000003,-9.213936,-7.1716814,0.4640619821838806,-8.2023855,0.21535352330843235,0,200,-0.7314645352629998,-2.8078,1.1737574,0.9545552695476164,-0.69970545,0.9111757626211224,0,200,5.236334595499999,2.7234043999999997,7.715314999999999,1.2745155510924977,5.26724365,1.624389889976613,0,200,G
-8.010909124500001,-9.00564,-6.949021000000001,0.4586013690342641,-7.9845130000000015,0.21031521568010134,0,200,-0.5191108121649998,-3.4901476000000002,1.6382325,1.1020472881550571,-0.599148965,1.2145082253299155,0,200,5.499517215999997,2.610877,8.412027,1.2660930418826826,5.555745099999999,1.6029915907037442,0,200,G
-8.213422607000004,-8.902689,-7.2435074,0.365764805495765,-8.280196499999999,0.1337838929393548,0,200,-1.676336242755,-7.0982094,2.0620062,1.8680627355321555,-1.3293805,3.4896583838838797,0,200,4.721820668500002,2.4983494,7.8086886,1.03506435102217,4.581305,1.071358210756946,0,200,G
-7.9871945465,-9.053524000000001,-6.7886095,0.4722395932476999,-7.973739,0.22301023343075305,0,200,-0.04019864569000005,-5.515642,3.2902317,1.4307011624321346,-0.16101006499999998,2.0469058161846614,0,200,5.536435795000001,3.168726,8.1343,1.2072638441373351,5.6311625,1.4574859893612564,0,200,G
-7.9301287375,-8.96015,-6.893954300000001,0.43181330409407104,-7.970147799999999,0.18646272959263868,0,200,-0.8069058288129995,-6.5666966,2.9574377999999997,1.7935544038673201,-0.690128665,3.2168373996318573,0,200,5.5168871595,3.6739025,8.232463000000001,1.0235650630541329,5.3067479,1.047685438305011,0,200,G
-8.068705139499999,-9.163657,-7.0016932,0.417977664126906,-8.013244,0.1747053277089846,0,200,-0.40995915009149997,-4.969764,3.3596635000000004,1.670860258024652,-0.35733459999999995,2.791774001846207,0,200,5.379723346000002,2.8167782000000003,7.8374190000000015,1.0721109398522934,5.4216699,1.1494218673509682,0,200,G
-8.103241546,-9.228301,-6.915502,0.4769125103712416,-8.0371855,0.22744554254859964,0,200,-0.285771913565,-6.8204823,3.769072,1.9440100604811728,-0.226850605,3.779175115252013,0,200,5.2883725814999964,2.5605986,8.1319065,1.1366309972307616,5.39533355,1.2919300238657954,0,200,G
-8.119569949499999,-9.300127,-6.8867717000000015,0.33882807539300885,-8.10781425,0.1148044646745305,0,200,-0.6612785056665003,-4.3544545,4.0827127,1.6748117926215085,-0.668580815,2.8049945407040697,0,200,5.288671848999999,2.6300306,8.309077,0.997751904245214,5.2660465,0.9955088624249508,0,200,G
-7.814812047500002,-8.806921,-7.0016932,0.3557840317636528,-7.830087,0.1265822772579999,0,200,-0.03204639412999995,-4.842871700000001,3.366846,1.821216322324799,0.03172317,3.3168288927022664,0,200,5.754224359499999,3.1376014,8.084022000000001,0.8909866315797519,5.7939680000000005,0.7938571776538326,0,200,G
-7.877097235,-9.055919,-6.2570963,0.5150194589810934,-7.887548,0.2652450431291781,0,200,0.4506007378999998,-4.888361499999999,5.358822,2.0326395349235202,0.23523031,4.131623478934102,0,200,5.6233692610000015,3.276465,8.124723,1.0677226361726069,5.5617306000000015,1.1400316277953804,0,200,G
-8.0536336875,-9.024794,-6.6880527,0.4304596967058163,-8.114997500000001,0.18529555048806334,0,200,0.5655463546070001,-3.0759506,3.9773676,1.3912963152639928,0.6314706999999999,1.935705436867164,0,200,5.443241544499998,3.4249055,8.297106,1.0488294188360412,5.4037135,1.1000431498159478,0,200,G
-7.971141443499997,-8.933814,-6.7311482000000025,0.4464533461017,-7.9845130000000015,0.1993205902454044,0,200,0.4701613554189998,-2.4510639,3.342904,1.1117092907742885,0.33339260000000004,1.2358975471938711,0,200,5.5931664245000015,2.5893292000000003,8.153454,1.1305475835531118,5.6144029999999985,1.2781378386777802,0,200,G
-7.96464122,-8.419061,-7.442226400000001,0.4239442056908448,-7.8683944000000015,0.1797286895388414,0,5,0.383191994,-1.2946646000000002,2.32058,1.5926331663875235,0.46507367,2.5364804026775487,0,5,5.480567,4.313154,6.745663,0.990524994939348,5.7736173,0.9811397655995951,0,5,G
-1.0560883504894996,-3.5262102999999994,1.2765583999999999,0.8098621619097757,-1.3259388,0.6558767212931758,0,200,-7.026784469999997,-10.927885,-1.1810896,2.982082849639076,-8.677335000000001,8.89281812211151,0,200,5.0868226944999995,0.5526116999999999,10.045622,3.0720965209356788,3.41487975,9.4377770339451,0,200,H
-2.5127236609999977,-5.077653,-1.467496,0.8154832072484611,-2.3089083500000003,0.6650128613042366,0,200,-9.2245509245,-11.208006,-7.1929300000000005,0.4807452504794349,-9.342624,0.2311159958585345,0,200,1.366929059999999,0.22221185,4.153491000000002,0.644371026604247,1.2069769,0.4152140199270112,0,200,H
-2.3475447164999994,-5.3688480000000025,-1.3789105,0.9440225463436406,-2.0181625,0.8911785680051311,0,200,-9.058206276000003,-10.174759,-6.7773867,0.5389179597912817,-9.1500405,0.2904325673855975,0,200,1.7128328503589998,-0.7218518,5.1583076,1.1302384764733626,2.2517467,1.2774390137008278,0,200,H
-2.179998452000001,-5.9697924,-1.3465889,1.104254059167457,-1.7799393000000001,1.2193770271878055,0,200,-8.716546190500003,-10.943297,-6.4828997,0.7158641081325741,-8.713098500000001,0.5124614213124455,0,200,2.9175981333250003,-0.51355624,4.7441106,1.3663345723995448,3.4392707000000002,1.8668701637342469,0,200,H
-2.074641603499999,-5.7567080000000015,-1.2196962,1.149327929235891,-1.6769886000000005,1.320954688921662,0,200,-9.135734999500002,-10.430939,-6.889914,0.632157977157658,-9.351153,0.3996237080840621,0,200,1.6816274166500005,-1.7130512999999998,4.7800236,0.9373696910399528,1.3275849000000002,0.8786619376803368,0,200,H
-1.6061920969999999,-1.9690813000000005,-1.3681366000000001,0.13723588032002626,-1.5752351,0.018833686847212563,0,200,-9.070648702500003,-9.384672,-8.831612,0.10158001899185032,-9.068638,0.010318500258384673,0,200,2.7476936034999992,2.3906104999999997,2.9987376,0.11404139387740996,2.7676971000000004,0.013005439517502555,0,200,H
-1.4642039530000002,-1.6123452,-1.1622353,0.07333138602538487,-1.4746786,0.0053774921764040105,0,200,-9.377034637499998,-9.741408,-8.738237,0.2020866184545736,-9.440936,0.04083900135840439,0,200,1.4611693399500008,0.80325466,3.264494,0.7691083000182134,1.0953472999999998,0.5915275771569062,0,200,H
-2.0912453913000006,-5.988946,0.18809447,1.176731544980098,-1.5500958999999999,1.384697128951248,0,200,-9.237117491500006,-11.37186,-6.84203,0.6905475469776456,-9.4481185,0.4768559146368437,0,200,1.1716983776999996,0.14724341,3.7576995,0.5130483434870811,1.0546459,0.26321860275483794,0,200,H
-1.6999490400000008,-2.4574982999999997,-1.1287165000000001,0.1892221431283244,-1.681777,0.035805019450076074,0,200,-9.358718935,-10.203489,-8.381501,0.3013198761522676,-9.396643,0.09079366776441786,0,200,0.8684846838150001,-3.5709519999999997,3.5110967000000004,1.406245470369211,1.1216834999999998,1.9775263229339248,0,200,H
-1.9501431301499992,-6.206818,-0.42960957,1.2091027970734065,-1.4232032,1.4619295738907354,0,200,-9.246371050499999,-12.846687,-5.810129,0.8021996895861968,-9.421782,0.6435243419721904,0,200,1.10460086553,-1.483208,3.2190042,0.8936468188999829,0.92655605,0.7986046369300589,0,200,H
-1.2628755750000007,-1.4279916000000001,-1.1430817,0.049543454953936514,-1.2603976000000001,0.0024545539287727357,0,200,-9.523930975,-9.6767645,-9.34397,0.05861126364007858,-9.52593,0.0034352802254867983,0,200,0.85244353995,0.62129533,1.0594343000000002,0.07451049234535917,0.8511386999999999,0.005551813469547824,0,200,H
-1.8863376589999985,-5.5412300000000005,-1.0592846000000002,1.1557779619709434,-1.3190556,1.3358226973777076,0,200,-9.2725636295,-11.283274,-7.177217999999999,0.580324529840455,-9.372701,0.33677655993454514,0,200,1.2092394548000005,-0.6907272,2.4672248,0.7745113707219593,1.0319009,0.5998678633776082,0,200,H
-2.15518256,-6.5180644999999995,-1.0928035,1.4568140783926908,-1.4902408999999999,2.1223072590031453,0,200,-9.143935167999999,-11.180324,-6.0639142999999995,0.8229890622977551,-9.341577000000001,0.6773109966617383,0,200,1.345254058325,-0.34596214,2.6850972,0.7468486530399161,1.36828625,0.557782910547537,0,200,H
-1.6437331979999998,-2.8477533,-0.9778817,0.3175480034446732,-1.6877626000000001,0.1008367344916982,0,200,-9.42797127,-10.150817,-8.86513,0.1957597198089933,-9.438542,0.03832186789969557,0,200,1.0221445542799996,-0.23104046,2.5079262000000004,0.6077688103245489,0.7242460000000001,0.3693829268033176,0,200,H
-2.252961752500001,-5.5316534000000015,-1.2388498,1.2251651938057415,-1.68297415,1.50102975211306,0,200,-8.794609110000005,-10.677541,-7.012017999999999,0.5154026241478655,-8.786121000000001,0.26563986497850595,0,200,2.6683377859200004,-1.2054806,3.9564182999999997,1.2630458065371013,3.56257205,1.5952847094109566,0,200,H
-1.4642997249999998,-1.7344495,-1.2436382,0.10118436130554233,-1.45552505,0.010238274972810529,0,200,-9.3374465,-9.71986,-8.673594,0.21425351307928786,-9.40861375,0.04590456786681657,0,200,1.7175284807499998,0.8463503000000001,3.7792472999999998,0.7416927343699271,1.2509704,0.5501081122171393,0,200,H
-1.5065933004999998,-1.8972552,-1.1454758999999999,0.17972349037406332,-1.4351742,0.032300532992236036,0,200,-9.473604800000002,-10.114903,-8.968081,0.1153453693852971,-9.478046,0.013304554238630634,0,200,0.9082404281250004,0.094570965,1.9668366999999998,0.4620109434020798,1.1216834999999998,0.21345411182327972,0,200,H
-2.8381525109999988,-6.3001924,-1.2651860000000001,1.5149561842107346,-2.0253451,2.2950922400783496,0,200,-9.045641284500006,-11.216236,-6.5044474999999995,0.7882313923798335,-9.440936,0.6213087279330511,0,200,0.7225820445124994,-0.39384618,2.2661119,0.4218976976625264,0.6452374,0.1779976672929406,0,200,H
-1.47300264,-1.5740379999999998,-1.3058873,0.10340072214746858,-1.5117886999999999,0.010691709340617998,0,5,-9.5618429,-9.722255,-9.3343935,0.1694822064282862,-9.648033999999999,0.02872421829580022,0,5,0.2861071060000001,0.14963761,0.4201824000000001,0.11187610406922198,0.31244332,0.012516262661707387,0,5,H
-2.319831817008001,-8.1580925,0.5065233,2.2492783593791703,-2.3006783000000004,5.059253137971452,0,200,-3.474549318050001,-8.237250999999999,3.0657754,2.5328632384351693,-2.9269116000000004,6.415396184616292,0,200,8.053023109999991,3.8922237999999996,9.942371000000001,1.377410626101801,8.076091499999999,1.8972600328981568,0,200,I
-3.91794949426,-8.329278,0.042048167000000004,2.2915112443219807,-3.2272344,5.251023782854072,0,200,-3.0765372046499997,-7.360674,0.1690905,1.9443435355889849,-2.9134443,3.780471784386673,0,200,7.637066464999997,2.3695116,9.461136999999999,1.8004638901493872,8.339453500000001,3.2416702197318648,0,200,I
-1.8588282599589985,-8.231114999999999,1.9586066000000002,2.8915189327485,-0.01062427,8.360881738443029,0,200,-5.8112302990000035,-8.869019999999997,-2.4525604,1.258979910518797,-6.3610947000000015,1.5850304150899182,0,200,6.779930299500003,3.147627,9.037363000000001,1.3263398906276742,7.156718,1.7591775054702306,0,200,I
-0.16669030808300006,-6.1967926,0.19407998,0.9085355161385148,0.034865562,0.8254367840850774,0,200,-6.737439191999996,-9.143157,-5.480028599999999,0.3490822640510882,-6.685509,0.12185842707503368,0,200,6.944196434999998,3.3188123999999997,7.343465299999999,0.5804715008258671,7.0591539999999995,0.3369471632710345,0,200,I
-1.2435244228405002,-7.6979570000000015,0.26276365,2.4056628274117706,-0.16579846999999998,5.787213639190796,0,200,-6.644592050000001,-10.01704,-4.2925043,1.2712620337211318,-6.33775125,1.616107158380788,0,200,6.1981332915,2.7705402,7.9204683000000005,1.7156853123182076,7.278148700000001,2.943576090904425,0,200,I
-1.509627971982499,-7.6767087,0.21128829999999998,2.6207806557466684,-0.15741876,6.868491245535938,0,200,-6.065207213499996,-9.251046,-2.714875,1.0026136032532886,-6.446089,1.005234037428543,0,200,6.814544470999994,3.4648587999999996,8.930821,1.2434804725904864,7.235577000000001,1.5462436857138595,0,200,I
-0.15576676215250002,-0.42945993,0.06374562,0.0865313320503678,-0.16011224,0.007487671426411009,0,200,-5.815845185500004,-6.701221,-4.314202,0.5372006318616077,-6.0667577,0.28858451887251063,0,200,7.760751002500008,7.063344,8.586056,0.3711076031437732,7.5589437,0.13772085311111626,0,200,I
-1.0245986148050006,-7.291242,-0.07751228,1.9489689993246917,-0.21278468,3.798480160328688,0,200,-6.2714737125000015,-10.352378999999999,-4.0508394,0.9113186712666458,-6.191256,0.8305017205992049,0,200,6.862901384000003,1.2214918,9.541343,1.7868678395572162,7.495497500000001,3.1928966760438726,0,200,I
-1.973265128915,-8.21301,0.15711948,2.5297766118982,-1.1549030999999998,6.399769706107137,0,200,-5.5516329739999986,-8.041974,-2.6406548,1.2812393024084388,-6.142175,1.6415741500360626,0,200,6.981773434499997,2.41141,9.481487,1.9077386843732105,7.315932000000001,3.6394668878540273,0,200,I
-3.691978725675,-7.3343377000000025,0.26485857,3.1138959270101405,-5.35193875,9.696347844250338,0,200,-5.434795953499999,-8.389133000000001,-2.870498200000001,1.224656576518816,-5.6094651,1.4997837304107868,0,200,5.8229080344999975,1.6356886999999998,9.661052999999999,2.6522793062806964,5.086930500000001,7.034585518524812,0,200,I
-0.5497266655250002,-3.850774,-0.082300685,0.3711136828257507,-0.4930559000000001,0.13772536558049187,0,200,-8.632533651500001,-9.835231,-5.968595,0.3456442915040745,-8.67322,0.11946997624935365,0,200,4.487308588499996,4.118476,7.317128999999999,0.4919849007311989,4.3975502,0.2420491425474877,0,200,I
-1.0551306732,-7.803002999999999,-0.31364042,1.6329749756104426,-0.50263274,2.6666072709699256,0,200,-8.449317348500003,-11.0161705,-4.132841,0.8934920994371995,-8.605359,0.7983281317566945,0,200,4.3075399805000005,1.9590555,5.0523643,0.5276132924380175,4.47521175,0.278375786357285,0,200,I
-1.5655325867700003,-7.4600334,0.057760115999999986,1.9443565167349808,-0.77482355,3.7805222641697873,0,200,-7.4831911595000005,-11.976246000000002,-2.453907,2.1934310464140983,-8.967333,4.8111397553732465,0,200,4.8898876255,3.0579941,9.628133,2.1110649144757723,3.6593876000000014,4.456595073130599,0,200,I
-2.5417563536999994,-7.5246770000000005,0.55096567,2.0348490475668792,-1.6660651000000002,4.140610646383833,0,200,-4.053054276999998,-7.3620205,-1.6374843000000001,1.252066628528646,-3.57319635,1.5676708422750905,0,200,7.920216753999997,2.689736,9.915436999999999,1.997409911195504,8.917053999999998,3.9896463533420303,0,200,I
-0.4857476087990002,-1.5894506000000002,0.3378817,0.4851309527734902,-0.252289,0.2353520413389144,0,200,-6.072000782000001,-8.511237,-4.596718,0.442463947203798,-6.125415599999999,0.19577434457516532,0,200,7.540472443499997,6.3528647000000005,8.931419,0.3778324123389,7.5128553,0.14275733181383254,0,200,I
-4.4994830808199975,-7.972242999999999,0.08185177,3.3456866298244083,-6.6219129500000005,11.193619024985805,0,200,-4.164181149150004,-7.3078520000000005,0.8515876,1.403595790345928,-4.086453149999999,1.97008114267681,0,200,6.392955494000003,2.7313352,10.962601,2.0427136846268112,5.026177499999998,4.172679197361643,0,200,I
-0.3280355619873999,-1.8526631999999998,0.18240824,0.5167790388003705,-0.012719197000000002,0.2670605749434348,0,200,-4.955309175999997,-6.630292999999999,-1.8682255,1.278620064067393,-5.7755627999999986,1.634869268235704,0,200,8.214416159999995,7.0768113,9.79423,0.6693336620401261,7.798663000000001,0.4480075511400457,0,200,I
-0.207463563105,-0.7297826,0.29254153,0.1531646873620795,-0.19108722,0.02345942145472355,0,200,-4.200477255,-5.021389,-1.5114895000000002,0.6216157125403351,-4.3581953,0.3864060940770285,0,200,8.729732307500003,8.355315,9.954641,0.2355627446643477,8.6821235,0.055489806673800685,0,200,I
-0.5253177900000001,-0.63880295,-0.42332479999999995,0.0982439922653668,-0.49275663,0.009651882016237451,0,5,-2.79334504,-3.2472856,-2.5433903,0.2832887767471172,-2.7205613,0.08025253103087804,0,5,9.258408,9.090335000000001,9.466225,0.15145495177114526,9.250747,0.02293860241599993,0,5,I
-2.7948174795350003,-6.7119946,4.411466000000001,1.7236980239322364,-3.0297127,2.9711348777078963,0,200,-5.596422528399999,-10.677541,3.0699651,2.2843140840950165,-5.63295785,5.218090834794853,0,200,6.212725954799995,-0.18555063,13.633780999999999,2.8506737231479264,7.1167645,8.126340675846059,0,200,J
-3.3516489325000016,-6.1852703,-1.9786581,0.4896952466314791,-3.3828572999999995,0.2398014345734651,0,200,-5.388545982,-12.418125999999999,-2.4247277,1.4538327734979188,-5.136161,2.113629733296651,0,200,6.963978567799998,-0.25498247,10.964247,1.709168192056731,7.26281065,2.9212559087384737,0,200,J
-3.027928926425,-5.055207299999998,0.037259765,0.5789222258976059,-3.00098225,0.3351509436382386,0,200,-5.544623982549998,-9.595362,0.05327099,1.733627568512737,-5.4857147999999984,3.005464546307385,0,200,6.969281722999996,1.9476831000000001,12.707226,1.971903979343946,7.1598601,3.8884053037524886,0,200,J
-2.7426119195000007,-5.8405055999999975,-1.2939163,0.930666700262177,-2.4981999000000004,0.8661405069768888,0,200,-6.9832279580000005,-11.331158,-2.2307975,1.7386173347183431,-6.6516908,3.0227902365831154,0,200,4.920814732585001,-1.9764134999999998,10.971428999999999,3.055945892360779,5.92205815,9.338805297036718,0,200,J
-3.057557177500001,-6.0703487,-1.6075568,0.8249127994756552,-2.91598795,0.6804811267387626,0,200,-6.1751369925000015,-12.109274000000001,-2.130241,2.2263663794131543,-5.8987145000000005,4.956707255381239,0,200,5.513463464744997,-1.2797008,9.781511,3.276368538668317,6.9371996,10.734590801175562,0,200,J
-2.750285346000001,-6.285826999999999,-1.6291046,0.92330302363795,-2.58678525,0.8524884734589807,0,200,-6.488035206500004,-10.605715,-2.4893713,2.1311984206081203,-6.3320650999999994,4.542006708002544,0,200,5.221514489075002,-1.7609352999999999,10.066421499999999,3.3944807804775485,6.40568685,11.522499769031466,0,200,J
-2.320897232500002,-3.0249243,-1.6841712,0.24570048598706856,-2.2791305,0.06036872881428167,0,200,-5.7787888935,-8.441357,-3.5763388,0.8341480173247546,-5.6557028,0.6958029148068191,0,200,7.283987576500005,4.4783545,8.732851,0.8078661972219474,7.398083399999999,0.6526477926138504,0,200,J
-2.821357212000002,-6.391172,-1.4088379999999998,1.0816312456057338,-2.41320565,1.1699261514706107,0,200,-6.438678737500003,-11.561002,-2.9873652,1.970431517789948,-5.999270899999999,3.8826003662999984,0,200,5.216821847689999,-2.3762453,9.460688000000001,3.488553200354565,6.907271849999999,12.170003431704075,0,200,J
-2.618065544,-6.3504705,-1.1646295,1.2117708091241404,-2.1989245000000004,1.468388493845374,0,200,-8.236532710499999,-11.934497,-1.6849195,2.04413760672292,-9.1368725,4.178498555218907,0,200,1.9339762974500003,-2.1200657000000005,9.733627,3.189313677114262,0.5674258000000001,10.171721731028095,0,200,J
-2.6739941115,-6.2331543,-1.5740379999999998,1.0475034199445183,-2.3605332000000003,1.097263414795462,0,200,-7.6034818364999985,-12.070967,-1.4431051000000001,2.1871480052935888,-8.818443499999999,4.783616397059724,0,200,3.7191529170299993,-2.256535,9.5732155,3.0211225323929702,2.7796681000000003,9.127181355732512,0,200,J
-2.942623515000001,-3.9706339999999996,-1.0209774,0.4885892298758451,-2.97584315,0.23871943555067146,0,200,-5.553051553500001,-11.8339405,-2.3385365,1.8280794289031064,-5.3049526,3.3418743983787076,0,200,6.98199493135,0.10175357,10.581175,1.7945391159368511,7.466318099999999,3.220370638627416,0,200,J
-2.6980438595000003,-6.2882214,-0.5541081,1.011724005960825,-2.37968685,1.0235854642374194,0,200,-6.661710590500003,-11.230601,-3.7702692000000004,1.7113777205733214,-6.1070099,2.9288137024747365,0,200,5.289641498795003,-1.2988545,9.151836,3.1827061192786004,6.876147500000001,10.129618241693443,0,200,J
-2.8409537432999996,-5.9243026,-0.69297177,1.2578709596244189,-2.5891794999999997,1.5822393510664572,0,200,-7.2238212386999985,-10.567408,-0.99538934,2.2320170117011595,-7.70154835,4.981899940523374,0,200,3.571849686225,-2.2373814999999997,10.849325,3.8856010391949383,4.3131545,15.097895435792788,0,200,J
-3.042210346500001,-5.258714,-1.6267104,0.3782652764528766,-3.02492425,0.14308461936997116,0,200,-6.2539182160000015,-10.787674,-2.6809072,1.7373881385149113,-6.092644700000001,3.018517543852308,0,200,5.910290412199996,-2.220622,9.075222,2.6755945730997555,6.678625500000001,7.1588063196008624,0,200,J
-2.8631001218500005,-5.943455999999999,0.28386253,0.9287090058643483,-2.6837503500000004,0.8625004175735462,0,200,-5.823847724499999,-11.067796000000001,-1.7112557000000002,1.4566973579340938,-5.5467667,2.121967192612169,0,200,6.333106387062499,-2.529474,9.54209,2.843713146501016,7.381323999999998,8.086704459582709,0,200,J
-2.570037866949999,-5.7375545999999975,-0.6019920999999999,0.9902183162604904,-2.273145,0.9805323138577604,0,200,-6.4797632385,-10.296863,-3.1812953999999998,1.7165404211401905,-6.086659150000001,2.946511017408142,0,200,5.323064520015002,-2.5797524,9.056067,3.5437490664352183,7.083245700000001,12.558157445860484,0,200,J
-2.9003419237499988,-6.570736999999999,-0.81986445,1.3174236713606324,-2.35574485,1.7356051298613275,0,200,-6.100773095499999,-11.175535,-2.2307975,2.254899252889665,-5.6413376500000005,5.0845706406823705,0,200,4.7967591915300005,-2.8694507999999996,9.898827,4.363134684144296,7.39568925,19.03694427198296,0,200,J
-2.8694447425,-6.503699299999999,-1.7607857,1.031765760728173,-2.56882885,1.0645405850109857,0,200,-7.9499227820000025,-10.972028,-2.8772318,2.099001227581352,-9.15842,4.4058061533880215,0,200,1.7627429704999988,-1.210269,9.084799,3.717356393861969,-0.6619968,13.81873855898646,0,200,J
-2.8400918000000006,-2.9674633,-2.632275,0.12935784029733188,-2.8525417,0.016733450846390018,0,5,-3.27897898,-3.5763388,-2.7311857,0.32711048611474064,-3.329736,0.10700127012622193,0,5,8.6299002,8.368932000000001,8.926781,0.2377563282737176,8.67539,0.056528071634199775,0,5,J
-2.5624242884400004,-8.26643,0.103698865,3.2532663626036755,-0.32486326,10.58374202604855,0,200,-5.367824173999996,-9.238028,-1.1288661,2.2037620120017896,-6.537368,4.856567005542176,0,200,6.522176481000005,4.923376599999999,8.268075999999999,0.8555244840121505,7.092523,0.7319221427442565,0,200,K
-0.2640901721,-0.36556467,-0.18854338,0.031292754669591784,-0.265083025,0.0009792364948112582,0,200,-6.5083612765,-6.6618660000000025,-6.304083,0.06352624574309232,-6.51582,0.004035583898211755,0,200,7.187645633000003,7.0398507,7.353192,0.05630527668320048,7.1767693,0.0031702841823717594,0,200,K
-2.7843136537,-8.818593,-0.09172785,3.4909169487880893,-0.36825815,12.186501143335944,0,200,-5.200690155449999,-8.429086999999999,-0.13796587,2.562636023634836,-6.45327135,6.56710338963096,0,200,6.347357885499999,4.239084,7.547870599999999,1.0931602306875219,7.189937400000001,1.1949992899567967,0,200,K
-0.9168909677499998,-8.134749000000001,-0.10699089,1.8436692582497367,-0.332270315,3.399116333815136,0,200,-6.793458303499994,-7.7795095000000005,-1.0206781999999999,1.2926244017685558,-7.148038850000002,1.6708778440475165,0,200,6.519961155999996,5.137657599999999,7.6826940000000015,0.3707104430250776,6.56295585,0.13742623256784925,0,200,K
-2.451827122299999,-8.735694,-0.37229836,3.336927944217376,-0.47090954,11.1350881048988,0,200,-5.820747252525001,-9.510517,0.049530048,2.836685883317899,-7.239093349999999,8.046786800615049,0,200,5.930839397999997,4.349965,6.5906386,0.7352157825004738,6.3693246499999985,0.540542246837784,0,200,K
-0.40934190084999983,-0.54662615,-0.28580782,0.040832703926420785,-0.40806174,0.00166730970994274,0,200,-7.1502743685000025,-7.252037,-7.0039377000000025,0.048761091068677834,-7.155146500000002,0.0023776440022078922,0,200,6.5468667300000005,6.402245,6.6847606,0.05114544309148981,6.5445503500000015,0.002615856349024823,0,200,K
-0.85886524215,-7.685536999999999,-0.21098903,1.5595097060154328,-0.40499418,2.4320705231563418,0,200,-6.873680541500003,-8.379407,-1.4841058,1.0447627779378297,-7.115342999999999,1.0915292621643709,0,200,6.551444928499999,5.3507414,7.244555,0.22986904577690614,6.59475365,0.05283977820638538,0,200,K
-3.1585962526,-8.686314,-0.32561144,3.3753561856638927,-0.647631565,11.393029380099506,0,200,-5.377596981749999,-8.329128,-0.11731588,2.789006753505091,-7.1448962000000025,7.778558671097008,0,200,6.053869951500001,4.4170027,7.4978914,0.703317166496675,6.39461325,0.4946550366889116,0,200,K
-2.53112235685,-8.643068,-0.11492168,3.2488991092213,-0.38067806,10.555345421898952,0,200,-5.408868228862,-8.853758000000003,0.41180268,2.742894757627736,-6.869712849999999,7.523471651421716,0,200,6.378796054999996,4.5554175,7.3567834,0.742073121581271,6.77184975,0.5506725177733718,0,200,K
-3.8566833358000023,-8.614188,-0.20245968,3.6619396829285877,-1.9111715,13.40980224140713,0,200,-4.372885235815,-8.238149,0.5895722,3.1505321568347933,-6.6708443000000015,9.925852871250092,0,200,6.106717437000007,4.565144,7.655310000000001,0.7823152862551216,6.37037235,0.6120172071084329,0,200,K
-3.1156606906500013,-8.705167999999999,-0.10280103,3.546683609869957,-0.54812255,12.578964628520193,0,200,-4.900550816660001,-8.438962,0.61112,3.1442324711368257,-6.9102647999999975,9.886197832551188,0,200,6.182076434500001,4.384831,7.5285673,0.7775070240115178,6.524125,0.6045171723872471,0,200,K
-2.066451202770002,-8.713697,-0.09202713,3.2580787784430267,-0.24420857,10.615077326540806,0,200,-5.5199374998514985,-7.937975999999999,0.13766660000000006,2.624240345733772,-6.84030885,6.8866373921769055,0,200,6.4720800910000005,4.404134,7.5046253,0.7894760345137123,6.828263000000001,0.6232724090714962,0,200,K
-3.2624005846265023,-8.935908999999997,0.0016460137,3.7612499773841495,-0.48317984,14.147001392372266,0,200,-4.4292858804825,-8.150162,0.6461352,3.0832128984560265,-6.4251398,9.506201777205614,0,200,6.316296856999997,3.9731777000000004,7.949947,1.1409496908979098,6.8976953000000005,1.3017661971600358,0,200,K
-3.6830184386499982,-9.043648,0.1189619,3.8640181326267453,-0.97638533,14.930636129268274,0,200,-3.9674795311599986,-8.116643,0.9549871999999999,3.2108620903411857,-6.27071325,10.30963536319017,0,200,6.2537266670000005,3.6212301,8.148665,1.2520125003759328,6.86178185,1.567535301097596,0,200,K
-2.19565653135,-7.9207673,0.18599954,3.1635851772855466,-0.16714520499999996,10.008271173940821,0,200,-3.0113551108500007,-7.355287,5.240608,4.506145659236095,-6.0815715,20.3053487022523,0,200,6.8811990055000045,3.0945058,9.673772,1.764199263760346,7.2388687,3.1123990422525467,0,200,K
-0.6713880198784999,-6.9630866,0.42302552,1.8034105355139995,0.004040215,3.25228955960289,0,200,-5.326773351450004,-7.573158999999999,4.4662337,2.3959339077079425,-6.0323410000000015,5.740499290104653,0,200,7.589668007999992,4.8259625,9.961525,0.7637549879312349,7.5840826,0.5833216815898408,0,200,K
-0.8922291939009998,-7.255179400000001,0.2697966,2.1573596875897603,-0.054617728,4.654200821637387,0,200,-4.4637915145,-7.746589,5.795016,3.54531158800146,-6.3507695,12.569234256017433,0,200,7.376888650500005,2.719065,12.530503,1.6506507964575958,7.300369999999999,2.724648051846095,0,200,K
-1.703544829777,-7.4586864,0.13811551,2.798760286620259,-0.054617728,7.833059141962716,0,200,-3.462396520400002,-8.151209,6.218789,4.634517720718214,-6.38787965,21.478754503651146,0,200,6.922732532500004,2.1085434,10.256012,1.9475328554579787,7.2237556,3.792884223088308,0,200,K
0.0631171412,0.027682956,0.10908581,0.033960548907843606,0.06599019,0.0011533188821220375,0,5,-6.380787000000001,-6.420052,-6.317101,0.04416657556484322,-6.4008985,0.001950686397125006,0,5,7.285765360000001,7.2584715,7.3255089999999985,0.027951672686047827,7.2704425000000015,0.0007812960059479519,0,5,K
-1.5117169150399992,-9.520392999999999,2.946215,2.5145604302016533,-0.26560676,6.323014157135924,0,200,-5.61428925828,-15.24089,2.2535423999999997,2.4302643267246853,-6.53183105,5.9061846977505885,0,200,6.889620726000001,3.9779660000000003,12.221203,1.2282398439653712,6.990321000000001,1.5085731143040793,0,200,L
-1.4293892935700003,-8.738686999999999,-0.114772044,2.322235033969516,-0.4882675,5.3927755529954,0,200,-6.576210677024997,-9.362825,1.9330186000000005,2.1923087313041263,-7.488164899999999,4.806217573352306,0,200,6.0129688045000025,3.9860466,7.8742300000000025,0.8241061473909314,5.629666,0.6791509421675235,0,200,L
-0.4700985126500001,-0.5955577,-0.30331543,0.04459023848915482,-0.47577278,0.0019882893685197038,0,200,-7.652790444,-7.943213,-7.445518499999999,0.07821387962579307,-7.6559089999999985,0.006117410966118048,0,200,5.7625921889999985,5.5768437,5.99134,0.0759491955571563,5.76014995,0.005768280305779171,0,200,L
-1.4903247155999992,-7.868993,-0.06628946,2.2621805396729497,-0.45415014,5.117460794074997,0,200,-6.712737030419997,-8.886827,0.036361936,1.8520105319004485,-7.38207225,3.4299430102701813,0,200,6.040696628000001,5.026477,6.960992,0.335236156120379,5.9949315,0.11238328037036713,0,200,L
-1.4743793343249991,-7.912088400000001,2.406921,2.2920161114538797,-0.4026748,5.253337855164162,0,200,-6.5097805215500015,-13.967324,0.08424597,1.8641270194362844,-7.1510315,3.474969544592406,0,200,6.28735926,5.208436,8.227525,0.3665977888813276,6.3492734,0.1343939388126784,0,200,L
-1.3630519465600002,-7.9041576000000004,0.058209027999999996,2.336373588369444,-0.286556,5.458641544430312,0,200,-6.065724899074997,-9.692625999999999,1.2464813,1.9952885006521244,-6.708104,3.9811762008346014,0,200,6.651182174000003,4.929511499999999,7.6026380000000024,0.5182788293932864,6.81734,0.2686129449972753,0,200,L
-0.35637093770000017,-0.5324106,-0.19722237,0.044786801016658384,-0.3552397,0.002005857545305753,0,200,-7.312990351499997,-7.9879546,-7.120056599999999,0.11550333212613866,-7.294234650000001,0.013341019732241092,0,200,6.204474941000002,5.4370822999999975,6.3664819999999995,0.1256978515733152,6.230012,0.015799949890147175,0,200,L
-1.403882063449999,-7.887099,-0.27832595,2.086788742654282,-0.444274055,4.354687256468639,0,200,-6.708173092765,-8.873660000000003,0.9329905000000001,1.930341649750407,-7.3138372,3.726218884761122,0,200,6.105040751000002,5.2606597,7.757811999999999,0.2924420999670937,6.1489087,0.08552238183316363,0,200,L
-1.3183791313000006,-7.649175,-0.07152677,2.082400820901676,-0.4103063,4.336393178891973,0,200,-6.908768283500002,-10.79755,0.8598177,2.055605671037952,-7.598897000000001,4.22551467480339,0,200,5.8620592270000005,4.974253,6.997353599999999,0.3298346039341393,5.8050413,0.10879086595239056,0,200,L
-1.5280752924299987,-8.465598,0.012270284,2.476051694504974,-0.3564368,6.1308319938609515,0,200,-6.554773562610004,-9.092878,1.4775218,2.2908733264352814,-7.3702505,5.248100597772653,0,200,5.9763105265000025,4.4427404,7.3732433,0.4439976816185664,6.0157309,0.19713394128266185,0,200,L
-0.28313829525,-0.45220485,-0.11941081,0.056139607076796966,-0.28461072,0.003151655482737153,0,200,-7.185825297500003,-7.5103116,-6.842328999999999,0.11940160863896558,-7.183503,0.0142567441455727,0,200,6.340564349500003,6.0516440000000005,6.583157000000001,0.0934442179459588,6.3413424,0.008731821867531847,0,200,L
-0.26974273482000016,-0.60064536,0.017058687,0.08819148909823883,-0.26665422,0.00777773874936478,0,200,-7.1307467289999975,-7.3594766000000025,-6.9333089999999995,0.08096596178424786,-7.1320276,0.006555486967648285,0,200,6.39564289,6.192901999999999,6.549638,0.06137716466682859,6.3988032,0.003767156342538992,0,200,L
-1.356111757709999,-8.161534,0.026635494,2.3557005559508015,-0.29299045,5.549325109306917,0,200,-6.55575523199,-14.017752,0.6132149,2.017865233788181,-7.117662400000001,4.0717801017310284,0,200,6.185839018500003,4.0500913,7.3014174,0.5045363317918945,6.3760582999999995,0.2545569100980207,0,200,L
-1.28567433949,-8.101678999999999,-0.052373163,2.219506335790934,-0.32770637,4.9262083746161,0,200,-6.6775123569,-12.703335000000001,1.3051392,1.9469946670489813,-7.123647999999998,3.7907882335171736,0,200,6.128569724500003,4.3350015,7.931092299999999,0.516414732240203,6.3796496,0.2666841756747205,0,200,L
-1.563114438249999,-8.585308,-0.24869770000000002,2.5135338958130373,-0.37559038,6.317852645401063,0,200,-6.7174476495,-13.103167,1.3937247,2.510762866064073,-7.600094,6.30393016960628,0,200,5.693950289000001,4.255993,7.514500999999999,0.4799970021762397,5.789479,0.23039712209817695,0,200,L
-0.2881541462000002,-0.63176996,-0.10983399999999999,0.0706644574999865,-0.28580782,0.004993465553767397,0,200,-7.5568666749999975,-7.9245085999999985,-6.952462700000001,0.20317808653123706,-7.564181,0.04128133484649485,0,200,5.897122318499997,5.4890065,6.492177,0.2396480430937069,5.8768673,0.0574311845586432,0,200,L
-0.22983139288999996,-0.5743090999999999,0.14395137,0.10325633132460413,-0.23193829,0.010661869958616423,0,200,-7.252431936999997,-7.610867999999999,-6.643610499999999,0.13282669847425585,-7.2637085999999975,0.017642931827570884,0,200,6.269528452000003,5.9989715,6.681319,0.1096849160527261,6.2575455,0.01203078080949357,0,200,L
-1.2834477377500009,-7.718607,-0.066738375,2.0496734312472444,-0.41629183,4.201161174760853,0,200,-7.349947832650002,-15.969026000000001,0.5844845000000001,1.9187758649064504,-8.064568999999999,3.6817008197474976,0,200,5.365022946000002,4.4571055999999984,6.954258,0.5852743895322771,5.147833,0.34254611104237953,0,200,L
-0.4182071860000001,-0.49769467,-0.3564368,0.05284626459350207,-0.41389763,0.0027927276814864303,0,5,-8.065766159999999,-8.161534,-7.962815799999999,0.07605108218972327,-8.063372,0.005783767102228046,0,5,5.17823928,5.089175,5.304653,0.08487426862478413,5.172972,0.007203641474592014,0,5,L
9.0632325565,3.6453216,14.526968,1.6860250357235982,9.010728,2.8426804210867607,0,200,-3.825748774280002,-12.505364,2.6307788,2.0844175754082466,-3.5690063999999997,4.344796628670793,0,200,2.0411407415800005,-3.1663318,7.4256167,1.5967426249174597,1.7357962,2.549587010228299,0,200,M
9.007088504499999,1.0021229999999999,15.759982,1.3765508536604325,8.93770475,1.8948922527132648,0,200,-3.551409159679998,-10.178201,3.3466449999999996,1.6417992605871743,-3.5606267,2.6955048120645917,0,200,2.3403680821700004,-2.5893292000000003,8.239645,1.4331732226668668,2.433706,2.0539854861693323,0,200,M
9.209039484499998,1.1936592,18.407969,1.767452874329897,9.1723365,3.1238896629770148,0,200,-3.4577120816999987,-8.260444999999999,4.2085576,1.7193610235662522,-3.53668475,2.9562023293587907,0,200,2.0785980218700013,-3.8055837,7.5213847000000005,1.8491644952532145,2.01591775,3.4194093305050757,0,200,M
9.0501123475,4.7849617,11.586888,0.9615531676164868,9.0394585,0.9245844941532998,0,200,-3.5647568385500015,-7.051373,1.6347909,1.3046190555353387,-3.55823255,1.7020308800659194,0,200,1.998679567740001,-1.9405005000000002,9.877279,1.3281893621548742,2.0171148999999997,1.7640869817413711,0,200,M
9.122477040499998,5.215918,13.001862,1.0091606022515078,9.0801595,1.0184051211366263,0,200,-3.497874823,-7.3793783,-0.9222165999999999,1.0984843068655243,-3.2733226,1.2066677724298314,0,200,2.0796395052124987,-0.14724341,6.685808,1.10951605545827,1.8016368000000003,1.2310258773196792,0,200,M
9.0837508435,5.847987,13.028198,1.1301526789654677,9.046641,1.2772450777728237,0,200,-3.73032784425,-10.906037,2.8151324,1.6201679384319116,-3.3906386,2.6249441487227108,0,200,1.859444771905,-1.9596541,10.427945,1.4608651541770767,1.7908629,2.1341269986888145,0,200,M
9.080171553000008,5.4242134,12.693010000000001,1.1911329768521557,9.072977,1.418797768544678,0,200,-3.92817272295,-9.7185135,4.838232499999998,2.085048559516526,-3.6635776,4.34742749554194,0,200,1.9217419076390003,-0.7721300999999999,5.270835,1.1934143960895438,1.90339035,1.4242379207937703,0,200,M
9.155014306999998,3.6908116,13.856592000000001,1.5290274651874722,9.1052985,2.3379249892976266,0,200,-3.608953803350002,-9.170241,2.3698107999999998,1.6456944203871289,-3.53189635,2.708310125293328,0,200,1.8853141302850007,-1.4544774999999999,6.420052,1.323733344210941,2.0123265,1.7522699665758803,0,200,M
9.292704847999994,4.217536,16.013767,1.6771445516818757,9.2417685,2.812813847236199,0,200,-3.456634676849999,-9.069685,11.192444,1.9840863969362823,-3.6551979,3.9365988305075987,0,200,2.242540989434999,-1.6101006000000002,13.822923999999999,2.215586148543289,2.00514385,4.9088219816168825,0,200,M
9.155900186499998,2.9893104999999998,15.561264000000001,1.8270415720006168,9.189096000000001,3.338080905818485,0,200,-3.589919905549998,-14.061596,9.889998,2.7991743701127985,-3.4564790999999997,7.835377154296383,0,200,2.167662325710001,-5.6299653,18.149245999999998,2.2373204306574848,2.1978772,5.005602709437394,0,200,M
9.177268458,2.7738322999999996,14.567670000000001,1.6656872723508742,9.1376205,2.774514089271696,0,200,-3.6782779116900017,-11.097574,3.0449758,1.8983611522320256,-3.59534275,3.6037750643037048,0,200,2.0527047514849994,-4.7297454000000005,10.885238000000001,2.011618318397979,1.7657237000000001,4.046608258914312,0,200,M
9.199019737,5.4385786,16.734423,1.5969514938456293,9.1376205,2.550254073695787,0,200,-3.6313515568750017,-9.450363000000001,3.0976481,1.7101237601732937,-3.5558383,2.9245232751092454,0,200,2.1021809126075,-2.634819,16.229095,1.6834623499807688,1.9979613,2.8340454838027727,0,200,M
8.861975984000006,4.124162,14.893281,1.5396590982469645,8.924536500000002,2.370550138814656,0,200,-3.686777314249998,-12.210877,-0.6133645999999999,1.5515123352340805,-3.3954269999999998,2.4071905263835096,0,200,2.05027462374,-4.5980644,5.6299653,1.6919217165916698,2.26132345,2.8625990950745024,0,200,M
8.586606837,3.5687072,14.127137,1.4938713874776308,8.719832499999999,2.231651722324341,0,200,-4.3860638007500015,-11.8996315,0.97159696,2.014705117901749,-3.93053105,4.059036712099503,0,200,2.201456496730001,-1.2366052,6.4703300000000015,1.4324826757179825,2.1763293500000005,2.0520066162321497,0,200,M
9.258683260499996,2.4673746,14.019398,1.500711772450216,9.179519,2.252135823970669,0,200,-3.654778825644996,-10.443956,3.3203089999999995,2.0871496687109072,-3.3176153,4.356193739600051,0,200,2.0111413975150003,-4.981137,9.886856,1.6431243012717178,1.9955671000000001,2.6998574694296713,0,200,M
8.860838719,5.1345152999999994,12.76723,1.3582077773371122,8.941296000000003,1.8447283664190175,0,200,-3.792337680050003,-13.628245000000001,4.5868416,1.9305236181148315,-3.76652815,3.72692144009918,0,200,1.861647453115001,-3.762488,8.531737,1.7712515594561855,1.6041151000000002,3.1373320868759698,0,200,M
9.022016396000003,1.1146505,16.418388,1.7547491943445106,8.960449749999997,3.079144735052709,0,200,-3.8402935494999983,-11.107151,4.5030446,1.8253424738093569,-3.705476,3.331875146692464,0,200,2.2498073942399994,-1.9452889,14.771028,1.7154407362584518,2.2888567,2.9427369196149398,0,200,M
9.1324609555,4.5503300000000015,16.559647000000002,1.4860008251466692,9.1424085,2.2081984523365814,0,200,-3.78851892815,-10.61634,2.4751556,2.098959473686475,-3.590554350000001,4.405630872178206,0,200,1.9766050419,-6.2620344,12.02009,2.1865518879794124,2.11408025,4.781009158826332,0,200,M
12.483756800000002,10.990732000000001,13.698575,1.175485898477179,12.85821,1.3817670975187009,0,5,-2.43487322,-5.06658,1.7928081999999999,2.9836899975397997,-4.0753803,8.902406001419052,0,5,3.0772675000000005,-0.2669535,5.675455,2.5370221600638416,3.642778,6.436481440655001,0,5,M
9.34718192662,-4.1334395,19.633202,5.809426886528753,8.304438000000001,33.74944074992316,0,200,-2.7157489379699995,-19.367145999999998,19.858856,9.317150189841538,-3.3080385000000003,86.80928766006419,0,200,0.1886750512500001,-19.575592,19.65041,8.64032199622777,1.38743985,74.65516419849746,0,200,P
8.657714645154993,-3.4558804,19.633202,5.8547043650705675,8.7461685,34.27756320237635,0,200,-3.0191422156999987,-19.367145999999998,19.411739999999998,8.224529495118425,-3.69111085,67.64288541607294,0,200,1.5051986522150005,-18.218678,19.65041,8.021389873880594,1.88543385,64.34269550879414,0,200,P
7.823817179224999,-5.076755,19.633202,5.407263026218934,7.912986,29.23849343471436,0,200,-3.377605107785,-19.367145999999998,19.858856,7.460921921734082,-4.07657735,55.6653559222122,0,200,1.88250089345,-18.778921,19.65041,7.361640279854603,2.9520507,54.19374760997776,0,200,P
7.9530263090999975,-5.186888,19.633202,5.418404034358781,7.716661699999999,29.359102279555522,0,200,-3.787923352859999,-19.367145999999998,19.858856,7.161810603185344,-3.9580642999999998,51.29153111589801,0,200,1.9761172177500004,-19.575592,19.65041,7.349929964856052,2.7976247000000005,54.0214704882889,0,200,P
7.5466045658999965,-3.2571619,19.633202,5.654569306632188,7.89024115,31.97415404350682,0,200,-3.4750221398699987,-19.367145999999998,16.105347000000002,7.013378306433606,-4.22382075,49.187475269153516,0,200,2.0222385061000008,-13.657723,19.65041,7.221090362446146,2.2541409,52.14414602261262,0,200,P
7.93387861773,-3.9083845999999998,19.633202,4.706363987328398,8.079383499999999,22.149861981221665,0,200,-4.130973533604998,-19.367145999999998,12.305748,5.983378872251254,-4.418948,35.8008227289027,0,200,2.2359928198600003,-11.493364999999999,19.65041,6.504391165304615,2.493561,42.30710443129272,0,200,P
7.925828127349999,-5.7614965,19.633202,5.564940808828012,7.754968999999999,30.96856620575936,0,200,-3.609268051449997,-19.367145999999998,19.858856,7.1415635872485845,-4.4907745000000014,51.00193047071487,0,200,2.0325156262500004,-19.575592,19.65041,7.491477371514713,2.6503813000000003,56.12223320791698,0,200,P
8.235341569834997,-3.3289877999999997,19.633202,5.709372245889126,7.88425565,32.59693144212905,0,200,-2.8824362630154985,-19.367145999999998,19.858856,7.717227983150241,-3.9628527,59.55560774391712,0,200,0.7123108923000001,-16.011225,19.65041,7.435000626470188,1.06661685,55.27923431561211,0,200,P
7.841115288222003,-5.648969,19.633202,5.145659096735563,8.142829500000001,26.477807539817448,0,200,-3.463568876650001,-19.367145999999998,19.858856,6.3630130640250036,-3.88863255,40.487935252952866,0,200,2.4759277698250006,-19.458873999999998,19.65041,6.7730998963534255,2.8502972,45.87488220598279,0,200,P
8.280801433549996,-2.749591,19.633202,5.565281247098743,8.01234555,30.972355359308942,0,200,-3.6429694067999994,-19.367145999999998,19.858856,7.13370676925025,-3.98679485,50.88977226964685,0,200,1.7244357492549989,-17.392677,19.65041,7.22766768479105,2.3355437500000003,52.23918016177282,0,200,P
8.345956707549998,-2.1845592999999996,19.633202,4.560958055589029,8.275708,20.802338384842447,0,200,-3.5151729087000003,-19.367145999999998,15.264981,6.554659414590128,-4.0646064,42.963560041274974,0,200,1.4554950469249994,-12.336124,19.65041,6.482761889285557,1.9632453999999997,42.02620171317325,0,200,P
8.268917250730004,-3.6258687999999997,19.633202,5.145127227981165,8.758139499999999,26.47233419211315,0,200,-3.5522262164650016,-18.100614999999998,19.858856,6.578315470666858,-3.8539165,43.27423443161492,0,200,1.2465770044499995,-16.030378,19.65041,5.998368399908481,1.4808137,35.98042346102061,0,200,P
8.470087053930003,-1.8421886000000005,19.633202,5.857352721767581,7.886649849999999,34.30858090719811,0,200,-3.4352065758499992,-19.367145999999998,19.858856,7.808871559130898,-4.60330175,60.97847502700342,0,200,0.07141607175000034,-19.575592,19.65041,8.282558068683606,1.07858785,68.60076816111592,0,200,P
8.49869774524999,-4.3584948,19.633202,5.604992335096721,8.195502000000001,31.415939076493,0,200,-3.0606277342000014,-19.367145999999998,19.858856,8.33458433087846,-4.0502411,69.46529596852476,0,200,1.0867640232850009,-15.443798000000001,19.65041,7.242761921644272,1.62446585,52.457600253620214,0,200,P
8.326195573599996,-11.098172,19.633202,5.90155892379815,8.3559135,34.82839773106158,0,200,-3.1374067795299987,-19.367145999999998,19.858856,7.893795026109446,-3.7701193999999996,62.31199991423022,0,200,1.0551306759500003,-19.575592,19.65041,7.814546383954086,2.08654675,61.06713518696989,0,200,P
7.944155744350001,-4.171746700000001,19.633202,5.5848706814159215,8.190713500000001,31.190780528139125,0,200,-3.2969264783000023,-19.367145999999998,19.858856,6.915750467136742,-3.81800335,47.82760452370207,0,200,2.0375613791499987,-19.214666,19.65041,7.067193278790888,2.8299465,49.94522083978708,0,200,P
7.961992575249993,-10.66961,19.633202,5.371404092956946,7.5969514999999985,28.851981929834636,0,200,-3.6731154185899983,-19.367145999999998,19.858856,7.2438812073126195,-4.48359185,52.47381494565694,0,200,1.9671479141850001,-14.186842,19.65041,6.630764528638003,3.0490159,43.96703823424396,0,200,P
7.529560825000003,-3.6019267999999998,19.633202,5.6055441090163,7.778910799999999,31.422124758127357,0,200,-3.67151726105,-19.367145999999998,19.858856,6.605894126500743,-4.215440999999998,43.637837210537036,0,200,1.99678815015,-12.4151325,19.65041,7.001322842432304,2.1715410000000004,49.01852154396435,0,200,P
8.05879316,7.136067999999999,8.946083999999997,0.8701606633540455,8.148814999999999,0.7571795800487525,0,5,-6.26894786,-7.46557,-5.5047190000000015,0.8389147199372153,-5.818359,0.7037779073273364,0,5,0.89184013,0.48243165,1.4808137,0.3836815309271798,0.7793127,0.14721151717462444,0,5,P
-0.6914394660165002,-4.2348940000000015,1.4034511,0.887225598342059,-0.36466685,0.7871692623534248,0,200,-6.757448759999999,-12.323705,-3.5633204,1.523747300793885,-6.323835,2.3218058366766505,0,200,6.480307910349996,-0.55829793,9.408764,2.1145678129403063,7.364115700000001,4.4713970355231485,0,200,Q
-0.3232471575650002,-1.5294459999999999,0.7115268,0.2903804444815397,-0.31199440000000006,0.08432080253729653,0,200,-6.254606524999998,-10.348488,-4.272004,0.6971299224390405,-6.21849,0.4859901287598625,0,200,7.4473858405,4.5844474,9.25314,0.5862270225613826,7.522133,0.3436621219811838,0,200,Q
-0.4923137117759003,-2.8438627999999997,0.6875848000000001,0.4347775856507421,-0.4233248,0.18903154898428834,0,200,-6.404519466499997,-11.471369000000001,-4.0445547,0.8518861117599862,-6.2927102999999995,0.7257099474095478,0,200,7.256244774499999,3.107225,9.054422,0.7532740494621833,7.3712982999999985,0.5674217935931559,0,200,Q
-0.4503553252900005,-1.7999908,0.87912095,0.2867130234953229,-0.42332479999999995,0.08220435784182957,0,200,-6.3922132624999985,-9.146599,-3.8218942000000014,0.5891694976763063,-6.38608415,0.3471206969921511,0,200,7.2897276895,4.359392,9.063999,0.5256095912563052,7.3174285,0.27626544242062023,0,200,Q
-0.5501935380549998,-3.820697,0.2614169,0.42590942487062783,-0.49036244,0.18139883819362893,0,200,-6.554576054500003,-10.868030000000001,-3.5848682000000003,0.8832103204116488,-6.4543187999999985,0.7800604700816474,0,200,7.100454059999998,2.2285527999999997,10.534039,0.7615133728936909,7.19652125,0.5799026170959255,0,200,Q
-0.3375525122004001,-1.5485996000000002,0.405069,0.333975485763271,-0.28206688,0.11153962509081283,0,200,-6.289238674999997,-7.7148660000000016,-4.2624273,0.5407723696997963,-6.29749875,0.29243475583073314,0,200,7.348948261499999,5.3122845000000005,8.412776,0.4620889449954849,7.395240350000001,0.21352619308704024,0,200,Q
-0.5845503299250002,-3.4424129999999997,0.76180506,0.4155151531401328,-0.53106385,0.17265284248906798,0,200,-6.606458439000001,-11.03323,-4.003853299999999,0.7466396071486896,-6.5907886,0.5574707029631495,0,200,7.060901859999998,1.9292776999999999,9.799019,0.8936588772926594,7.1857474,0.7986261889639764,0,200,Q
-0.4070681567745,-3.7440824999999998,1.0922048999999998,0.5147726133673842,-0.30600890000000003,0.26499084347308643,0,200,-6.358622616500001,-8.155399000000001,-4.248062,0.5975231254796176,-6.3657334,0.3570338854829309,0,200,7.284448460499999,4.1343374,8.534880000000001,0.5774528090666439,7.3282027,0.33345174669895783,0,200,Q
-0.6276100493000001,-1.98195,1.8104654999999998,0.31468827261190835,-0.6028899000000001,0.09902870891946676,0,200,-6.617363997000003,-9.251944,-4.9064674,0.5324059186125558,-6.617124750000001,0.2834560621736794,0,200,7.067533773499999,3.9428012000000003,10.467001,0.5681661399104061,7.099556149999999,0.32281276254069113,0,200,Q
-0.41275439023500005,-2.3913586,0.76659346,0.4083767929738299,-0.36227265,0.16677160503959032,0,200,-6.4062193545000055,-10.743530999999999,-2.217779,0.8413674854379453,-6.334608750000001,0.7078992455521711,0,200,7.259860002999999,2.123208,10.871621000000001,0.8289965081996291,7.360524350000001,0.6872352106071777,0,200,Q
-0.4790378605933997,-2.9516017000000003,0.78335285,0.4475857476953315,-0.407762485,0.20033300153998893,0,200,-6.484030914499999,-9.498547,-4.951957,0.7109669673459931,-6.3561565,0.5054740286571584,0,200,7.163206097499998,3.8997056000000003,9.140614,0.7564920291939599,7.3066545,0.572280190233995,0,200,Q
-0.4686470259800001,-1.5509938,0.33324295,0.23732946892573006,-0.44726682,0.056325276820569065,0,200,-6.422152782500001,-8.34933,-4.9567456,0.5077745393289889,-6.3980551000000006,0.25783498279076683,0,200,7.2560412565000005,5.3793225,9.054422,0.4322609076748608,7.313836999999999,0.18684949230389447,0,200,Q
-0.6562207588899998,-2.1184196,0.16086042,0.29133483661628473,-0.6627449400000001,0.0848759870262373,0,200,-6.712090629999998,-10.245536999999999,-2.0693386,0.7866428459261321,-6.77394485,0.6188069670467644,0,200,6.922912041000003,2.8414686000000002,9.806201,0.6888489976514522,6.9116116,0.4745129415654105,0,200,Q
-0.5243960148994996,-1.6084546,-0.0043394906,0.21809915840349345,-0.5346551500000001,0.04756724289631211,0,200,-6.570497490999997,-8.356512,-4.8585835,0.4735913590715761,-6.5955770000000005,0.22428877538726247,0,200,7.129543594999999,5.843797,7.967454400000001,0.3517773211330069,7.139060499999999,0.12374728366351467,0,200,Q
-0.69588070865,-1.8861821,0.34281975,0.2307750726263548,-0.73935944,0.053257134145699325,0,200,-6.986490049499997,-8.818593,-5.12434,0.5839655826636359,-7.135469499999999,0.3410158017356797,0,200,6.7294365979999995,4.534169,8.6091,0.5186838961785806,6.5668465000000005,0.2690329841549925,0,200,Q
-0.7615536619999999,-2.242918,0.440982,0.3191507071448019,-0.7285855,0.10185717387102712,0,200,-6.891954993500002,-9.522489,-4.147505799999999,0.7097468466138666,-6.8170405,0.5037405862783274,0,200,6.7543602625000005,4.0146275000000005,8.726417,0.6645130944314498,6.878092999999999,0.4415776526708609,0,200,Q
-0.469556823385,-1.814356,0.23508067,0.2800022788697064,-0.43050740000000004,0.07840127617222882,0,200,-6.516783593000003,-8.785074,-5.016600599999999,0.5658035157803525,-6.4926260000000005,0.3201336184694075,0,200,7.175883365500003,4.881328599999999,8.6091,0.4945780875097925,7.2252517,0.24460748464484405,0,200,Q
-0.6873214403500001,-1.9460369999999998,0.35718498,0.257457205237871,-0.674716,0.06628421252889524,0,200,-6.882222567499997,-10.178499,-3.1802479999999997,0.6847796107547275,-6.9355533,0.4689231153053962,0,200,6.819398741500001,2.6116252,10.399963,0.7252438867360927,6.860136200000001,0.5259786952480745,0,200,Q
-0.287334126,-0.39698857,-0.18390462,0.07810383526836874,-0.28206688,0.006100209083628481,0,5,-6.21801114,-6.505794,-5.947945,0.20457047498330005,-6.2017307,0.041849079234892984,0,5,7.581509,7.462277999999999,7.716063,0.11314199301596722,7.6011415,0.012801110583625177,0,5,Q
-5.808051998230001,-11.627889999999999,16.065842,5.7693922509344695,-7.707384299999998,33.285886945142714,0,200,-2.30042082392,-9.01776,14.766239,3.9106063376264175,-3.3051954500000003,15.292841927883902,0,200,3.9587045999799986,-9.180864999999999,19.544764999999998,8.797822218747125,1.97372005,77.40167579268059,0,200,R
-6.155642217050003,-10.248828999999999,15.009998000000001,4.336560749032211,-7.610418700000001,18.805759130046813,0,200,-2.107041141655001,-9.475052999999999,9.834184,3.7006779764425386,-3.3399115,13.695017485326845,0,200,4.35146145062,-6.240786,19.544764999999998,7.912437685969343,2.4884734,62.60667013434789,0,200,R
-6.467008115099999,-11.754782,12.426655,4.327699411467728,-7.716960999999999,18.72898219601813,0,200,-1.9555839307459983,-10.200497,15.709554999999998,3.8531340501834763,-3.22259545,14.84664200868332,0,200,4.1497380007199975,-6.468235,19.544764999999998,7.508300588075992,1.90787945,56.37457772090231,0,200,R
-6.37418494415,-11.599159,13.532776,4.190998833761697,-7.6104188,17.564471224591898,0,200,-1.6810887201999996,-7.5285673,8.1797905,2.8596168762555294,-2.6623523,8.177408678965431,0,200,4.7173912224425,-5.8170123,19.544764999999998,7.216629458410972,2.3843256000000004,52.07974074000503,0,200,R
-6.4749329512000005,-11.498603,14.28695,4.421967840850528,-7.745691499999999,19.553799585516288,0,200,-1.7365504028000007,-7.2268977,11.404779,3.0828906617189133,-2.7078421,9.504214832113677,0,200,4.3977533309749965,-7.289446400000001,19.544764999999998,7.784190384320906,2.4920647,60.59361993935406,0,200,R
-6.9550422050685015,-13.260735,13.365182,4.972024313889588,-8.337059,24.721025777909237,0,200,-1.5957713396039992,-6.5948286,12.75511,3.2982919188761604,-2.6575639,10.87872958212378,0,200,3.714735489730497,-7.6437883,19.544764999999998,8.026596749252613,1.4972739000000002,64.4262553751126,0,200,R
-7.086675403099999,-12.087576,12.297367999999999,4.3895369574880725,-8.273612499999999,19.268034701153642,0,200,-1.7462229850400006,-6.2021794,9.084799,2.6992873179864176,-2.469619,7.286152025042307,0,200,3.5882857102299983,-7.574356599999999,19.544764999999998,8.035205207196844,1.4266449,64.56452272176328,0,200,R
-7.321881814549996,-11.242422999999999,9.417144,3.837423657507434,-8.3382565,14.725820327197736,0,200,-1.729702990690001,-6.393716,9.300277000000001,2.89552471247599,-2.7712884000000004,8.384063360559168,0,200,3.5631944791999994,-7.6964607,19.544764999999998,7.833356737148012,1.9042881999999999,61.36147777142214,0,200,R
-7.146003726500004,-11.486631,11.79698,4.286736134510792,-8.428039,18.37610668692053,0,200,-1.85951660783,-6.906075,8.210915,2.8505536579829336,-2.7078421,8.125656157039886,0,200,3.788991646149998,-6.820183,19.544764999999998,7.879828401364174,2.2550386000000002,62.09169563494547,0,200,R
-7.063056600850007,-11.005397,11.727547999999999,3.984224039298088,-8.417264999999999,15.874041195320773,0,200,-1.96053994488,-8.902839,13.169307,2.9966382761990453,-2.8335377999999998,8.979840958381187,0,200,3.83139295822,-8.352472,19.544764999999998,7.888993802139069,2.22151995,62.23622321018865,0,200,R
-6.937624383350003,-10.660632000000001,10.92549,3.8950058684712237,-8.103625000000001,15.171070715425275,0,200,-2.101007763319999,-7.303512,9.640253,2.9798957053833286,-3.1687260000000004,8.879778414962008,0,200,4.021851690299998,-6.274305,19.544764999999998,7.639050644990298,2.5579052000000004,58.35509475672667,0,200,R
-6.8096662533500005,-11.120318,12.115409,4.3667025831137165,-8.10961,19.068091449371995,0,200,-2.43170688686,-6.8869214,13.78701,3.073392368593216,-3.2333694,9.445740651327014,0,200,3.7818688899700015,-9.18326,19.544764999999998,7.897741443435963,1.72232885,62.374319907365944,0,200,R
-6.307877551094996,-11.139472,13.884723999999999,4.849889063981955,-7.7983639999999985,23.52142393293176,0,200,-2.2809080671500004,-7.9714947,9.482236,3.1341639176339937,-3.22618675,9.822983462598867,0,200,3.985016885865,-7.3900027,19.544764999999998,8.00178051304859,2.19278955,64.02849137900415,0,200,R
-6.744998897400004,-11.749993,10.714801,4.194420507587549,-7.7672393,17.593163394470995,0,200,-2.3648966762499986,-7.459135499999999,13.631388000000001,3.2903166988685464,-3.38300705,10.826183978853207,0,200,4.0243416719999985,-7.9215155,19.544764999999998,7.746211589482304,2.6452936000000005,60.00379398902997,0,200,R
-6.895390681965004,-11.75957,12.424261,4.282446423211,-7.963563799999998,18.339347367672687,0,200,-2.4017554038499984,-7.8374190000000015,9.24521,3.177538803537097,-3.2740707000000002,10.096752847983968,0,200,3.53567310965,-15.640422000000001,19.544764999999998,8.232733479789731,2.3029227000000003,67.77790054925073,0,200,R
-6.721739228099997,-11.055675500000001,14.337228,4.369466379944361,-7.916876799999999,19.092236445464085,0,200,-2.3531052212999994,-6.702567599999999,10.906786,3.0924342155679385,-3.40934325,9.563149377615296,0,200,4.143728526587498,-9.008483,19.544764999999998,7.918265597552093,2.22032285,62.69893007337701,0,200,R
-6.5367153161500005,-12.013356,15.105766000000001,5.070237874105026,-7.969549299999999,25.70731210000905,0,200,-2.0218434754749994,-7.20535,13.521254999999998,3.3268588731433826,-3.2142158,11.06798996181286,0,200,3.9201340022999984,-7.3277535,19.544764999999998,8.216409597949584,1.62656075,67.50938668127804,0,200,R
-6.847746095480004,-12.559234,13.664457,4.408623401455923,-8.1946045,19.435960295864795,0,200,-1.8871337254900002,-6.9731125999999986,15.259444,3.6596530307707633,-2.9879637000000003,13.39306030562963,0,200,3.7918886192449976,-6.5328784,19.544764999999998,7.820343309010974,1.94858085,61.15776947079272,0,200,R
-8.881261519999997,-11.165809,-5.5178866,2.1834125820311083,-9.422830000000001,4.7672905033717505,0,5,-4.327040639999999,-7.741650999999999,1.6364368,3.516581567069488,-5.2205567,12.366345917852895,0,5,3.376722,-6.5903396999999995,13.951910999999999,9.18151404940862,5.976825,84.30020023948789,0,5,R
0.24035391734,-8.640374000000001,10.398317,4.084290917085679,0.166696295,16.681432295388575,0,200,-5.862131044950003,-16.668132999999994,9.842862,4.429201410477007,-6.159981749999999,19.617825134571508,0,200,4.969153669042501,-4.6624084,19.483116,4.0233957202513295,5.550059,16.187713121736714,0,200,S
1.303271753244999,-11.357794,12.100594500000001,5.172313380445074,1.4308348,26.752825705531134,0,200,-6.037171139849996,-14.554053,3.5939959999999997,3.772549861558096,-6.17674115,14.232132457942006,0,200,3.7312556031200015,-9.742905,17.110462,4.212443732237648,3.974674,17.744682197268244,0,200,S
-0.3307230424399995,-13.550882000000001,10.685621000000001,4.9048083269629945,-1.6804303,24.057144724245536,0,200,-4.44541006676,-14.520534,7.1086839999999984,4.422810068744963,-4.17758265,19.561248904191824,0,200,6.011337689850004,-2.8906994,15.496770000000001,3.2588746418613064,6.6430120000000015,10.620263931366662,0,200,S
1.7003859862000001,-12.351386999999999,14.276924,5.498662492346702,2.2676083,30.235289204740425,0,200,-4.867364148499999,-15.772701000000001,12.7374525,4.039939833644932,-4.047098899999999,16.321113859471044,0,200,3.931219346,-5.0071735,12.956522,4.244109896458716,3.80348865,18.01246881321881,0,200,S
1.0354563167959991,-8.159141,9.170092,3.4946209146597296,0.0410007035,12.212375337177205,0,200,-7.3891528829999995,-15.506946,0.3378817,3.0826391599082443,-7.862259,9.502664190199807,0,200,3.173729833329998,-5.2011037,13.971663000000001,3.6967077582786034,2.833837,13.66564825011722,0,200,S
-1.4539747550049986,-10.167875,8.363246,3.1362633511914337,-1.0986392,9.836147808026526,0,200,-6.603112517299997,-18.075924,3.3545759,2.93630873549491,-6.38264225,8.621908990143716,0,200,5.2106208752650005,-6.9512652999999975,12.860754,3.4609787688952025,6.1869166500000015,11.97837403874335,0,200,S
2.9401395510460024,-4.4122143,13.07264,3.9036650420564136,2.1766286,15.238600760573302,0,200,-6.824719815700001,-16.881216000000002,0.65631056,2.91369697119682,-7.311592699999999,8.489630039961519,0,200,3.231262497664998,-5.5554457,9.693225,3.467985883817976,3.391686,12.026926090360744,0,200,S
-1.7231787813590005,-6.7585320000000015,6.4574614000000015,2.047644218531905,-1.83844765,4.192846845687137,0,200,-6.187538955850004,-18.935442000000002,0.38337156,3.1206839414784477,-5.8499324,9.738668262601456,0,200,6.166733335699999,-4.126107,12.966099,2.9442551236539503,6.54844085,8.668638233162536,0,200,S
2.8674635428610014,-10.929232,12.232275999999999,5.103353377446514,2.5992053,26.044215695094763,0,200,-6.310253752390003,-14.520534,0.009876082,3.098260123053593,-6.2653265000000005,9.599215790104065,0,200,2.6739402216999992,-6.680720299999999,12.077849,3.4988336635670096,3.1797991000000003,12.241837005309744,0,200,S
-0.8175241105099998,-5.9373207,17.195456,3.178021431736977,-1.1285668999999998,10.099820220579547,0,200,-7.94086074128,-19.244293,4.436755000000002,3.1389013317652856,-8.2824415,9.852701570557883,0,200,2.616838506309997,-6.254553,10.907085,3.891715731535164,2.6339211500000004,15.145451335078272,0,200,S
0.51760247286,-13.862128,13.115735999999998,3.7399973439482634,0.705391675,13.987580132740069,0,200,-7.284657925639999,-16.263514,-0.004489128,2.99336418632393,-7.402572200000001,8.960229151966724,0,200,3.0810143676000017,-6.5370684,13.198336999999999,4.34658408630684,2.9032687999999998,18.892793219335868,0,200,S
2.083314602854999,-4.6300870000000005,10.1660795,4.050901895104082,0.57610476,16.409806163757846,0,200,-6.2196212942499995,-12.430396,3.4096425000000004,2.8889314032488054,-6.39461335,8.34592465267711,0,200,4.246164596199998,-3.4892497000000002,13.013983,3.525396186899634,4.2787378500000015,12.428418274606486,0,200,S
-0.4389649098099999,-8.594885000000001,4.6689925,2.7587037966921213,-0.0763151795,7.610446637883523,0,200,-7.898112286999999,-12.593202,-2.1999722000000004,2.223830436365079,-8.318354500000002,4.9454218097036975,0,200,3.0906390541299986,-8.36145,10.090662,3.717476785113443,3.2228948,13.81963364785738,0,200,S
2.9485790855700014,-5.2334255999999995,12.232275999999999,4.318816450812991,2.4902689,18.652175535812926,0,200,-6.620793703999998,-12.806286,-1.3739725,2.8423841947727917,-6.8519060000000005,8.079147910694173,0,200,3.516316144405002,-2.6776153999999996,9.070732000000001,2.8648844445881703,3.94714065,8.207562880843266,0,200,S
0.19430143626999985,-7.802403999999999,5.1885343,2.564648430108376,0.43125558,6.577421570057355,0,200,-6.607350248650001,-16.177322,7.142203,3.458099122901392,-6.8543,11.958449543811376,0,200,4.483310277146803,-7.5833344,12.240656,4.4182403323768895,5.11072275,19.520847634641854,0,200,S
2.1981045960450003,-4.955698,11.537957,3.943556214949823,1.4990696000000003,15.551635620469375,0,200,-6.656060290499999,-16.42632,0.6299743,3.062406098180801,-6.7693059999999985,9.378331110174962,0,200,3.8566998042000002,-3.4293947,11.271004,3.5453117527748788,4.220079850000001,12.569235424363685,0,200,S
0.8976820047815001,-8.434472999999999,13.450925,3.8286370126088496,0.5808932,14.658461374318414,0,200,-7.046973556999997,-16.050428,-0.5671265,2.6355750198779946,-7.260117299999999,6.946255685404892,0,200,3.705817228667499,-6.6304419999999995,11.326071,3.880990810745357,3.99023655,15.062089673089904,0,200,S
0.8071572209609978,-8.515875999999999,10.896311,4.592479432290281,-0.683245325,21.09086733600925,0,200,-6.500939939610003,-14.173375,4.233247799999999,3.565163919920719,-7.005134700000001,12.710393775904464,0,200,3.68820786625,-4.0806173999999995,13.119328,3.480517345089592,3.4946366500000003,12.114000989469499,0,200,S
-0.99090024,-1.237503,-0.6868366,0.2196019521729896,-0.9741408000000001,0.04822501739818802,0,5,-6.070917420000002,-8.549395,-4.4241852999999995,1.5599831266941742,-6.0115414000000005,2.433547355570532,0,5,7.1505826400000005,6.444293,7.5982985,0.4746833564363442,7.284658,0.22532428887767336,0,5,S
