x_accel_mean,x_accel_min,x_accel_max,x_accel_std,x_accel_median,x_accel_variance,x_accel_zero_crossing,x_accel_mean_crossing,y_accel_mean,y_accel_min,y_accel_max,y_accel_std,y_accel_median,y_accel_variance,y_accel_zero_crossing,y_accel_mean_crossing,z_accel_mean,z_accel_min,z_accel_max,z_accel_std,z_accel_median,z_accel_variance,z_accel_zero_crossing,z_accel_mean_crossing,Activity_ID
8.904090017000007,4.0846577,16.273539000000003,2.1541196008386816,8.443302000000001,4.640231254717401,0,200,-4.31909199365,-11.417648,5.291485,2.4130264773800114,-4.346373799999999,5.822696780536988,0,200,-0.12173916985000008,-4.7224129999999995,4.3372459999999995,1.8544416340176368,-0.228496615,3.4389537739780027,0,200,A
10.4648700725,5.7414455,15.799487,2.405742564391518,10.402956,5.787597286125077,0,200,-3.454785171965,-8.769662,0.7257424,2.203837070907996,-3.22349335,4.856897835108335,0,200,-0.21174918535799991,-2.3234231,5.213524,1.0073893483688183,-0.416441455,1.0148332992069529,0,200,A
10.995089987999997,5.4852657,18.698864,2.7819671820389185,10.4520375,7.739341401941561,0,200,-3.31910576163,-11.5038395,4.080019,2.6175198006975835,-3.03315425,6.8514099070439185,0,200,-0.15511434765500007,-2.5221419999999997,3.6189854,1.0195013432661184,-0.21652561,1.03938298892142,0,200,A
10.404230927500002,5.3440080000000005,19.557785,2.8184746934962748,9.91813,7.9437995978789235,0,200,-3.1748910239549986,-8.70023,0.7113772,2.0353299243757363,-3.04751945,4.1425679010593415,0,200,-0.2365650847090001,-2.2468088,2.4937107999999997,0.9540650894177096,-0.376937135,0.9102401948456224,0,200,A
10.466558011500002,6.588992599999999,16.383673,2.293658658756936,10.2676835,5.260870042890665,0,200,-3.3970130844500015,-8.527847,0.1822586,1.9804275583107944,-3.1899745,3.922093313716855,0,200,-0.19179351568500014,-1.7559973000000002,2.757073,0.9075740326000412,-0.30870239,0.8236906246499008,0,200,A
10.269958086499999,6.7087026,15.572038000000001,2.12596129313562,10.138396499999999,4.519711419910878,0,200,-3.3514992995,-7.8909892999999975,-0.24151509999999998,1.842947016977829,-3.0690672,3.3964537073874776,0,200,-0.08103774229799994,-2.7783215,2.0388124,0.9013883793835378,-0.20575171,0.8125010104876806,0,200,A
10.538731208999996,5.370344,16.13707,2.1453926478255574,10.5729445,4.602709613343957,0,200,-3.4068173437374987,-8.628404,0.05057751,2.027506478005988,-3.2151136000000005,4.110782518356245,0,200,-0.14431649267500002,-1.9571102999999999,2.0531776,0.9353174651636494,-0.19617491,0.8748187606401545,0,200,A
10.412484917,5.0207906,17.444304000000002,2.69643385542888,10.370634,7.270755536703052,0,200,-3.17709369033,-8.336311,1.0393828,1.9768153309006269,-3.02118325,3.9077988524837544,0,200,-0.235751058864,-3.0129533,2.5392005,1.083064028352891,-0.29792847,1.1730276895119918,0,200,A
10.104530793,5.2745760000000015,16.357336,2.6311501550447964,9.53505825,6.922951138392255,0,200,-3.152481293330002,-8.362647,0.012270284,1.8305102291402389,-2.5842415,3.3507676989870494,0,200,-0.219961297475,-2.6155157000000004,2.3213282000000004,0.9296249916217854,-0.35898061000000003,0.8642026250478045,0,200,A
10.3990414945,5.758205,16.790685999999994,2.5872771367896945,9.987561999999999,6.694002982554681,0,200,-3.2147065903500027,-7.685088,-0.21517888,1.879124584015782,-3.0594904,3.5311092022524853,0,200,-0.19210476080299987,-2.404826,3.5471593999999995,1.0208316692434247,-0.30750528,1.042097296930317,0,200,A
10.5250603365,6.6344824000000004,16.740408,2.2867894789007432,10.06297975,5.229406120811131,0,200,-3.3755730113949998,-7.91972,-0.040402155,2.113042641200324,-2.9074587000000003,4.464949203530842,0,200,-0.21976975915400004,-2.8357822999999995,2.639757,0.9749833384089708,-0.32665889000000004,0.9505925101751016,0,200,A
8.596467974193992,-1.7356466,19.557785,4.917004466376327,9.0562175,24.17693292236475,0,200,-3.2283894554449986,-11.336246000000001,3.5796309,2.6555661599119382,-3.18279195,7.052031629669439,0,200,1.4104900526354995,-4.008941,13.653085,3.8622733657571264,-0.1016039375,14.917155551836885,0,200,A
10.2968689495,5.2027497,16.070032,2.3598679956297075,9.937284,5.568976956797375,0,200,-3.575608557910001,-9.080908,0.9651626,2.195952004115161,-3.4293947,4.8222052043773935,0,200,0.09235034417049992,-2.0816088,4.804115299999999,0.9543367681235804,0.016909049000000002,0.9107586669925604,0,200,A
10.173447862500002,6.1388826,16.678158,2.477773394056248,9.508722,6.139360992293018,0,200,-3.2412941953900005,-8.216600999999999,0.21817163,1.9198891813175127,-2.9721022,3.685974468540031,0,200,-0.1791521253965001,-2.1893477000000003,2.627786,0.9008465173627724,-0.22370822,0.8115244478446357,0,200,A
10.314621942999999,5.6073699999999995,16.996588,2.418437167935537,10.1192435,5.848838335252062,0,200,-3.3050757363499987,-7.6515694000000005,-0.3684078,1.8489137978333596,-3.01639485,3.4184822318185764,0,200,-0.08599374068099999,-1.8948610000000001,2.7379192999999997,0.9288284226428264,-0.265606745,0.8627222387091606,0,200,A
10.387345836499994,5.3440080000000005,15.998204999999999,2.1537504316516727,10.143185,4.638640921839767,0,200,-3.4924938455499994,-7.898172,1.2811972,1.9738742986591868,-3.2618005,3.896179746907297,0,200,0.0163224694985,-2.4263737,2.615815,1.0008962997765392,0.010923545500000001,1.001793402906367,0,200,A
10.201663531,6.459706,15.765967000000002,2.183018819770928,10.107272,4.765571167474056,0,200,-3.40632651735,-7.7066360000000005,-0.07392098,1.8280906018492449,-3.3001077000000003,3.3419152485695336,0,200,-0.13057377505499995,-1.9666871,2.0316297999999997,0.9245219110671472,-0.27877486,0.8547407640432501,0,200,A
10.005985335749996,-1.2017396999999999,16.570420000000002,3.3107129890844167,10.3634515,10.960820496092275,0,200,-3.253971497055,-10.591649,3.002628,2.3706461565645927,-2.97329925,5.6199631996344745,0,200,0.2980002989360001,-3.2188547,10.241347,2.1512493143300238,-0.234482135,4.627873612405394,0,200,A
-0.5069423120000001,-1.7955016,0.8189666,1.1203180733804672,-0.6750153,1.2551125855429217,0,5,-3.01543718,-3.5479076000000003,-2.233491,0.5476198824436455,-2.887108,0.2998875356475921,0,5,10.8039846,8.651597,12.321909,1.376065499206451,11.014674000000001,1.8935562581062992,0,5,A
9.048442428249995,-6.76347,19.557785,6.1913717797331165,8.9137625,38.33308451487563,0,200,-6.611576049169997,-15.9139595,13.728651999999999,4.474447664540143,-7.273285400000002,20.020681902708745,0,200,-0.5508280053050008,-8.119785,7.1624039999999995,3.2489788069024224,-0.8426093800000001,10.555863287701088,0,200,C
7.451854034480005,-10.254216,19.557785,5.938809950463291,7.7920792,35.2694636277218,0,200,-5.629893439307499,-19.359215,6.036082,5.4427558448145845,-5.2430025,29.623591186263326,0,200,-0.3821923990599999,-13.054235,6.4345665,2.562403717298348,-0.41644147,6.565912810424391,0,200,C
3.9719866005999993,-6.758682,15.2392435,5.083713125876309,4.16725755,25.844139146207066,0,200,-5.419742425735001,-19.359215,5.662586,3.548790611779228,-5.1747678,12.593914806252387,0,200,4.487937056499999,-2.04809,14.85258,3.3972109130553623,5.02677625,11.541041987782448,0,200,C
9.042426966500003,4.149301,18.955044,3.1364234438726286,8.583363,9.837152019273844,0,200,-2.89457789283,-10.560524000000001,3.5365352999999997,1.7280773443155395,-3.0463223,2.9862513079366475,0,200,1.0575368492755004,-2.771139,11.558158,2.2888004207347965,0.40955812,5.238607365955781,0,200,C
9.154391787499996,1.4007577,19.557785,3.713401383311562,8.017134,13.789349833580227,0,200,-3.0416896239000004,-10.462361999999999,4.374505999999999,1.9502205375935209,-3.1444848,3.8033601452515606,0,200,0.42998066246699995,-4.293851,11.890952,2.5013008120699713,-0.05012859750000001,6.256505752461902,0,200,C
8.657903223499996,3.2514756,19.557785,3.88624294426296,7.550264500000001,15.10288422183364,0,200,-3.4600045402499986,-14.826992,7.142203,2.288294707869086,-3.3815107,5.236292670061665,0,200,1.8441518250800004,-4.4590510000000005,15.575629000000001,2.7211957972943592,1.87840085,7.404906567212484,0,200,C
8.833224645500001,1.0631752,19.557785,3.930810839369734,8.14163275,15.45127385490659,0,200,-3.7709754118,-15.547646499999999,2.66744,2.3978146954542225,-3.5479076000000003,5.749515313736228,0,200,0.6990769692650001,-5.3281465,9.250148,2.3634908632423146,0.5184943000000001,5.5860890606299005,0,200,C
8.055519099999996,-0.6223428000000001,19.557785,4.904878532341064,6.6811693000000005,24.05783341702022,0,200,-4.845157912884999,-19.359215,4.010587,4.408457018678769,-4.264971,19.434493285538107,0,200,0.021125839065000304,-19.556288000000002,10.859052,3.37116232199516,0.336534975,11.364735401239797,0,200,C
7.5672994290469955,-1.692551,17.959057,4.315456309463855,8.14402675,18.62316315889139,0,200,-4.6252864338999995,-12.131121,6.443096,3.043281987426799,-4.0530843,9.261565254996409,0,200,0.08418612312850007,-6.5444007000000015,9.357887,2.866734534537045,-0.5972036999999999,8.218166891507327,0,200,C
9.474376896,4.6592660000000015,19.496134,2.5416881571006025,9.1352265,6.460178687945456,0,200,-2.91040356508,-10.088866000000001,0.067336924,1.2789039986093258,-2.7219081000000003,1.635595437658923,0,200,0.12319963160499997,-5.1437926,4.0044518,1.3927553555890269,0.14380174499999998,1.9397674805219167,0,200,C
8.902087813000001,1.1948563,19.557785,2.647223245884999,8.742577,7.00779091355391,0,200,-4.499040199349999,-11.369764,2.0784664,2.2554015539066032,-4.5582609000000005,5.08683616936432,0,200,-0.6357862438249997,-6.996905,4.7346835,1.56905472853602,-0.414047255,2.4619327411412444,0,200,C
9.077466125,1.3768156,14.729279,2.6974279853599175,8.834753499999998,7.2761177362028615,0,200,-4.252976097999999,-8.48954,-1.6014217,1.3566654872620263,-3.8519713,1.840541244327912,0,200,-0.8822932612150006,-3.7360022000000006,2.0555718,1.16959099057204,-0.8545803699999999,1.367943085227286,0,200,C
8.891807692099995,-1.0940006000000002,16.036512,3.4743194242873408,9.141212,12.07089546198032,0,200,-4.437928193684999,-11.688193,2.1957822,2.4118550409361577,-4.3870751499999985,5.817044738489156,0,200,-0.8439022188739994,-8.124574,9.266908,2.1593435115895634,-1.0700585500000002,4.662764401043946,0,200,C
8.613813990969998,-0.41165304,19.557785,3.2872189651117942,8.777292500000001,10.805808524590654,0,200,-3.75371322685,-13.371317000000001,2.9691092999999995,1.9797725123752763,-3.2294788,3.9194992007567135,0,200,0.3850774152040001,-3.8485296,8.895806,2.320538120148892,-0.155473475,5.384897167064152,0,200,C
8.99350743267,-1.1897686,19.557785,3.533715004498544,8.823979999999997,12.487141733018145,0,200,-4.005020623600003,-13.845369,1.5732898000000002,2.259820583033185,-3.5730467000000004,5.1067890675004435,0,200,0.05667673693349998,-3.0368953,8.304439,1.5353196660034043,-0.210540105,2.3572064768168053,0,200,C
6.7959444901999975,-17.039382999999994,19.557785,5.408401465327362,7.991994849999998,29.250806410155157,0,200,-3.2232539159899987,-19.359215,15.493178,3.724393346068069,-2.9744964,13.871105796236105,0,200,2.5739434091199995,-19.556288000000002,19.669714000000006,4.7662328525378665,1.2391489999999998,22.71697560461124,0,200,C
2.9807482061699995,-12.993183,19.557785,6.360588486421032,0.8776245500000001,40.457085893591795,0,200,-4.5739068520499995,-19.359215,10.5563345,4.909861845554825,-4.698321599999999,24.10674334243502,0,200,3.826661557360002,-19.556288000000002,12.8749695,5.142386356088185,3.149722,26.444137435281924,0,200,C
7.353305713500001,-2.9064112,19.557785,5.503274253266143,7.200711349999999,30.286027506662016,0,200,-3.3036751431750004,-19.359215,9.739912,4.936719380321742,-3.5036148999999996,24.37119824004429,0,200,0.9154768977080004,-8.912266,17.498173,4.815345073925564,-0.13272856,23.1875481809792,0,200,C
6.955305639999999,6.553079599999999,7.338378,0.3349274351512104,6.890662,0.11217638681696823,0,5,2.65834204,2.2101474,3.7903206,0.6489554315107223,2.3849242000000004,0.4211431520872678,0,5,6.35124836,5.9365726,6.7099,0.2932013195194781,6.4465375,0.08596701376796309,0,5,C
0.32956186492999984,0.09965864599999999,0.6359598000000001,0.08092069020377872,0.32710782,0.0065481581030559285,0,200,-3.2659844215,-3.91437,-2.5257332000000003,0.19139110870549988,-3.2619502999999996,0.03663055649152047,0,200,9.2080279925,8.687361,9.510966,0.10803575277853994,9.215282499999999,0.0116717238784258,0,200,D
0.38282088129999947,0.27922377,0.5162497,0.04119329789286925,0.383371545,0.001696887791290666,0,200,-3.2374216135,-3.5217211,-3.0213330000000003,0.06458217318171662,-3.2368112,0.004170857092873239,0,200,9.21740130999999,9.094375999999999,9.31943,0.037499128723263914,9.216479,0.0014061846550039163,0,200,D
0.42984299950749977,-1.6624738000000001,1.4787188999999998,0.4014482780728811,0.5952584,0.1611607199676813,0,200,-2.9244635145000015,-3.8856397000000014,-2.034922,0.27483908689710024,-2.9315502999999996,0.07553652368643181,0,200,9.304873384999997,8.431181,9.946711,0.14764395606047592,9.307459,0.021798737761187743,0,200,D
0.349553447572,-0.07272387,0.82031333,0.13640593542002558,0.36900634,0.01860657921781219,0,200,-2.8437789219999985,-3.2823010000000004,-2.1163247000000003,0.2602974798947473,-2.9387329,0.06775477803955639,0,200,9.349010517500009,9.103952,9.685742999999999,0.10790180493973317,9.324219,0.011642799509252228,0,200,D
0.4139215596224998,-0.51565117,1.2847885,0.22838449438001898,0.414496165,0.05215947727321694,0,200,-3.3033938189999987,-4.757129,-2.8585272,0.3306043953923061,-3.2104747000000002,0.10929926625271223,0,200,9.189580670000002,8.246828,9.803059,0.1838948780429343,9.218874000000001,0.03381732617042568,0,200,D
0.4834132628500002,0.26007015,0.8490438,0.05650104842066087,0.483928025,0.003192368472633865,0,200,-3.365044490000001,-4.0891470000000005,-3.0117562,0.09907071239653216,-3.3613095,0.009815006054756388,0,200,9.171971367500003,8.862138,9.661800999999999,0.08031640070641446,9.168595,0.0064507242224333345,0,200,D
0.4790438437000001,0.22415714,0.6431424,0.050543559438819656,0.48153383,0.002554651400745496,0,200,-3.3421439500000014,-4.069993,-2.5879824,0.12750342924490088,-3.3445501,0.016257124469209447,0,200,9.176280957500003,9.044097,9.446322,0.04939101191539883,9.174581,0.002439472058027069,0,200,D
0.4842392645000001,0.17627311,0.82510173,0.0746315911741397,0.47794253,0.005569874401183927,0,200,-3.3043395365000015,-3.6462195,-2.9471126,0.1022208214205063,-3.2978632,0.01044909633188304,0,200,9.1895087875,9.001000999999997,9.431957,0.06193538591697405,9.187749,0.003835992028684507,0,200,D
0.4924394076500001,0.22655134,0.77961195,0.0692614216237601,0.49111062,0.004797144525344264,0,200,-3.288250507999998,-3.9622542999999997,-2.619107,0.09559042960984593,-3.2894835,0.009137530232994906,0,200,9.194979642499998,8.737639,9.369708000000001,0.05817669414802976,9.19972,0.003384527741993401,0,200,D
0.912705596413,-1.4039,2.7189152,0.7150928574833558,0.65032506,0.511357794823711,0,200,-3.5603036293350017,-5.0133085,0.7854478,0.7197566310867858,-3.4893994,0.5180496079933995,0,200,9.018682539000006,7.4639240000000004,11.344925,0.4005495435479003,9.130288,0.16043993683643126,0,200,D
1.7848414155000003,1.6870143,1.9120693,0.03449045874833158,1.7827824,0.0011895917446703625,0,200,-4.620049257,-4.723610400000001,-4.3453264,0.04340602638251685,-4.623054,0.0018840831263197489,0,200,8.408951015000008,8.287529,8.543709,0.038861380120488884,8.4084365,0.0015102068648691286,0,200,D
-0.15954960612,-0.9298481,1.8785505,0.932199537993394,-0.58867437,0.8689959786350974,0,200,-7.8303264394999985,-10.196755,-4.055628,1.7018359020074958,-8.63214425,2.896245437361668,0,200,5.2241361095,3.5709519999999997,8.668207,1.6852434879074811,4.374206299999999,2.8400456135345724,0,200,D
-0.7520786098099996,-1.0184335999999998,-0.039205052000000004,0.12667327448137947,-0.75267714,0.0160461184678349,0,200,-8.592388800000002,-9.593416,-7.1704845,0.2384528891132581,-8.574683499999999,0.0568597803264598,0,200,4.5430815450000015,3.7696705,5.354632,0.1865349686907861,4.5501804,0.03479529454447255,0,200,D
-0.8007332783499996,-1.0102035,-0.52657473,0.08277621981788602,-0.798167,0.006851902567338986,0,200,-8.52067948250001,-9.087342,-7.8830585000000015,0.1365121955441982,-8.527997000000001,0.018635579532297403,0,200,4.668120193500002,4.378247,5.158756299999999,0.1278769239222145,4.650737,0.016352507671807834,0,200,D
-0.8456739401499989,-1.0197803,-0.6319196,0.07765899438306466,-0.84979194,0.006030919408588868,0,200,-8.338196514999998,-8.888622999999997,-7.957279,0.13731063598535725,-8.333169,0.01885421075470329,0,200,4.961785468,4.5195045,5.331139,0.18304675400517506,4.988768,0.033506114151831065,0,200,D
-0.93008152515,-1.0844238000000002,-0.28236616,0.10704636418134264,-0.95393974,0.011458924084444638,0,200,-8.306233917499998,-8.785673,-7.602937,0.1500414815613334,-8.32239475,0.022512446189119947,0,200,5.0011341830000005,4.560206,5.426907,0.13813407576351172,4.9839797,0.0190810228870396,0,200,D
-0.2400606173969999,-0.68938047,0.32336688,0.13172846759304666,-0.22969373,0.017352389174412338,0,200,-6.5445084145,-8.428937,-5.996428,0.41843543169348135,-6.3890767,0.1750882104965101,0,200,7.211628805000003,5.436484,7.691822,0.4193020103903908,7.379378599999999,0.17581417591742346,0,200,D
-0.21885996308999986,-0.8689456,0.49574938,0.2244905723013788,-0.31827918,0.05039601705220058,0,200,-6.417065113500002,-7.6053314,-5.534347,0.6106926459373521,-6.81524465,0.3729455078019639,0,200,7.302476813499997,6.066159,8.041375,0.5459778591572614,7.20819335,0.29809182268994633,0,200,D
-0.18085201,-0.23687632,-0.15307927,0.0332440705489024,-0.16505028,0.0011051682266604002,0,5,-5.714869599999999,-5.740248,-5.6923639999999995,0.022688118070479157,-5.7067294,0.0005147507015800029,0,5,7.92358052,7.883358,7.943213,0.02390606403095244,7.931242,0.0005714998974519979,0,5,D
8.475408193499996,7.436539999999999,10.228178999999999,0.45141477371248,8.545055999999999,0.2037752979258895,0,200,-4.445296353000002,-6.554277000000001,-1.8592471999999998,0.723549170238707,-4.35400525,0.5235234017531215,0,200,1.7217721980500005,-0.5849333999999999,3.5833716,0.6923974344080159,1.6716017,0.4794142071748027,0,200,E
7.8692801545,7.163601,9.114875999999999,0.3462621516832187,7.766939999999999,0.11989747768829233,0,200,-5.22463666,-6.041918,-3.2956185,0.4964247176670905,-5.4001220000000005,0.2464375003108505,0,200,2.2820049189999985,1.1757027,3.22903,0.2978411099119766,2.2914007,0.08870932675359812,0,200,E
9.091142248999999,7.8790183,10.507852,0.2779036007215364,9.062951,0.0772304112939951,0,200,-3.3254032600000016,-3.9436991000000003,-2.243816,0.28431991384233,-3.4038067,0.08083781340730993,0,200,1.2161280263000005,0.40791209999999994,3.0319571,0.3576961989486665,1.21558105,0.12794657074232405,0,200,E
9.214480305,8.56376,10.584466,0.23438334840624894,9.204209,0.054935554010125086,0,200,-3.0230447569999988,-3.9365165,-1.3100771999999998,0.3771851464561956,-3.0674212000000005,0.14226863470718168,0,200,1.04152562525,0.34087446,1.9473837999999999,0.34683569814168996,1.0339959,0.12029500150543353,0,200,E
9.217724455,8.870218,9.904513,0.14155084785559804,9.193436,0.020036642528638668,0,200,-3.0848869869999986,-3.6516066,-2.4736592999999996,0.2566357292137429,-3.1021373,0.06586189750906958,0,200,0.8012794574999996,0.19722237,1.4876971,0.19261410876612114,0.7766192,0.03710019489576715,0,200,E
9.185666092499996,8.951621000000003,9.590873,0.11526924640013908,9.162311,0.013286999165655976,0,200,-3.171018408000001,-3.88145,-2.399439,0.3099359394858604,-3.2888849,0.09606028658498293,0,200,0.7246051406499997,0.3552397,1.6074072,0.2839063546142959,0.63895255,0.08060281819037833,0,200,E
9.277160535,8.987534,9.74889,0.11418866726586112,9.276035,0.013039051731953546,0,200,-2.902879765500002,-3.3619082000000002,-2.210297,0.18206614379987526,-2.9129953,0.033148080718156864,0,200,0.8496902206749998,0.065541275,1.451784,0.22281665770851095,0.8783726999999999,0.04964726295239175,0,200,E
9.20868635,8.614038,9.722553999999999,0.15649064666558046,9.18745,0.024489322493811548,0,200,-3.184641410500001,-3.6707601999999997,-2.2773347000000004,0.2711207584679388,-3.254169,0.07350646567223043,0,200,0.4684734458750002,-0.26007015,1.3991116000000001,0.20470522087675602,0.44502224,0.04190422745420146,0,200,E
9.179860094,7.8191633000000005,11.120768,0.3605332579767377,9.194632499999999,0.1299842301073209,0,200,-3.2740049800000013,-5.02109,-2.282123,0.44825448230328657,-3.2613516,0.20093208090498746,0,200,0.1721431014235,-1.2776059,1.9354128000000002,0.475267647753947,0.218770185,0.2258793370015699,0,200,E
9.122423147499994,8.381801,9.636363000000001,0.1989411369211744,9.0892875,0.039577575959489464,0,200,-3.4128327675000003,-4.3507133,-1.8751088,0.3916226513445867,-3.4636617000000003,0.15336830104616372,0,200,0.35145683716800025,-0.3510498,0.8963293,0.26048273883397016,0.38037878,0.06785125723044631,0,200,E
9.1904664605,5.659593599999999,11.434408,0.6108579955847201,9.192238,0.3731474907697819,0,200,-3.1663257549999986,-5.265298400000002,-1.6141409,0.7173139774402669,-3.2218473000000003,0.5145393422311757,0,200,0.5710889296180003,-0.5138555,1.8372505000000001,0.404448596215758,0.5431845000000001,0.16357866698089726,0,200,E
9.032113827499998,8.384195,9.432856,0.11880002764001285,9.049783,0.01411344656726782,0,200,-3.6361280055,-4.688296,-3.1991023999999997,0.2303323495367366,-3.5941457999999997,0.0530529912431134,0,200,0.5898953828999998,0.3528455,0.8747814,0.0969702555874172,0.58268887,0.009403230468689018,0,200,E
1.9580978539999991,0.9597756,8.513482000000002,1.697046257896641,1.4673463,2.8799660014409927,0,200,-9.343797095500005,-10.776750999999999,-4.714632,1.0200430255699269,-9.608381,1.0404877740138505,0,200,-0.4182311249149999,-1.9695302,0.74549454,0.42754686565874606,-0.47913963,0.1827963223346178,0,200,E
3.9166266830000014,1.2087725,8.458414999999999,2.6287287933557018,2.7278936500000004,6.910215069017324,0,200,-8.320718807000008,-10.510994,-4.7696986,1.841646145534518,-9.266009500000001,3.3916605253621475,0,200,0.17566257814389996,-0.9687539000000001,1.2291233999999998,0.6010554861740198,0.0032920273200000003,0.3612676974598873,0,200,E
2.8940152424999983,1.534384,8.705017999999999,2.3247335215989176,1.8468273999999998,5.4043859464457045,0,200,-8.889245905000003,-10.106375,-4.45127,1.5095997727168424,-9.53416,2.2788914737867425,0,200,0.19053057222149986,-1.4475942,1.9186534,0.4558845888542221,0.19482817,0.20783075835478307,0,200,E
1.9315461734999997,1.2758102,2.650082,0.26160823533194016,1.8971056,0.0684388687934918,0,200,-9.523864947499996,-10.3314295,-8.756044000000001,0.22416510013674645,-9.535357,0.05024999211931757,0,200,0.3248572564900001,-0.7173626999999999,1.4757261000000002,0.4010070575378968,0.16011224,0.16080666019520212,0,200,E
8.533413683500003,2.4561517000000004,9.638757,1.3618827988898894,9.042601,1.8547247579121584,0,200,-4.236031141500002,-9.577255000000001,-2.069039,1.589867262755888,-3.6659718,2.5276779131829,0,200,0.5694129907370001,-0.30556,1.4757261000000002,0.3919266773413568,0.5779004,0.153606520411836,0,200,E
8.991941439999998,8.577078,9.571719,0.12653764607871476,8.997111,0.016011775875142076,0,200,-3.7140016605000015,-4.1653123,-3.2086792,0.17187301852934425,-3.7090672999999996,0.029540334498388318,0,200,0.6571717028,0.2853589,1.2214918,0.17850455190142456,0.6485294,0.031863875049528374,0,200,E
8.857678300000002,8.790161999999999,8.924237,0.05343937526487403,8.86917,0.0028557668287000305,0,5,-3.78559198,-3.8588544999999996,-3.5954924,0.10826449080768373,-3.825335700000001,0.011721199969847036,0,5,0.842729078,0.8001123,0.90066874,0.04310891819209129,0.8503905,0.0018583788276924195,0,5,E
-0.4898476856350002,-2.1633107999999996,6.870012299999999,1.2634385831729402,-0.7782651999999999,1.5962770534500463,0,200,-4.491989252500002,-12.094909,-1.0791864,1.0122490919670322,-4.4274776,1.0246482241880808,0,200,8.496896121999999,3.065027,10.937161999999999,1.0108736308404889,8.64471425,1.0218654975286332,0,200,F
-0.8462485455900002,-1.4857517,-0.015711948,0.1857158143996943,-0.8464999,0.0344903637181417,0,200,-4.834982592,-6.2650275,-2.0751743,0.5169814854597532,-4.81055,0.267269856308173,0,200,8.427176939999997,6.869413400000001,10.563666,0.35790274597931426,8.425645,0.12809437557953354,0,200,F
-0.789697504685,-1.8975544999999998,0.9922469999999999,0.385057307453364,-0.870442,0.14826913002323447,0,200,-4.746217563500002,-6.782175,-2.2044610000000002,0.7255318799715988,-4.79618485,0.5263965088551225,0,200,8.468488924999997,6.0458083,11.485435,0.6240994468507044,8.440009499999999,0.3895001195593552,0,200,F
-0.7793665247110009,-1.9741688999999998,1.442357,0.4326496307729152,-0.7974188149999999,0.18718570300793988,0,200,-4.8076288225,-6.8611835999999995,-1.0552443999999999,0.8451204980007111,-4.884770250000001,0.71422865614097,0,200,8.455428550500002,6.776039599999999,10.786327,0.6178013897834377,8.441207,0.38167855721834704,0,200,F
-0.8233240677300006,-1.6437691000000003,0.15667057,0.29151382603814424,-0.8464999,0.08498031077139744,0,200,-4.7225508844999995,-6.703166,-2.3600842999999996,0.6662535091228569,-4.821324,0.4438937384185208,0,200,8.451083081999997,7.137564,9.876531,0.4321505126030112,8.4124765,0.18675406554304533,0,200,F
-0.8469069566050003,-1.6126444,0.45355159999999994,0.2815779721550745,-0.8620623000000001,0.07928615440296387,0,200,-5.048928458749998,-7.8068933000000005,0.96067345,0.8628263028373088,-5.1062335999999995,0.7444692288678992,0,200,8.353004620499995,6.0482025,11.298687,0.5503356212041121,8.2903725,0.30286929596611595,0,200,F
-0.8473498836250002,-1.8807951,0.9060556999999999,0.3748505189423425,-0.8788216849999999,0.14051291155134346,0,200,-4.765526802999999,-7.814075999999999,-2.2691047,0.8453976709871448,-4.88596735,0.7146972221104888,0,200,8.426686144499996,6.7640686,11.205313,0.5220032591960415,8.419659,0.2724874026112897,0,200,F
-0.7581658683499999,-1.6509517,0.32665890000000003,0.2790380279558209,-0.7543232,0.07786222104547348,0,200,-4.748468107000001,-7.083844,-2.0632033,0.7164452609548934,-4.7279497,0.5132938119447252,0,200,8.512901356,7.2524858,10.472686999999999,0.4734612193439677,8.540566,0.22416552622267666,0,200,F
-0.8264006177300001,-2.0483892,0.5469254,0.2869887036052509,-0.8225579,0.08236251599702255,0,200,-4.890911151500001,-7.629722,-2.8293478,0.6796479444590491,-4.919486099999999,0.4619213284074107,0,200,8.434431424000001,6.8574424,10.398467,0.4469061340855704,8.380155,0.1997250926833098,0,200,F
-0.8614996152710006,-1.5216649,0.60438627,0.3012378485661506,-0.91473466,0.09074424140876307,0,200,-4.842440505,-11.07019,-1.4335283,0.7963252337785081,-4.9757498,0.6341338779523955,0,200,8.422975136000003,6.7018194000000015,10.477475,0.4948240753433088,8.36698675,0.24485086553936056,0,200,F
-0.8940487871499999,-1.5288475000000001,-0.09950901,0.22686389053749306,-0.91473466,0.05146722482980763,0,200,-4.893784180499997,-6.6600703999999995,-1.5412674,0.7242549530566044,-4.9518075999999995,0.5245452370270243,0,200,8.3790894375,7.037008,11.40882,0.5448514090626986,8.3526215,0.2968630579576081,0,200,F
-0.9829335259499998,-1.5671546,-0.087538,0.1816544170592767,-1.0009259300000002,0.03299832723714564,0,200,-4.941285161499998,-8.450933000000001,-2.6569653,0.6581198256917702,-4.9601872999999985,0.43312170496856606,0,200,8.328954832999997,5.8566660000000015,10.228477999999999,0.3819966632863917,8.332271,0.14592145076193694,0,200,F
-0.97584668762,-1.8999487000000002,0.30271688,0.3377343676195593,-1.0009259300000002,0.1140645030713836,0,200,-4.960857756499999,-7.3998789999999985,-2.570774,0.7775663536738652,-5.0104655000000005,0.6046094343656704,0,200,8.254303647499999,5.9883475,10.621128,0.5379055974364269,8.214955499999999,0.2893424317534393,0,200,F
-0.8809764447150001,-1.6629227,1.5237597,0.3548795107831002,-0.91593176,0.12593946717365254,0,200,-4.9255552565,-7.699153999999999,-1.5532384,0.8853359339590317,-4.947019300000001,0.7838197159591108,0,200,8.378586621500004,6.2971992,10.925191,0.6330919845049269,8.332270999999999,0.40080546084438656,0,200,F
-0.8770260145300008,-2.022053,0.4631284000000001,0.3717862757740496,-0.8979752700000001,0.13822503485393764,0,200,-4.842679943500003,-7.086238400000001,-2.3529017000000003,0.7154002191439981,-4.79498765,0.5117974735512805,0,200,8.415577075000002,7.2117844,10.496628999999999,0.5075240769302638,8.343045,0.2575806886639163,0,200,F
-0.9359233742900004,-1.9262848999999997,0.31468788,0.3004693327205921,-0.9769839,0.09028181990555788,0,200,-5.067998266000004,-6.6385226,-2.2044610000000002,0.668823382369615,-5.1613003000000015,0.4473247168043323,0,200,8.239950415500003,6.4097269999999975,11.073632,0.504661182418774,8.185027499999999,0.25468290904031504,0,200,F
-0.8888294290735006,-1.6365865,0.46552259999999995,0.3108311301988465,-0.9243115,0.09661599150069226,0,200,-5.1185398950000005,-10.004769999999999,-2.6880897999999998,0.7770393043565275,-5.1672858,0.6037900805148761,0,200,8.279969492499998,6.840683,10.515782000000002,0.4509086045425738,8.224531500000001,0.2033185696505312,0,200,F
-0.937048651702,-2.0651486,0.048931498,0.2880079493223683,-0.9494505999999999,0.08294857887287585,0,200,-4.996627131,-7.160458599999999,-2.405574,0.7478126679547286,-5.132569799999999,0.5592237863535692,0,200,8.302905924500003,5.6603417,10.180594000000001,0.4980699412392524,8.214954500000001,0.24807366636607234,0,200,F
-0.8929474340000001,-0.9733925999999999,-0.8321347,0.05880678484698669,-0.88241297,0.0034582379440397837,0,5,-5.00615594,-5.5826797,-4.6154222,0.3762989149513427,-4.936245400000002,0.14160087339355787,0,5,8.334665000000001,7.9755350000000025,8.629152000000001,0.2419683290980451,8.337059,0.05854867228649986,0,5,F
-8.070249383000007,-11.443236,-5.4385786,1.2552054529673935,-8.13804125,1.5755407291590795,0,200,-1.7133745320430007,-5.0080714,2.8927941,1.877436308681944,-2.00693955,3.524767093157282,0,200,4.946127434925003,-2.2022166000000003,12.048072,4.0115670888351165,4.694281299999999,16.09267050822505,0,200,G
-7.974936245,-12.082488,-5.213524,1.1539967174079997,-7.7537717000000015,1.3317084237884385,0,200,-3.4171363397349985,-16.279972,3.7499184999999997,3.964668047409701,-2.867655,15.718592726151453,0,200,3.8758474226200015,-2.360234,10.961103999999999,2.9650384952860964,3.5354876500000003,8.791453278528436,0,200,G
-8.312686263499996,-11.428871000000001,-6.6715927,1.0421896442108278,-7.9740386,1.0861592545002918,0,200,-4.153401281455,-12.971186999999999,3.7116113,4.028799329401645,-3.3967737000000002,16.231224036587147,0,200,2.5032037083855,-2.4033296,6.577321,2.3009062703842265,2.7944822,5.2941696650934515,0,200,G
-7.866945746999999,-11.196634,-6.161628,0.7993327836653091,-7.808838400000001,0.6389328990421317,0,200,-2.690639768545001,-18.099566,4.0587707,2.83925801849228,-2.55760595,8.061386095572706,0,200,4.86343170805,-1.3953707,8.990675999999997,2.2823864721509013,4.937293,5.209288008257436,0,200,G
-7.498909102500005,-8.8982,-6.274155,0.6033995664911966,-7.5155489,0.364091036841764,0,200,-2.562214804045001,-4.670489,0.10833762599999999,1.0121774881562986,-2.6916813,1.024503267530394,0,200,5.7226149095000025,2.41141,8.906879,1.5693770925739403,5.808782,2.462944458695834,0,200,G
-7.641663350500003,-9.602096000000001,-5.1512747,0.8443919304957347,-7.6987052,0.7129977322863137,0,200,-3.5581188998249984,-9.298480999999999,0.074818805,1.8273519431227625,-3.1393969000000004,3.339215124034536,0,200,4.503595143849999,-2.5589527999999997,11.028141999999999,2.8632060396468813,4.544644,8.197948825470379,0,200,G
-6.8066256528499975,-10.19107,-0.41075522,1.5952321507381408,-6.914604,2.5447656147486346,0,200,-3.8434000031300006,-19.0764,4.6740804,3.7364919729388975,-3.6038721,13.961372263836815,0,200,5.108083191727501,-8.182933,18.617762,4.789494671700078,4.2226235999999995,22.93925921024344,0,200,G
-7.580311908499997,-9.432107,-5.5415297,0.8071097087599921,-7.5682212,0.6514260819746392,0,200,-2.5172756287,-13.517064000000001,5.7538652,3.0170564894386427,-2.60070165,9.102629860463828,0,200,5.220634609696998,-2.9587842999999996,11.696124000000001,3.0537465208388044,5.5597853,9.3253678135351,0,200,G
-7.742902154000003,-9.69547,-5.8024974,0.8236996985005671,-7.7513777,0.6784811933099252,0,200,-2.091861913424998,-10.634445,4.585495,2.7633241676393236,-2.2451627,7.635960455459558,0,200,5.047222573649998,-1.8789995,11.509377,2.9609841000230044,4.236988799999999,8.767426840589042,0,200,G
-7.786548433999997,-9.015516,-5.309292,0.5986879730501189,-7.8662992,0.3584272890748599,0,200,-3.441844498225002,-11.249755,5.5312047,2.9333885145218077,-3.0472202,8.604768177128456,0,200,4.287135384000002,0.2829647,10.305093,1.9438804794959736,4.01073685,3.7786713185654968,0,200,G
-7.8347796395000024,-13.157485000000001,-3.8488288,0.8192738049374607,-7.7477863,0.6712095674567043,0,200,-3.113647336175,-9.059061,2.9765912999999995,2.582359329452919,-2.8078000000000003,6.6685797064125305,0,200,4.610699758149997,-1.5102924,8.693795,1.6834781986416276,4.62125825,2.8340988453016602,0,200,G
-8.392556818000003,-10.851869,-6.0371294,0.7292239634199789,-8.44210475,0.5317675888259427,0,200,-2.3616764542999995,-14.747684,2.1290438,2.46157535686491,-2.3098061000000003,6.059353237524607,0,200,4.039191845174998,-6.7631707,10.261997000000001,2.628769269906393,3.9293339999999994,6.9104278744041885,0,200,G
-8.872223128499998,-11.093683,-5.036353,0.8952934967745281,-8.950872500000001,0.8015504453667618,0,200,-3.4435563621950007,-15.4803095,4.0683475,3.9156630471975302,-3.1370027,15.332417099188252,0,200,0.8836938626660001,-5.269189,3.752163,1.5295355525906589,0.9724948,2.339479006638812,0,200,G
-8.506867977999997,-10.222194,-6.6213145,0.8031556659443313,-8.685117,0.6450590237384823,0,200,-2.492184414741501,-8.963293,3.3117794999999997,2.6430740305453373,-2.81737685,6.985840330943176,0,200,3.873453225375001,-0.6938696,8.854207,2.4914422998137207,3.3678937,6.207284733301081,0,200,G
-8.412739978500001,-9.841516,-6.8463693,0.557396952293698,-8.446893,0.3106913624263031,0,200,-3.8365286579150006,-11.053431,2.2272062000000004,2.438483159019936,-3.7211881,5.946200116823848,0,200,2.672102668352,-1.8574515999999999,8.365789,2.065339424432268,2.3934536,4.26562693811421,0,200,G
-8.575485799500004,-9.896583,-7.2869024000000024,0.4898002668141854,-8.577377,0.2399043013712472,0,200,-2.307699194175,-5.324106,1.7340006000000001,1.268043803168617,-2.509722,1.6079350867543305,0,200,4.103536045249999,-0.34671032,8.308328999999999,1.411746992369021,4.1974845,1.9930295704629764,0,200,G
-8.642822682499995,-10.655544,-5.1488805,0.8677690146186874,-8.602516000000001,0.7530230627322876,0,200,-3.1068238739350007,-14.673464000000001,5.7586536,3.2515868925145823,-2.47021765,10.572817319572641,0,200,2.7911423769749995,-2.5350106,8.052149,2.0836839586243,2.5347114,4.341738839428234,0,200,G
-8.840320369000004,-10.626814,-7.2797199999999975,0.6339172280113615,-8.7916585,0.4018510519696086,0,200,-3.1198962048999985,-11.747749,2.059612,2.5172202443125467,-2.4079683500000004,6.3363977583769175,0,200,2.026973053332501,-3.0210334999999997,7.5326076,2.300725363965082,1.7613842,5.2933372003922585,0,200,G
-9.0241352,-9.496751,-8.498368,0.3891358333149237,-9.151985,0.1514266967697001,0,5,-1.03561193,-2.8844144,2.1936872000000003,2.1112157491298933,-1.3569138,4.457231939374094,0,5,3.72534792,1.3196541000000002,5.1000986,1.5060188705417727,3.8479311000000003,2.2680928384279166,0,5,G
-2.3933757049000004,-4.985625700000001,-0.6640917,1.2516009277768618,-2.05272865,1.5665048824119014,0,200,-9.169738652000001,-10.032454,-7.6813474,0.4390928421040724,-9.223213000000001,0.19280252398703185,0,200,2.00398274463,-0.33279404,4.1706996,0.8847665806364641,1.9416976000000001,0.7828119022111406,0,200,H
-2.72956950385,-7.104494,-0.83886844,1.465209920276939,-2.3460183,2.146840110477954,0,200,-8.304091054499999,-10.951827,-5.066879,0.8692980294438089,-8.350527,0.7556790639948892,0,200,3.8384919176,0.82121116,6.203377,1.6124862218344906,4.006696499999999,2.60011181560607,0,200,H
-3.292039320500002,-6.244976,-0.9705495000000001,1.4841691346167063,-2.9804819,2.202758020148904,0,200,-8.326165564000004,-9.800216,-6.618322,0.5918790673765328,-8.3241905,0.3503208303985144,0,200,3.314437056700003,0.04070143,6.2512608,1.5547858904180607,3.5386301,2.4173591650430817,0,200,H
-3.3162566380000014,-6.2090629999999996,-1.3248913,1.3061386673706097,-2.9625254000000005,1.7059982184006717,0,200,-7.487009903999995,-9.065196,-5.2512326,0.8277398955998791,-7.502978999999999,0.6851533347676989,0,200,4.895124958000002,1.7956512999999998,8.104372999999999,1.7757987319223407,5.0457800000000015,3.1534611362969933,0,200,H
-2.8438208059999988,-5.8116255,-1.6457144000000001,1.0811013525730937,-2.3304560000000003,1.168780134535372,0,200,-6.214802935499997,-8.318205,-4.5138183,0.919879675240026,-5.993434850000001,0.8461786169196959,0,200,6.779182108499999,3.0310593,8.626308,1.4267518387200115,7.401674499999999,2.035620809290934,0,200,H
-3.208649266499998,-5.7996545,-1.7151462,1.2801874686494796,-2.8224645,1.6388799548871626,0,200,-6.870095927999996,-8.509741,-5.643882,0.6897399162967753,-6.8397852,0.4757411521330826,0,200,5.841409211499996,2.882619,7.9104424,1.5369918642897735,6.227318799999999,2.362343990892953,0,200,H
-3.6418561215000014,-9.910499,-1.4206594,1.8075541715649293,-3.11216295,3.267252083141779,0,200,-6.882545765500003,-9.400383999999999,-2.3518543,1.1776903149940927,-7.119907100000002,1.3869544780308851,0,200,5.426482093,2.5210943,7.735666,1.3054836668227658,5.6000375,1.7042876043410145,0,200,H
-5.5392849045,-8.871414999999997,-2.1724389,2.4257976344436645,-5.616497700000001,5.884494163272477,0,200,-4.431816993000001,-7.2910924,-1.3558663,1.5787084177031765,-4.8454154,2.492320268126867,0,200,6.014905042500002,3.9312792,8.477867999999999,1.4378435175766409,6.0333881,2.0673939810371684,0,200,H
-5.115116180500002,-8.631995,-2.3136966,2.2435437854582125,-4.3344030500000015,5.033488717268165,0,200,-4.548235029000001,-7.200113000000001,-2.193837,1.1440167694732053,-4.5030444,1.3087743688359093,0,200,6.354773939999998,3.145981,9.435549,1.8805266327208332,7.0233905,3.5363804163723547,0,200,H
-5.793369564500001,-8.732552,-2.6249428,2.2383975547098522,-6.034286,5.010423612931045,0,200,-3.573196397,-5.55769,-1.2600983000000001,0.8507907952181323,-3.5633204,0.723844977227902,0,200,6.363165632500002,3.004723,9.28232,2.085986027722213,6.49187775,4.3513377078523,0,200,H
-4.615649785778201,-10.568904,-0.00089782564,3.005422489829028,-3.7741597000000002,9.03256434237011,0,200,-6.833129495500001,-16.19513,-1.4229040000000002,3.1386727876113145,-8.447492500000001,9.851266867691782,0,200,3.2661100997000005,-0.49799395,4.7309427,0.8623317449470782,3.3794158000000003,0.7436160383434727,0,200,H
-4.115908064850001,-10.827477,-0.39354690000000003,2.982480332110415,-3.84598565,8.895188931425453,0,200,-7.6976517475,-13.623755,-0.8435072,2.936746945624714,-9.245958,8.624482622636085,0,200,1.8587384961100009,-1.4796166000000002,3.9073372,1.0484824649578306,1.4784195,1.0993154793240485,0,200,H
-3.121721775665,-9.594464,-0.036810853,2.9654077948261586,-1.1285669,8.793643389615742,0,200,-8.314963744499996,-18.235287,-2.2369325,2.8726851169701786,-9.5871315,8.252319781261969,0,200,1.6796058018579996,-1.4932337,3.6846763999999994,0.7975240525855515,1.5897499,0.6360446144524815,0,200,H
-3.36181834055,-9.615414,-0.28281507,2.5998469082193387,-2.3490112,6.759203946177653,0,200,-8.258649172999997,-17.189022,-1.9403508999999999,2.9602354002365483,-9.490466,8.762993624813635,0,200,1.2088144775799998,-3.6432269,3.2472856,1.1498070280972217,1.2469301000000002,1.3220562018617648,0,200,H
-4.07157941485,-9.1389675,-0.9579799999999999,3.083384414270926,-2.9930514,9.507259446168863,0,200,-7.594318035999999,-14.579342,-1.6075568,3.183766182276665,-9.5227875,10.136367103408533,0,200,1.3316130952050005,-1.4238018,4.1451116,1.1433316132780904,0.861463685,1.307207177921081,0,200,H
-3.3157419167500017,-9.05517,-0.40491936,2.9467172539440725,-1.3099276000000002,8.683142574691695,0,200,-8.164138055999999,-13.928119,-2.653823,2.568071509169345,-9.490466,6.594991276207317,0,200,1.6472885848999996,-1.0503063,3.3789667999999997,0.8008677854804223,1.5988778000000001,0.6413892098203156,0,200,H
-4.31053267765,-9.02644,-0.39055416,3.073386715510129,-3.7376481,9.445705903074144,0,200,-7.375631606999999,-15.213804999999999,-2.455104,2.8130291097975295,-8.8943095,7.913132772568282,0,200,2.2616287633150005,-0.6145616999999999,4.0134300000000005,0.7542677549996631,2.4129064,0.5689198462322319,0,200,H
-3.5769014483000023,-8.782231,-0.47674543,2.836430212653996,-2.3202808,8.045336351256392,0,200,-7.845290173500002,-11.785308,-2.297087,2.421943006701472,-8.9278285,5.865807927710165,0,200,2.887544919900002,0.18270752,4.449175,0.7960337895691899,2.9635727000000003,0.6336697941358853,0,200,H
-1.7337013000000003,-2.0593128000000003,-1.5254058000000001,0.1996971116352464,-1.7121534,0.03987893639546005,0,5,-8.816498000000003,-9.367165,-8.162881,0.4684904627455078,-8.773402,0.2194833136835,0,5,3.5949237800000007,2.979135,3.9320273,0.372586597127382,3.6207812000000006,0.13882077235896206,0,5,H
-2.2938247785500003,-9.842862,-0.19183542,2.8882029549475288,-0.65032506,8.341716308967639,0,200,-5.771600299750003,-8.948179,-0.494253,2.0330732146477426,-6.726359800000001,4.133386696118107,0,200,6.519417170000001,3.2616508,8.263138,1.097291109374653,6.922385,1.2040477787126562,0,200,I
-2.9726647688499988,-8.880393,-0.7353192,2.5566635366089066,-1.58526085,6.536528439425562,0,200,-6.583928933460003,-11.711088,0.2575263,2.7661343284984774,-7.2686470000000005,7.651499123297719,0,200,5.2998228150000015,2.5074772999999997,8.155399000000001,1.2609462085301923,5.017797700000001,1.5899853408066669,0,200,I
-3.2097625618499994,-11.913847,-0.43604398,2.9623372787992035,-1.6139913000000001,8.775442153363473,0,200,-6.730094982499996,-14.620042999999999,-2.2563855999999998,2.1915146333032958,-7.3859625,4.8027363879824785,0,200,5.131857593500006,2.6750715,7.9494977,1.4008626233944717,5.2799629999999995,1.9624160896236411,0,200,I
-3.01475481825,-8.933065,-0.79517424,2.7601146028703187,-1.4906899,7.618232620977976,0,200,-6.223589644050003,-11.011981,-0.52058923,2.32404150611437,-6.846070299999999,5.4011689221423484,0,200,5.776053497,3.0413845,8.428338,1.280126143786804,5.7911251,1.6387229440064732,0,200,I
-3.715058837016,-10.393529,-0.0002992752,3.1826471554536164,-2.2376808,10.129242916116992,0,200,-4.181443344455,-9.867553,0.3748422,2.4322498991998147,-4.2890628500000005,5.915839572157509,0,200,6.854066761500003,3.570503,9.314193,1.492188883117721,6.827814499999999,2.2266276629001114,0,200,I
-1.217532370050001,-5.4542910000000004,-0.35957918,0.9150158119406544,-0.9222165999999999,0.8372539361014152,0,200,-7.280632667000001,-10.925041,-3.7216370000000003,0.7617166624379927,-7.261912799999998,0.5802122738356751,0,200,6.3587393184999925,4.449175,7.408558,0.4301924013965628,6.4209498,0.1850655022193414,0,200,I
-4.124018392999998,-10.080038,0.3107973,3.0610055689969475,-2.53949975,9.369755093430326,0,200,-5.7565107895250005,-11.308114,0.083497785,3.6449389500281604,-6.73758275,13.285579949432385,0,200,3.6484521514999986,-6.4538699999999976,8.414123,3.1923524002042485,4.597764999999999,10.191113847089829,0,200,I
-2.1311208315,-8.648306,-0.6037876999999999,2.187849017781432,-1.0311527,4.786683324607175,0,200,-7.952005810000006,-13.067852,-1.5924433,2.1044660779390187,-8.577527,4.428777473196036,0,200,4.2559329025,1.8683752,5.746982,0.6879444179714539,4.4696752,0.4732675222180825,0,200,I
-1.7621623897424996,-8.662671000000001,0.3155857,2.3969805148390058,-0.6169559,5.745515588517866,0,200,-7.1247372624999965,-11.712734,-2.241272,1.9464813539633008,-8.028057,3.7887896613268035,0,200,5.547078050500004,3.0606875,8.797194500000002,1.1874768088697225,5.3423620000000005,1.4101011716034189,0,200,I
-2.3443125167999987,-8.727314,-0.1249474,2.6639833050450923,-1.1448773,7.096807049558972,0,200,-7.098257360999996,-12.057499,-3.0241761,2.0888463359384124,-8.007707,4.3632790151633305,0,200,4.974756098,2.3280618,8.876204,1.8746817312937547,4.0111857,3.5144315936465493,0,200,I
-1.8839793676999996,-7.7816043000000015,0.65795654,1.7985636392146684,-1.23825115,3.2348311643051124,0,200,-6.882467965500001,-13.896246,2.5016415000000003,2.8541630152713435,-8.52006575,8.146246517742808,0,200,5.479932615499997,2.3113023999999998,10.233716000000001,2.0987656122753475,4.4577042,4.404817095269514,0,200,I
-1.9849667799,-6.4743705,-0.5678747,1.8072578769518792,-1.0694599500000002,3.2661810338046133,0,200,-8.040100378000004,-11.952154,-4.4511204000000015,1.319945586612755,-8.497321000000001,1.7422563516184897,0,200,4.481586451999999,1.3655928,7.896975,1.383262075780188,4.0889972000000006,1.913413970291715,0,200,I
-1.054891252425,-3.9029977,1.4073417,0.7706729736492445,-1.2155063,0.5939368323133691,0,200,-7.286501504000005,-11.581053,-0.7137714,2.604805597692023,-8.673295,6.785012201767695,0,200,5.27830490745,-0.42048168,10.6359415,2.4867258542383457,4.1033621999999985,6.18380547413743,0,200,I
-3.0443770770000005,-7.530213400000001,-1.5399206,1.7303397645732832,-2.221071,2.9940757008635246,0,200,-5.939032776999997,-14.741399,-2.5046341,1.6178832107726278,-5.6410384,2.617546083699948,0,200,6.505429117699999,-1.2632406999999999,7.920917,2.1219908979007847,7.651569,4.5028453707737786,0,200,I
-2.372611986975,-8.478317,0.43768999999999997,2.0734739072602757,-1.81884515,4.2992940440891925,0,200,-6.162687125499997,-15.751752,-3.2276830000000003,1.3694755652902413,-6.4586585,1.8754633239270257,0,200,6.254504735619999,-1.0262147,9.915287,2.6007574288754967,7.0135144999999985,6.763939203851082,0,200,I
-1.9264764443500018,-8.191013,-0.08664017,1.9440721482455825,-1.2071266,3.7794165175841936,0,200,-6.862201043500002,-18.615217,-3.4407669999999997,1.6516562068762015,-7.0763625,2.7279682257126816,0,200,6.0660212605,1.6409259999999999,9.242516499999999,1.6245598975796562,6.4688338,2.6391948608240234,0,200,I
-1.9909044044,-8.013842,0.74893624,1.7952857277907297,-1.8056769,3.223050844409089,0,200,-6.163800449500003,-12.033557,-1.503858,1.5990496043542974,-6.316203700000001,2.556959637185636,0,200,6.8653254990000026,2.2849662,9.991900999999999,1.238895105222746,7.103297,1.5348610817448791,0,200,I
-1.4876462113474989,-7.6862854999999985,0.65271926,1.2895611788016623,-1.5295956,1.6629680338723327,0,200,-6.039682061899997,-13.139229,-0.94316584,1.8247458976735065,-6.2455742500000015,3.329697591076292,0,200,7.060075838299997,0.38187516,9.996989,1.7231361327593442,7.2840595,2.9691981320208285,0,200,I
-0.252767846,-0.32411507,-0.16849194,0.05858216206352902,-0.24510639999999997,0.00343186971203758,0,5,-6.60736818,-7.4793363,-5.3652562999999995,0.8740039123202776,-6.921487299999999,0.7638828387511515,0,5,7.04876914,6.2380924,7.8062944000000005,0.6716249636481343,6.908469,0.4510800917953576,0,5,I
-3.3784101364999994,-4.8754926,-1.8875288000000001,0.5538406617978086,-3.2881367000000004,0.3067394786606346,0,200,-8.291868667499996,-10.194361,-5.927893599999999,0.7134689538093009,-8.1784435,0.5090379480497382,0,200,2.8683733654499983,-2.670732,6.2165446,2.597593288649506,3.87262125,6.7474908932369555,0,200,J
-3.6129700815000017,-5.7302227,-2.6057892000000002,0.6523161608660625,-3.4198178999999995,0.42551637372703865,0,200,-8.121916245499998,-9.236680999999999,-6.725163,0.5007237537908525,-8.159289,0.25072427761040234,0,200,3.440599515,-2.0697872999999998,6.4511765999999975,1.9841526932137372,3.9157168500000012,3.936861909987328,0,200,J
-3.604231237,-6.446089,-2.4286184,0.8775497310965692,-3.32524685,0.7700935305476605,0,200,-7.184394756999997,-9.188796,-3.4570775,1.0055342435612968,-7.34286685,1.0110991149743895,0,200,4.8793351827999984,-1.3754688999999998,8.447941,2.465906707609151,5.5150437000000005,6.080695890631803,0,200,J
-3.6466804335000016,-6.0031614,-2.6177602,0.6939690237571882,-3.4688990000000004,0.4815930059345047,0,200,-7.076571872500002,-9.107393,-5.123442,0.8423219970741761,-6.97535675,0.7095063467550283,0,200,5.235987435100002,-2.1871033,7.7201033,2.0335109746852176,5.8598085,4.135166884165224,0,200,J
-3.501244658500001,-5.665579,-2.0479403,0.7448197723656648,-3.3958758999999996,0.5547564933068406,0,200,-8.061414762,-10.187178999999999,-5.9350760000000005,0.8076812217378907,-7.9605707,0.6523489559480117,0,200,2.821734303449998,-6.829460000000001,6.977900999999999,3.0880668287477864,3.89057775,9.536156738812409,0,200,J
-3.174711453,-4.1308956,-1.4733319,0.4116606293072788,-3.19236875,0.16946447372166476,0,200,-7.464887460000001,-10.986842,-5.4370822999999975,1.0049547006152126,-7.370400199999999,1.0099339502886115,0,200,5.2328510124999985,1.7178397,7.571663,1.204899236615366,5.47913065,1.4517821703962914,0,200,J
-3.3183755334999985,-4.1404724,-2.4094648,0.3994153169323803,-3.31567,0.15953259540019382,0,200,-7.659404378499999,-10.563068,-5.3413143,0.9936460602354478,-7.703194399999999,0.9873324930214272,0,200,3.5446754725500016,-3.6475663000000003,7.3322425,3.5766878488765745,5.017049799999999,12.792695968301336,0,200,J
-3.3408810245000007,-4.513968,-2.6991632,0.3296347797732703,-3.2977135000000004,0.10865908803617244,0,200,-6.885191374500001,-8.111405,-5.470601,0.5596799177900987,-6.9226844,0.3132416103775317,0,200,6.021896114999998,4.665102,7.511808,0.5917715115985785,5.9759275999999995,0.3501935219396666,0,200,J
-3.4108874869999997,-3.9872437000000014,-2.768595,0.2507853678616743,-3.3898904,0.0628933007335153,0,200,-7.0459261075000015,-8.106617,-5.5998883,0.4505484759744941,-7.057957000000001,0.20299392920293927,0,200,5.822878098500004,4.092887999999999,7.0305734,0.5732702362071276,5.868188099999999,0.3286387637209759,0,200,J
-3.2732089220000007,-4.0231566,-2.6105776,0.2955132927479896,-3.20793105,0.087328106190759,0,200,-7.234948329000003,-8.578275,-5.7243867,0.5507147725807652,-7.3320929999999995,0.3032867607386839,0,200,5.63287426,3.7098155,7.588422299999999,0.6743838850541752,5.647921850000001,0.4547936244207631,0,200,J
-3.3938766829999985,-5.270536,-1.9641433000000001,0.6313636620364753,-3.1792006,0.3986200737401086,0,200,-7.143513751,-9.322872,-4.661361,0.9421380058370848,-7.1417541500000015,0.8876240220426787,0,200,5.1800588768999996,-1.3395559,7.7919292,2.243781438729324,5.8442461,5.034555144786231,0,200,J
-3.5696230515000007,-5.955277400000001,-2.0311809,0.7878371928607537,-3.4317888999999995,0.6206874424547124,0,200,-7.769034842499997,-13.103316,-3.3445501,1.2491063976401449,-7.8887448000000004,1.5602667926255398,0,200,2.77757326445,-6.501455,7.559692,3.6550625648212565,3.80678075,13.359482352757738,0,200,J
-3.4842577785000013,-4.276942299999999,-2.6225486,0.3422915832086281,-3.4916440000000004,0.1171635279354692,0,200,-6.593302275499999,-8.164078,-5.4298997,0.5089975594184234,-6.5647516,0.2590785154939115,0,200,6.285473787000001,4.547786,7.571663,0.5181010890095054,6.3338603,0.26842873843283543,0,200,J
-3.783161903500001,-4.530727400000001,-2.6895863999999996,0.33120443961376445,-3.7657800000000003,0.10969638081986773,0,200,-6.3482916275,-9.136124,-5.2239985,0.521700202980944,-6.3313168,0.2721711017903582,0,200,6.344395065999995,2.7425580000000003,7.363367599999999,0.6215830637016435,6.4451911000000015,0.3863655050807214,0,200,J
-3.6539228920000006,-5.620089,-2.0144215,0.6822452043275808,-3.51798,0.4654585188279826,0,200,-7.617350205999997,-9.411457,-5.4658127,0.8199414611319327,-7.554753999999999,0.6723039996831686,0,200,3.4930684498150013,-5.6299653,7.7440453,3.365205851487652,4.912902099999999,11.324610422886732,0,200,J
-3.6007835880000014,-4.303278400000001,-2.7662008,0.24915613666959185,-3.5814263999999993,0.06207878044011634,0,200,-8.015589755000004,-9.222315,-6.325330999999999,0.5081499441120177,-8.0910545,0.2582163657010467,0,200,4.208779149,2.7784709999999997,6.429629,0.6901772187437778,4.13837765,0.4763445932728965,0,200,J
-3.803057729999999,-6.462848,-2.5148096,0.7676557033213968,-3.5993828999999997,0.5892952788418683,0,200,-7.440011693499996,-9.131335,-5.2982187000000005,0.6077270018003221,-7.436240700000001,0.3693321087172088,0,200,4.6059053750500025,-1.6460136000000003,7.0305734,1.9899142520545507,5.0254295,3.9597587305298223,0,200,J
-3.797934131499999,-6.307225,-2.555511,0.9120280661238552,-3.4497454000000003,0.8317951933976191,0,200,-6.9247675185,-9.322872,-4.876839,0.8111482636523194,-6.92507865,0.6579615056261726,0,200,5.116085830900001,-1.5047556999999998,7.949947,2.368891515194497,5.9759275999999995,5.61164701076048,0,200,J
-3.63673256,-3.908235,-3.3839050000000004,0.19745700856260576,-3.68318,0.03898927023049298,0,5,-6.942556659999998,-7.108235400000001,-6.591088,0.21225106011339046,-7.041198,0.04505051251925808,0,5,5.8085727999999985,5.474342299999999,6.39611,0.3600492609559075,5.768829,0.1296354703148952,0,5,J
-4.137102744100003,-8.374768,-0.81387895,2.966112318438824,-3.68213265,8.797822285594533,0,200,-6.560663269,-9.736919,-2.9972412999999998,2.240182442229228,-7.98556035,5.018417374472111,0,200,4.754100503,4.026,5.309292,0.21307426902730628,4.7203183,0.045400644121520894,0,200,K
-4.6389296001999965,-8.506299,-0.35419223,3.1777252276119583,-5.00246,10.097937622201473,0,200,-5.8137434444999965,-10.5006695,-2.4769514,2.550996102061952,-6.017975550000001,6.507581112735273,0,200,4.9907111545,4.332457499999999,5.7139120000000005,0.3027986459302789,4.902951,0.09168701997721042,0,200,K
-3.6813372539499993,-9.214983,-0.33444005,3.1752824688739767,-2.0367175,10.082418757138415,0,200,-6.270442707999999,-10.395474,-1.0700585,2.5567596591376107,-7.724742149999999,6.537019954593473,0,200,5.188301674999999,4.0017586000000005,8.847623,0.7934267028008397,4.9634795,0.6295259327174121,0,200,K
-4.606577982250001,-8.753501,-0.1798644,3.330260185580829,-4.795885299999998,11.090632903664858,0,200,-5.628973186499999,-10.381408,-1.3289316,2.807303885748071,-6.7673608000000005,7.880955106936217,0,200,4.992587657,3.8827964999999995,6.193201,0.468984196966793,5.0763062,0.21994617700458774,0,200,K
-3.007308863050003,-9.158121000000001,-0.33309332,3.2682896574291007,-0.6359598000000001,10.681717284858033,0,200,-6.294661535999997,-10.323947,-0.9267056999999999,2.4779452261229538,-7.6783543000000005,6.140212543665537,0,200,5.550082762499999,4.383185,6.4924764999999995,0.5300004944080962,5.670068,0.2809005240728264,0,200,K
-2.9505094229999984,-9.623194999999999,-0.18046296,3.3377939389766764,-0.8843582649999999,11.140868379069431,0,200,-6.424657703499999,-9.991752,-0.4652233,2.6797910511733587,-7.78669215,7.181280077948814,0,200,5.287860804000001,3.9432502,6.4906807,0.6403530648339618,5.328296,0.4100520476422481,0,200,K
-3.4729930883500018,-8.605659,-0.23313539,3.4999607019551635,-1.0423756,12.249724915230482,0,200,-5.973694814500001,-11.339687,-1.3367127,2.8262565222778675,-7.9087963000000014,7.987725929718184,0,200,5.321292888500002,4.249708,6.5337762999999995,0.4763327324756618,5.386953799999999,0.22689287202773034,0,200,K
-3.1486625218499977,-9.168296,-0.17567454,3.4416227510496427,-0.73591775,11.84476716054251,0,200,-6.29412280675,-13.597420000000001,-0.64000005,2.883246709916991,-7.95189185,8.313111590247154,0,200,5.190018739500002,3.4021605999999998,6.871359,0.5881977510713816,5.4348378,0.34597659436543104,0,200,K
-3.9062358401249977,-9.54658,1.2608465,3.338471449485796,-2.7398645,11.145391619031795,0,200,-5.408543556054998,-10.458621,5.0558057000000005,3.4667951285370893,-7.3353852,12.018668463248494,0,200,5.309848561000001,1.4077905000000002,13.936648000000002,1.514434984929721,5.00029025,2.293513323579084,0,200,K
-3.0669843707500006,-8.706215,0.35823244,3.3764384914945045,-0.7730278749999999,11.400336886845686,0,200,-6.360801309500003,-11.229553999999998,-1.0063128000000001,2.9194919739519305,-8.1111065,8.523433385969739,0,200,5.252758817000004,3.8283286,7.302314999999999,0.5846898110931371,5.3378727999999995,0.3418621751961283,0,200,K
-5.1892765992999985,-8.7014265,-0.4127005,3.265022123397333,-6.4736222,10.660369466274028,0,200,-4.878706684500004,-11.51207,-1.4564228000000001,2.8104944972867787,-3.5956421,7.898879319279263,0,200,5.115128120999999,3.6894648,6.567295,0.5251122575207972,5.0661307,0.275742882998588,0,200,K
-4.243123968699998,-8.533833,-0.19482817,3.421775592110774,-3.1277252,11.708548202765035,0,200,-5.640745178499997,-12.941408000000001,-1.4300866,3.001264327018072,-7.643040299999999,9.007587560631242,0,200,5.177185873999999,3.9695864000000003,6.4308257000000015,0.3633017469504628,5.232528,0.13198815933725805,0,200,K
-5.598828721199998,-10.43004,-0.16849194,3.341536984153859,-7.483975200000001,11.165869416468068,0,200,-4.501751613500001,-10.010905000000001,-1.4181156000000001,2.87659218866577,-2.73372935,8.274782619892925,0,200,5.0701291075000015,3.7325604,7.3071036,0.6596586396760057,4.77403825,0.4351495208991983,0,200,K
-5.0041568725775,-9.02225,0.1858499,3.382203821060459,-4.9329532999999985,11.439302687195966,0,200,-4.5974598392100035,-11.691635,3.169175,3.5053708628959845,-2.8534396,12.287624886440144,0,200,5.095328070999998,1.8962077000000002,12.243947,1.5697382268679232,4.662708,2.4640781008904518,0,200,K
-5.089821456949998,-8.689456,-0.23552959,3.518720318343445,-6.8806365000000005,12.381392678722994,0,200,-4.866185024500001,-10.561572,-1.2888287,3.0227832510032684,-3.80393755,9.137218582545888,0,200,5.045636408000002,3.9576154000000003,6.5936312999999975,0.5771562407324612,4.9105077,0.33310932621642664,0,200,K
-4.785757764979999,-8.84029,-0.055964466,3.585862023893593,-5.187935650000001,12.858406454402258,0,200,-4.2786958139500015,-9.362077000000001,-0.5609914,2.8340179732654516,-4.081664850000001,8.031657872791621,0,200,5.7986607549999984,3.8402996,8.3868885,1.2192680894712615,5.729325,1.4866146740029005,0,200,K
-4.962390029725001,-8.967183,0.066139825,3.4839495548519093,-5.4872109999999985,12.137904500752814,0,200,-4.7161643272900005,-11.615021,-0.041449618,3.2108828490268415,-4.637119850000001,10.309768670174725,0,200,5.190306064,3.6056678,8.324639,0.952702334781784,4.922478750000002,0.9076417386986626,0,200,K
-5.492119139749997,-9.462783,-0.25947159999999997,3.5000918336060605,-7.879018649999999,12.250642843675836,0,200,-4.797591131499996,-11.363629,-1.1284171,3.208315411922663,-2.86780475,10.293287782380485,0,200,4.626950398500001,3.5865142,6.4068837,0.5210656022187782,4.4771570999999994,0.271509361815618,0,200,K
-8.6817946,-8.873809,-8.485949,0.14885861778983422,-8.722975,0.022158888090299943,0,5,-1.7513885000000002,-2.0573676,-1.4085388,0.23954228432159946,-1.7461212,0.05738050597800999,0,5,4.32297052,3.8857894,4.6471453,0.31469679815504514,4.326322599999999,0.0990340747690372,0,5,K
-2.6533740360000007,-6.567594500000001,-1.1375451,1.7966518355968328,-1.7109563,3.227957818353469,0,200,-9.097385842000001,-10.875511,-6.4366617,0.9808273194247664,-9.549124,0.9620222305299728,0,200,-0.4096778394449999,-3.4636617,1.4300866,1.299652014123096,0.025887306000000002,1.6890953578142205,0,200,L
-2.377035276349999,-6.428731,-0.8622119,1.7991992676206618,-1.3757682,3.2371180046067267,0,200,-9.143474272,-9.994446,-6.6688990000000015,0.9122650391380304,-9.573066,0.8322275016335118,0,200,-0.04353257341499961,-3.4756327000000007,1.2624925,1.4072221070275972,0.65436524,1.98027405850719,0,200,L
-1.20062033105,-1.6666636000000001,-0.7496844,0.1207939082752656,-1.2021885,0.014591168276413281,0,200,-9.6238589575,-10.233866,-8.929026,0.14399275133775316,-9.630527,0.020733912437816013,0,200,0.8753979515500001,0.39579147,2.0669444,0.3067912001258413,0.8255507000000001,0.09412084047465402,0,200,L
-2.1338202879499986,-6.3090205,-0.8454524999999999,1.7720539375007514,-1.1076176000000002,3.140175157411917,0,200,-9.205460201999998,-10.123733,-6.309769,0.7450107550758167,-9.534759,0.5550410251786386,0,200,1.1643900647499996,-2.3264158,2.052579,0.8355840401576131,1.434875,0.6982006881661196,0,200,L
-2.8570607523499985,-7.1972694000000015,-0.4456208,2.2746606893049366,-1.5050551,5.174081251469208,0,200,-8.841565479999991,-11.311256,-5.8165636,1.189468542817053,-9.4749035,1.414835414351323,0,200,0.10745775970999988,-4.4404959999999996,2.0070891,1.7410284230624966,1.2229881,3.0311799699114843,0,200,L
-1.3161764726499998,-3.9698856,-0.5054758,0.4589927091059808,-1.2165537,0.21067430701244752,0,200,-9.627186777500002,-13.13085,-5.526865,0.6221879350658425,-9.656863,0.38711782654149696,0,200,-0.07865551088999996,-1.2179004999999998,1.1284171,0.4278892564078775,-0.07586627,0.18308921574928635,0,200,L
-2.5534041425000016,-7.214028999999999,-0.23493104,2.488694599952512,-1.0345944,6.193600811832794,0,200,-8.442835043999999,-19.257611999999998,-4.3297644,1.9838721895381748,-9.0307795,3.9357488644229917,0,200,-0.1823483906500003,-5.197064,4.082862,3.043122833766458,0.319177,9.260596581390796,0,200,L
-0.7400597186,-0.90051913,-0.6156090999999999,0.057792726652586515,-0.7353192,0.0033399992539405827,0,200,-8.655751445000002,-8.921842999999997,-8.387936,0.12144727544768268,-8.665663,0.01474944071366531,0,200,4.3636301375,3.9703345000000003,4.7436620000000005,0.2078298608618407,4.32108515,0.04319325106585206,0,200,L
-2.3812969509499986,-7.486967999999999,0.63176996,1.722650909548488,-1.7049708999999995,2.9675261561682333,0,200,-7.368365189750005,-17.787570000000006,1.9837456999999998,2.7852746544501508,-8.390330500000001,7.757754900722411,0,200,3.7460936513000016,-6.1786866,10.204836,3.5696250101656606,4.5569139000000005,12.742222713200194,0,200,L
-0.040509891699999835,-5.1526213,3.9309800000000004,2.2911641759028205,-0.7389104999999999,5.249433280940451,0,200,-4.894807699599999,-15.833903,3.3436522000000006,4.7984266646950635,-7.612214500000001,23.02489845645658,0,200,5.993171655335,-2.6687868,10.386795,3.0735496232996864,4.729296649999998,9.446707286885642,0,200,L
-3.170509621999998,-7.592313000000001,-0.4456208,2.3123901259612034,-1.9360113,5.347148094642871,0,200,-8.2141768265,-16.406118,-2.9794345,1.4454204613568244,-8.343643,2.089240310108975,0,200,1.3961607679500003,-3.3511343,6.3094697,3.1701867864289666,0.320374115,10.050084260848816,0,200,L
-1.6924132950500002,-7.0033392999999995,-0.36182374,1.4490160163543897,-1.2524667999999999,2.0996474156515443,0,200,-7.2421189670000015,-10.0207815,-4.080767,0.8618886955793796,-7.393145199999998,0.7428521235675246,0,200,6.085372382000003,4.827458999999998,6.7811274999999975,0.3600714593336722,6.128707599999999,0.12965145582668033,0,200,L
-2.887598798700002,-7.3481045,-0.80235684,2.3359110578500877,-1.515829,5.4564804701863165,0,200,-7.6381678005000015,-13.887417999999998,-3.4870052000000005,1.935439310464382,-8.629750999999999,3.7459253244908433,0,200,4.421019193499999,3.1395466,5.473893,0.4359873184618641,4.2169375,0.1900849418595669,0,200,L
-1.3091375314999991,-1.6044145,-1.0968436000000001,0.0768678658255858,-1.2991537,0.0059086687965802616,0,200,-8.051024023499995,-8.735095,-7.3943424,0.2898827512546472,-8.006060999999999,0.08403200947496364,0,200,5.292843746000001,4.2025723,5.8928785,0.4393176103756479,5.436783,0.1929999627861696,0,200,L
-1.781836744000001,-7.4965449999999985,-1.101632,1.3314616394076997,-1.3506291000000001,1.7727900972142394,0,200,-7.320481165999999,-10.135703,-1.6051626,1.2164486167457271,-7.626579799999999,1.4797472371825924,0,200,5.912451204500001,4.6742300000000006,6.7308493,0.2815334764791431,5.83541775,0.07926109837843222,0,200,L
-2.1416732744,-7.649773599999999,-0.26605567,2.4321065486760376,-0.890942315,5.915142264112867,0,200,-7.711574065999996,-18.407671,-1.8158523999999998,2.0824386480644965,-8.523208749999998,4.336550722952689,0,200,4.6594816450000005,3.7931638,6.0125885000000014,0.4249795175608291,4.594023999999999,0.18060759034623508,0,200,L
-1.7307803846500005,-7.4941505999999976,-0.187047,1.9769212662509943,-0.90650463,3.9082176929554335,0,200,-8.298524512000004,-11.280130999999999,-5.9817634,0.7798931022456344,-8.40708975,0.6082332509303195,0,200,3.9791692425299954,-0.76300216,5.282357,1.7168428217210483,4.744859,2.9475492744950915,0,200,L
-1.7761265710000007,-6.98658,-0.9747394,1.3177894271863442,-1.3506291000000001,1.7365689744041133,0,200,-9.418197018499997,-18.790743,-6.4366617,0.9876119138544552,-9.573066,0.97537729238726,0,200,1.0098443329599995,-1.6464626,4.7963343,0.6521212559417977,1.1751041000000002,0.4252621324511076,0,200,L
-1.2788030000000001,-1.3913305,-1.1255741000000001,0.11174795422216917,-1.290774,0.012487605272840013,0,5,-9.5749816,-9.704747,-9.498846,0.07839667363032649,-9.54673,0.006146038436299928,0,5,1.27206926,1.2122142,1.3271358999999998,0.05101392536605077,1.2600983000000001,0.0026024205812529982,0,5,L
9.662046389000004,4.8148894,16.987011,1.9956343567952108,9.6056875,3.982556486021436,0,200,-2.9955054705000013,-12.02817,4.28592,2.1319599842444736,-3.0870237,4.545253374419698,0,200,0.4510257081599997,-4.799027400000001,6.0682540000000005,1.6250277114020897,0.40237552,2.6407150628247136,0,200,M
9.2716837775,3.4310407999999994,14.48507,1.3736002311193016,9.252542,1.886777594930999,0,200,-3.5557965489000014,-10.148722,0.39294836,1.7675386508233066,-3.2941222000000003,3.1241928821542753,0,200,0.024977505819999902,-5.335329,3.0132525,1.5569074473022937,0.10070611,2.4239607994653443,0,200,M
9.483391076500004,2.7486932,17.571196,2.348487895358148,9.5218905,5.5153953946437415,0,200,-3.1835101456099983,-13.474267999999999,11.221923,2.9096828507459933,-3.0954034,8.466254291925331,0,200,0.015376768899999916,-9.321674,17.495779000000002,2.9497547540012508,0.15098434,8.701053108752978,0,200,M
9.365081571000001,4.915446,15.8354,1.5369730842911202,9.3554925,2.3622862618353597,0,200,-2.65567248374,-8.465598,5.945101999999999,2.076753092220613,-2.744653,4.312903406047879,0,200,0.59445035535,-2.8238112999999996,7.011569500000001,1.6903410006950124,0.5651812549999999,2.8572526986306155,0,200,M
9.565386432000002,3.7446811,19.557785,2.270928224469383,9.374646,5.1571150006916655,0,200,-3.147585157665,-14.163798000000002,2.5070283,2.5473937226675867,-2.781763,6.489214778286224,0,200,-0.005943601719999897,-6.3552589999999975,16.964266000000002,2.5910482023276584,0.12584523,6.713530786785389,0,200,M
9.498016611800008,0.91712886,19.557785,2.594892138013951,9.666739,6.733465207926615,0,200,-3.1209257100300003,-10.493486,2.74166,2.2402818022469324,-2.8847138,5.018862553478763,0,200,0.03990535640999993,-6.93705,8.910171499999997,1.8382733247694285,-0.21532851,3.379248816558849,0,200,M
9.8388342225,4.3288665,16.539295000000006,2.241391869061669,9.531466499999999,5.023837510695764,0,200,-2.7382005866,-12.80868,9.198822,2.5008286027996087,-2.5411458,6.254143700580642,0,200,0.13357850768049995,-5.481375,10.547805,2.540692186526501,0.03007715755,6.455116786676811,0,200,M
9.594284476000002,4.039168,19.557785,2.1223029132958917,9.487174000000001,4.504169655784232,0,200,-3.0884603469050003,-15.588348000000002,5.056853299999998,2.6928826144609834,-2.77218625,7.251616775266222,0,200,-0.1814026793744999,-8.914660000000003,6.8152447,2.1541600444963453,-0.11237784,4.6404054973044975,0,200,M
9.273216032499997,2.9498062000000003,14.350995000000001,2.0534401976803283,9.29444,4.2166166454494265,0,200,-3.510510210514997,-12.937966000000001,2.7296891,2.465778681184748,-3.1181482999999997,6.080064504585196,0,200,-0.08799289742999977,-7.7055883000000005,3.281403,2.0267173795224926,0.4023755350000001,4.107583336458519,0,200,M
9.06007224425,-1.2975076,17.195307,2.79501809552211,9.4488665,7.812126154296043,0,200,-3.5554733320000014,-16.196476,3.6155437999999993,2.7652516199502184,-3.066673,7.6466165216373065,0,200,-0.2584121793104998,-11.102961,11.220576,2.5691042631372265,-0.380528435,6.600296714869871,0,200,M
9.4378413675,2.617012,15.533730499999999,2.2150821065172317,9.270499,4.9065887386128155,0,200,-3.1373858334799998,-12.650661999999999,3.318663,2.404091629381308,-2.7925370000000003,5.779656562461272,0,200,-0.14812327760500002,-5.8429,6.5039988,1.8867680510086808,-0.26919806,3.559893678307095,0,200,M
9.256684096500003,-2.2216694,17.645416,1.8763577612250903,9.17592775,3.5207184481096334,0,200,-3.121763685350002,-10.821492,6.5652003,2.0840058922601554,-2.9900587000000005,4.343080558975046,0,200,0.2289754665135,-4.6769233,7.4521027,1.7205454959010529,0.2335843,2.960276803465399,0,200,M
9.399773552000001,2.521244,13.874548999999998,1.9757304578108643,9.621249,3.903510841921528,0,200,-3.4292390301500006,-12.025775999999999,3.143886,2.3625893184641638,-3.0499136,5.581828287720961,0,200,-0.626269298165,-9.824457,9.669133,2.4231151262426582,-0.68818333,5.8714869150259705,0,200,M
9.837265987999995,2.9210757999999997,15.449932999999998,2.0328666041637717,9.8774285,4.132546630324343,0,200,-3.194631225049999,-15.471032000000001,5.138256,2.5777165309413927,-3.01639485,6.644622513888527,0,200,-0.080762407035,-4.1909003,4.5934258,1.6132446258803952,-0.22370823,2.6025582229319766,0,200,M
9.743114043999997,2.9138932,15.021370999999998,2.1014757048208974,9.61287,4.4162001379524884,0,200,-2.9861920275200005,-12.662633999999999,17.473183,2.7965282213108726,-2.8092963500000003,7.820570092588153,0,200,-0.11568184778000005,-5.3065987,19.480572,2.3899822465787195,-0.23807342,5.71201513896146,0,200,M
9.755994845499997,2.9641714,18.945467,2.4596993523794457,9.80320825,6.050120904095863,0,200,-3.553557955050002,-15.394418,3.5556888999999994,2.648715466019453,-3.5969887000000003,7.015693619930648,0,200,-0.9958981352749996,-8.5268,6.8942533,2.257472438952934,-0.997035365,5.096181812632108,0,200,M
8.696979603349996,-3.7395935,17.037289,3.615466000566939,9.296835,13.071594401255494,0,200,-3.6874417141,-19.359215,15.897799,3.304348488750702,-3.3168671000000005,10.918718935109053,0,200,-0.11683104936899992,-7.439832000000001,14.795119,2.6623745834130124,0.006135142099999999,7.088238422403611,0,200,M
9.364099984,1.1014823999999999,16.8266,2.0867239791924503,9.337536,4.354416965336774,0,200,-3.026115333739998,-10.716147,10.015245,2.1050964907157903,-3.0475194,4.431431235223934,0,200,0.22908321152499994,-5.1437926,9.29085,1.6669892233526191,0.18450317,2.7788530707737675,0,200,M
11.6421952,10.254516,14.090027,1.7024580107132448,10.709414,2.898363278241699,0,5,-5.89039438,-8.377011999999999,-3.6029742,1.7972582080074642,-6.2006830000000015,3.2301370662502014,0,5,0.288172084,-0.36736032,1.6126444,0.8306109586804473,-0.17342998,0.6899145646800517,0,5,M
6.389555714144998,-16.30197,19.557785,7.341805893831672,6.817639,53.90211378270146,0,200,-3.792517225700002,-19.359215,19.866787,8.435552891172446,-3.9489366,71.1585525797678,0,200,1.4956488475999985,-19.556288000000002,19.669714000000006,8.500218429985392,0.73756377,72.25371335746334,0,200,O
7.719202568815,-10.132112,19.557785,6.366936044756137,8.215853,40.53787459801494,0,200,-3.061600387300002,-19.359215,19.866787,7.0597476794478204,-3.9058409,49.84003729746888,0,200,0.08274064202000025,-19.556288000000002,19.669714000000006,7.528441330931461,-0.54213705,56.677428873277066,0,200,O
6.7115189730400004,-14.00593,19.557785,7.497763595878568,6.508787,56.21645893968192,0,200,-4.4886014227499995,-19.359215,18.356644,8.468252057870613,-3.9441482000000003,71.71129291562987,0,200,0.7959044952599992,-19.556288000000002,17.093554,7.172209371771264,0.5723638499999999,51.440587272523544,0,200,O
6.9280296620550015,-7.3620205,19.557785,7.017285362343083,7.403021300000002,49.24229385655448,0,200,-4.185175255699998,-19.359215,19.866787,8.934579803204754,-3.8112699,79.82671625983428,0,200,0.49178100034550004,-19.556288000000002,18.360085,7.271671196773284,0.33773208,52.87720199398221,0,200,O
7.877635877400002,-11.448922999999999,19.557785,7.174524832857743,8.1990935,51.47380657729242,0,200,-3.5860113086000003,-19.359215,19.866787,9.078724250427044,-3.3084875,82.42323401529204,0,200,-1.4910279871249998,-19.556288000000002,19.669714000000006,9.120664619143898,-0.874931075,83.18652309490332,0,200,O
7.574847165299992,-15.250916,19.557785,7.061636661584236,7.604134149999998,49.86671234023056,0,200,-4.36112218718,-19.359215,19.866787,9.531191002379963,-4.6217072,90.84360192384877,0,200,-0.5884378969349996,-19.556288000000002,19.669714000000006,8.50348221620665,-0.591218185,72.30920980134276,0,200,O
6.291300673159999,-12.574197999999999,19.557785,6.836531757980483,6.985233,46.73816647787571,0,200,-3.9054637064,-19.359215,19.866787,8.490783102008535,-3.4054527,72.09339768535366,0,200,1.1784889463055004,-19.556288000000002,19.669714000000006,7.889549113752798,1.04521868,62.244985218317545,0,200,O
7.776956666075,-6.7945949999999975,19.557785,6.534346855776793,8.09494575,42.69768883160005,0,200,-4.2065704446800005,-19.359215,19.866787,8.084395161963876,-3.6388873,65.35744513478492,0,200,0.22576724669999976,-19.556288000000002,19.669714000000006,6.5154500306560506,0.32935238,42.451089101975946,0,200,O
9.100100311349996,-8.717138,19.557785,5.956777333333554,9.472808500000001,35.483196198916424,0,200,-3.05255329305,-19.359215,19.866787,7.399162206218822,-3.5000236000000005,54.74760135393699,0,200,-1.174092574429499,-19.556288000000002,18.747946,7.144587365354992,-0.26560676,51.04512862119019,0,200,O
6.720338639519997,-9.682002,19.557785,6.831159823111558,6.936152000000001,46.66474452889353,0,200,-3.2444724810650003,-19.359215,19.866787,8.851206157126523,-4.0830118,78.34385043595444,0,200,-0.16887201390499926,-19.556288000000002,19.669714000000006,8.28539418922773,0.094720605,68.64775687088866,0,200,O
9.351578288544994,-6.579117,19.557785,6.107081841314961,9.46682325,37.29644861651894,0,200,-2.4959971411650024,-19.359215,19.866787,7.505247488568336,-3.3096845000000004,56.32873986466132,0,200,-1.614443098009999,-19.556288000000002,17.407192000000002,7.1483074971340885,-0.526574715,51.09830007358343,0,200,O
7.2811265349299985,-9.500043,19.557785,7.287800121854119,7.75736325,53.11203061609692,0,200,-3.1476449653949974,-19.359215,15.258547,8.249514099381571,-1.9413983,68.0544828758953,0,200,0.5440763694249999,-19.556288000000002,19.669714000000006,7.561237991633656,-0.21652562,57.17231996612416,0,200,O
8.524998103349997,-15.734544,19.557785,6.543693662215,8.794052,42.819926744912756,0,200,-3.5416617246300013,-19.359215,19.866787,8.165714246160983,-3.7562032,66.67888914995646,0,200,-0.905998827920001,-19.556288000000002,19.669714000000006,8.161783601476124,-0.28356327000000003,66.61471155732457,0,200,O
2.1756110976300014,-10.824036999999999,19.557785,7.064385120971929,-0.159064775,49.905537137409574,0,200,-1.0892599794349989,-19.359215,19.866787,8.239693507634339,-0.8328829,67.89254909975143,0,200,2.591831059375001,-19.556288000000002,19.669714000000006,8.658272672278414,2.2506992,74.96568566752319,0,200,O
7.971967430899997,-14.551808,19.557785,7.552014894184488,8.4241485,57.03292896198436,0,200,-3.3239569584200024,-19.359215,19.866787,7.629286076263147,-3.3216555000000003,58.20600603346276,0,200,-0.1740674254500015,-19.556288000000002,19.669714000000006,7.908581736729957,-0.43080667,62.54566508653862,0,200,O
7.2627450231499955,-18.126352,19.557785,7.608345596538133,7.759757499999999,57.8869227163612,0,200,-2.9846477155799995,-19.359215,19.615993,8.151452726481617,-3.0379426,66.44618155206459,0,200,-0.2358168927629996,-19.556288000000002,19.669714000000006,8.024198761040761,-0.0225952783,64.3877657566881,0,200,O
7.744904336149995,-15.923685999999998,19.557785,7.676179318889218,9.0789625,58.92372893574253,0,200,-3.2210392240499988,-19.359215,19.4484,8.043161487360402,-3.4569280000000004,64.6924467117576,0,200,0.11716327246500008,-19.556288000000002,19.669714000000006,7.119497086215981,-0.251241545,50.687238760637854,0,200,O
8.061621329874997,-13.199084,19.557785,6.2903752578817915,8.297255499999999,39.5688208849714,0,200,-3.4452891501099985,-19.359215,19.866787,8.167305346080154,-4.1560349,66.70487661610944,0,200,-0.5055356627249997,-19.556288000000002,19.669714000000006,6.454922901928419,-0.11237784199999999,41.66602966984,0,200,O
6.67422626,5.6887726999999995,7.8411603,0.915748002524976,6.2250742999999975,0.8385944041284837,0,5,-3.17584862,-5.6931124,-0.940622,2.0729200268264893,-2.8368297,4.296997437618333,0,5,-1.49742356,-1.7057191000000005,-1.3202527,0.17468646442895364,-1.4854525,0.030515360854688083,0,5,O
8.34137481288,-7.7546697,19.557785,7.499950469355818,8.100931,56.249257042790575,0,200,-2.6080577376700007,-19.359215,19.866787,9.357602693740269,-3.6209307999999996,87.56472817389515,0,200,-1.1389247223299988,-19.556288000000002,19.669714000000006,8.025843719508812,-1.05808755,64.41416740997904,0,200,P
7.756429441964997,-8.092252,19.557785,7.480819346168443,8.249371499999999,55.962658090008055,0,200,-2.9395080522500003,-19.359215,19.866787,9.275984967254542,-3.7490205999999997,86.04389711273225,0,200,-1.6965133464,-19.556288000000002,19.669714000000006,7.838423217260991,-1.47348145,61.44087853289615,0,200,P
9.688065363199998,-7.6660843,19.557785,5.873011870339853,9.2250085,34.49226842915281,0,200,-2.9553157973299995,-19.359215,19.866787,7.0423501281982555,-2.9158385,49.594695328133966,0,200,-1.1926206660999998,-19.556288000000002,19.669714000000006,7.5631285684862455,-0.495450115,57.200913743452816,0,200,P
7.7920491609649964,-11.058667999999999,19.557785,7.565562049804183,8.600121999999999,57.237729129437284,0,200,-2.9547261984849995,-19.359215,19.866787,8.243102029730032,-2.9972413,67.94873107253939,0,200,-1.17143200125,-19.556288000000002,19.669714000000006,7.4616464041469985,-1.8912697,55.67616706051983,0,200,P
9.440870065004994,-6.368427,19.557785,5.981376120113615,8.9029885,35.77686029026541,0,200,-3.07895233194,-19.359215,19.866787,7.596372732013277,-3.17800355,57.70487868367487,0,200,-1.17162651605,-19.556288000000002,19.669714000000006,7.7950510652850316,-0.118363347,60.76282111040132,0,200,P
9.188482269015,-4.984578,19.557785,5.005677207941691,8.397812,25.056804310106926,0,200,-3.2060634891350013,-19.359215,19.866787,6.0400735921234485,-3.693954,36.482488998267065,0,200,-1.0203758350099996,-19.556288000000002,19.669714000000006,5.935028844785122,-0.4056675400000001,35.22456738843142,0,200,P
8.860168431574998,-13.574974,19.557785,7.750014282303439,8.705467000000002,60.062721375907294,0,200,-1.925889821050002,-19.359215,19.866787,8.813791998137724,-3.3336265000000003,77.68292938643656,0,200,-1.40496542097,-19.556288000000002,19.669714000000006,7.849434663976159,0.12345103,61.61362454403052,0,200,P
7.712726272779998,-9.737069,19.557785,7.807791564344042,7.842357400000001,60.961609112241966,0,200,-2.5742396255600006,-19.359215,19.866787,7.426838006334993,-3.0128036,55.15792277234192,0,200,0.050667281704999935,-19.408447,19.669714000000006,7.337368121975406,0.34371759,53.8369709573809,0,200,P
3.2632280683380013,-5.8321257000000015,19.557785,6.435826174714623,0.49814359999999996,41.41985855114185,0,200,-2.013924641825002,-19.359215,19.866787,6.307598876152679,-0.236726695,39.78580358244253,0,200,4.000387845950001,-19.556288000000002,19.669714000000006,7.831315606247466,7.772925499999999,61.32950412465512,0,200,P
8.57735333834999,-9.832837,19.557785,8.273919034551081,9.887005,68.45773619030672,0,200,-2.9874339596749997,-19.359215,19.866787,9.511821566311102,-3.6448728,90.47474950934101,0,200,-2.9005813145799992,-19.556288000000002,19.669714000000006,8.763612713477103,-2.6262896,76.80090779181751,0,200,P
10.138124448849997,-5.2168160000000015,19.557785,5.972165613482116,9.4356985,35.666762114858216,0,200,-2.2857922263550003,-18.880375,19.866787,7.064738162840121,-2.8990791500000004,49.910525309489614,0,200,-0.9727401712500005,-19.556288000000002,19.669714000000006,7.735030553338423,-0.64867903,59.83069766107891,0,200,P
8.201460664750003,-9.634117999999999,19.557785,7.013151303907852,8.8395425,49.18429121150442,0,200,-3.320560192675,-19.359215,19.866787,8.437569943623988,-3.4641106,71.1925865535469,0,200,-2.28627106783,-19.556288000000002,19.669714000000006,7.354456275548682,-2.8034605,54.088027108957384,0,200,P
7.540002587744997,-6.859238,19.557785,7.398965760891527,8.062624000000001,54.744694330845135,0,200,-3.3582539443999995,-19.167679,19.866787,6.202415485062812,-3.3192613,38.469957849346976,0,200,0.855609844145,-15.158738,19.669714000000006,6.284780988768485,0.6824971200000001,39.49847207678579,0,200,P
7.6680743739199935,-10.256611,19.557785,6.967393631533394,8.0973395,48.5445740167321,0,200,-2.826800997350001,-19.359215,19.866787,7.221736377574666,-3.3910873999999995,52.15347630718525,0,200,0.6462429217499995,-19.556288000000002,19.669714000000006,7.354588748948383,1.03803608,54.08997566615814,0,200,P
8.82531779962,-13.926922,19.557785,7.246224915073517,9.738565,52.5077755198322,0,200,-2.56088601119,-19.359215,19.866787,8.564891473658125,-2.9266124,73.35736595554167,0,200,-0.6624037754099997,-19.556288000000002,19.669714000000006,7.7520421565158415,-0.452354485,60.09415759639878,0,200,P
7.295105667799999,-16.076914000000002,19.557785,8.369106972359614,8.19789625,70.04195151479828,0,200,-2.4894729212000004,-19.359215,19.866787,7.832209780201389,-2.851195,61.3435100410823,0,200,0.5714959577000002,-19.556288000000002,19.669714000000006,7.951958104415669,0.119859725,63.23363769438204,0,200,P
8.970047284069992,-11.19035,19.557785,7.064400263375759,8.589348000000001,49.90575108118348,0,200,-2.518511616900002,-19.359215,19.866787,8.287416909487469,-2.60100085,68.68127903165879,0,200,-0.6339367352749988,-19.556288000000002,19.669714000000006,8.57632530374678,-0.499041415,73.55335571568726,0,200,P
9.719722689999996,-5.7938184999999995,19.557785,5.3291876017456055,9.362675,28.400240494599082,0,200,-3.11592782675,-19.359215,19.866787,7.720566237405128,-3.5933974,59.60714302616,0,200,-1.3545465361129994,-19.556288000000002,19.669714000000006,6.902675738857004,-0.29673137,47.64693235580509,0,200,P
8.65123848,4.7119384,19.557785,6.238451253489293,5.9569235,38.91827404216213,0,5,5.4083220999999995,-5.4082019999999975,11.027992,6.615196928756809,5.9307370000000015,43.76083040623354,0,5,-8.316588759999998,-15.285631,2.9653685000000003,6.865226635001588,-10.554688,47.131336749935215,0,5,P
-0.18410812656200004,-3.2981625,4.4015903,0.7682535782796692,-0.110282915,0.5902135605395159,0,200,-8.30892135665,-17.431583,6.7283053,1.9574065558199296,-8.371924,3.831440424766839,0,200,4.832366929800004,0.49365446,19.594595,1.568315827841139,4.6859017000000005,2.459614535857038,0,200,Q
-0.282545728117,-1.3253403,0.4750994000000001,0.3071263919416079,-0.24555531,0.09432662062707016,0,200,-8.815761928999999,-11.036672,-6.731896400000001,0.6310016651076441,-8.845976499999997,0.3981631013686194,0,200,4.0831134882,0.88630354,5.531055,0.5802197943525023,4.12805275,0.33665500975846,0,200,Q
-0.203381449263,-1.1338041,1.183783,0.347908943546081,-0.18570027,0.12104063299935018,0,200,-8.818383536500003,-10.952874000000001,-6.645705,0.6247055925215313,-8.86513,0.3902570773276776,0,200,4.042028990999999,2.1217117,6.8287119999999994,0.6232658066731352,3.97003525,0.388460265767914,0,200,Q
-0.34764407194700003,-2.0388124,0.41524437,0.30298549078450404,-0.31139585000000003,0.09180020762592678,0,200,-8.872372810999998,-10.988788000000001,-5.0080714,0.6601854465258978,-8.8723125,0.4358448238045991,0,200,3.9327097367,0.9581296,9.297134,0.7062374465205739,3.9855976,0.4987713308679004,0,200,Q
-0.3550301859995002,-1.3756184999999999,0.42960957,0.3397135441274545,-0.40955812,0.11540529206363595,0,200,-8.910967331,-11.486781,-6.8085113,0.5596390881152961,-8.898649,0.3131959089465201,0,200,3.9630083645,1.3603555,10.381707,0.7427167118224993,3.9724294999999996,0.5516281140204254,0,200,Q
-0.24064719843199986,-1.3349171,0.44158056,0.2726034732775483,-0.2335843,0.07431265364298298,0,200,-8.767913808000005,-10.2896805,-7.0646906000000005,0.5035352722408863,-8.798093,0.2535477703907035,0,200,4.094773252500001,2.4664767000000003,5.346701,0.437984863072497,4.083760000000002,0.19183074028063396,0,200,Q
-0.4048535230855002,-1.1960534,0.30271688,0.2415773718616584,-0.41195232,0.058359626595585995,0,200,-8.837130183000001,-10.287286,-6.5762734,0.6035105046786369,-8.878298500000003,0.3642249292574629,0,200,3.9488586285,2.1911435,5.1527709999999995,0.4587048945410796,3.9724294999999996,0.21041018027594294,0,200,Q
-0.31662718965750003,-1.6748936999999997,0.767192,0.34125476100733354,-0.34012628,0.11645481191017233,0,200,-8.658450873999998,-11.065402,-6.827665,0.5218250760337247,-8.7286605,0.27230140997760266,0,200,4.369807161999999,2.5670330000000003,6.0745387000000015,0.553586515637432,4.3602900500000015,0.3064580302955928,0,200,Q
-0.3609079515320003,-1.0547955,0.3314473,0.2538908911108962,-0.372448,0.06446058458908495,0,200,-8.842900173499999,-10.62008,-6.885125599999999,0.5999505417057627,-8.903437,0.3599406524930381,0,200,3.9702627920000015,2.4138043,6.613233999999999,0.4830169977368655,3.9820062999999997,0.23330542010273514,0,200,Q
-0.3987722500420005,-1.5384243,0.7456441999999999,0.3100065334614378,-0.40357262,0.09610405078877757,0,200,-8.7489636175,-10.809222,-6.5882444000000016,0.5956721213160875,-8.750209,0.3548252761132077,0,200,4.192624255999998,1.7984943,11.008988,0.7557143867905128,4.1903019,0.5711042344021608,0,200,Q
-0.2294902186875001,-1.0931027,0.7408558000000001,0.3025313314968909,-0.186897375,0.09152520653728166,0,200,-8.789341878999997,-10.098145,-7.2059484,0.4992310790858299,-8.81964,0.2492316703252022,0,200,4.111748144499999,2.81603,5.6459765,0.5412959175986594,4.17114825,0.2930012704089747,0,200,Q
-0.4217924992309999,-1.7323544999999998,0.8749311,0.2887189717340041,-0.42990884,0.08335864463914064,0,200,-8.871175749000002,-11.1899,-7.0455369999999995,0.4564345830077834,-8.941744499999997,0.2083325285654891,0,200,3.9193261595,0.6037876999999999,7.405715,0.5323889153972252,3.8527195,0.2834379572378338,0,200,Q
-0.6079297121999996,-0.99733466,-0.20724809,0.10057477406305683,-0.6154595,0.010115285177834929,0,200,-8.924027780499998,-9.422979,-7.1963716,0.2562011064371472,-8.964489999999998,0.06563900693961842,0,200,3.7668633904999984,3.1488242000000004,4.5278845,0.20254044401612006,3.7377977,0.04102263146224707,0,200,Q
-0.5764818708000001,-1.1218331,0.08484452,0.15038442235440472,-0.59630585,0.02261547448686798,0,200,-8.827325895000003,-10.237008,-7.5315600000000025,0.32095166389109314,-8.8304145,0.10300997055446123,0,200,4.0655041314999965,3.3044472000000003,5.1072809999999995,0.27716850500647383,4.0622121500000015,0.0768223801675237,0,200,Q
-0.44754213995000014,-1.0404303,0.21173722,0.1756371724051749,-0.44666827,0.030848416330485136,0,200,-8.8306658275,-10.478823,-7.15567,0.4315087357701127,-8.863933,0.18619978904592094,0,200,4.045297080000003,2.5718215,5.33473,0.3633293375670236,4.0334818499999985,0.13200820753689216,0,200,Q
-0.3064039467635,-1.1505636000000001,0.72409636,0.3598318110792057,-0.39639002,0.1294789322645412,0,200,-8.818012476000002,-10.165182000000001,-3.696049,0.5979783204668287,-8.86513,0.3575780717483293,0,200,4.127873090500002,2.373103,12.316222,0.7412805270536842,4.057423849999998,0.5494968197889876,0,200,Q
-0.40778642026,-1.1481694,0.21413141,0.17980555111101618,-0.39639002,0.03233003621033625,0,200,-8.804940125500002,-10.165182000000001,-6.995259,0.4375108265691222,-8.817246500000003,0.19141572336519647,0,200,4.084442278,2.1360770000000002,5.3131824,0.3415143199287213,4.0921397000000015,0.116632030716377,0,200,Q
-0.5385457416049999,-1.6102502,0.015412673,0.23919898338946766,-0.5161001000000001,0.05721615365455481,0,200,-8.814732353500002,-10.962451,-7.3328414,0.4446054525901732,-8.786121000000001,0.19767400847291275,0,200,4.103931081000002,2.0331259999999998,6.1176343,0.5580342092485451,4.1292498,0.311402178691649,0,200,Q
-0.6587945239999999,-0.7387609,-0.59989715,0.06719992675443205,-0.6238391999999999,0.004515830155801033,0,5,-8.7755876,-9.015965,-8.630499,0.1585747567972276,-8.68796,0.025145953493299882,0,5,4.139066000000001,4.013131,4.2597337,0.09928863438893708,4.1376295,0.009858232918820018,0,5,Q
-6.2744305155,-19.6338,-2.2399254,2.686564931833852,-5.3691468,7.217631132959428,0,200,1.1307574965284994,-9.351153,19.893421,3.1136295470332485,0.76195467,9.694688956158473,0,200,6.513766870220003,-3.2317232999999996,19.594595,4.790788761786187,7.627178500000001,22.95165696005683,0,200,R
-5.351244311999998,-9.616461,19.592201,3.3390496646597563,-4.895094850000001,11.149252663064427,0,200,0.6016988036999997,-8.474875,16.872538,2.0285236061204066,0.8696937549999999,4.114908020587738,0,200,6.971035496490001,-0.9859621999999999,19.594595,4.682219579812784,7.4990887000000015,21.9231801935822,0,200,R
-5.9015365809999984,-19.6338,19.592201,3.1844133559186405,-5.0279735,10.140488421353018,0,200,0.7964341759699998,-8.347982,19.893421,3.1115391462270496,0.64224462,9.68167585850336,0,200,6.6619201049835,-2.2022166000000003,19.594595,5.032014180214945,7.8665985,25.32116670988429,0,200,R
-5.643184289499995,-16.329801999999994,19.592201,3.7318199552838562,-5.17641375,13.926480178654803,0,200,1.0794018924650004,-15.542558999999999,14.128782999999999,2.4970419893188915,1.2252326999999998,6.235218696421647,0,200,6.6533727454,-1.8837879000000002,19.594595,4.686842858266598,7.39254665,21.966495978084613,0,200,R
-5.5840355169999984,-18.752735,19.592201,3.9836899586566985,-5.306897599999999,15.869785686702212,0,200,1.179452591922,-11.130044999999999,19.893421,2.7205562123460565,1.3676876999999998,7.401426104534724,0,200,6.5077095560999965,-1.9508255,19.594595,5.1193033430881885,7.0238397,26.207266718553893,0,200,R
-5.7829846884999965,-19.6338,7.109432000000001,2.4944184769903015,-5.0674777,6.222123538350616,0,200,1.4876581729949987,-9.231442999999999,19.893421,2.363303705999254,1.3808558000000002,5.585204406789807,0,200,6.6473992518600005,-8.613889,19.594595,5.229362202578284,7.7421000000000015,27.34622904575441,0,200,R
-5.731527331500001,-19.6338,19.592201,3.433395239755813,-5.142894999999998,11.788202872377875,0,200,1.1415912854350003,-10.555437,7.5207863,2.147047169775441,1.5472529,4.609811549240732,0,200,6.6923144554435074,-2.1064487,19.594595,4.783011667068414,7.760056499999999,22.87720060731257,0,200,R
-5.902015464349996,-11.878982,19.592201,2.752406103238398,-5.3104890000000005,7.575739357143982,0,200,0.98030289312,-11.778872999999999,19.893421,2.363104987311716,1.0313024,5.584265181057502,0,200,6.300886430965003,-9.782259,19.594595,4.978772435327927,7.0609498,24.788174962781177,0,200,R
-5.704254399499999,-19.6338,19.592201,3.198440787784759,-5.1201501,10.230023472965188,0,200,1.5448885691149994,-10.397419000000001,19.893421,2.663635209743444,1.52211375,7.094952530585,0,200,6.485072404249999,-2.9803321,19.594595,5.256526109476122,8.077288000000001,27.631066739604176,0,200,R
-5.459390397000002,-19.6338,19.592201,3.6556574053028497,-5.0052285,13.363831064945565,0,200,1.6363231258299988,-11.019912,19.893421,2.8735218051663147,1.7914615000000005,8.257127564766277,0,200,6.322937040489997,-4.771195,19.594595,5.509965182309403,7.8665985,30.359716310261888,0,200,R
-5.4161002649000025,-10.0330515,19.592201,2.8745066504482177,-4.8448166499999985,8.262788483471033,0,200,0.050517654760000065,-11.395802,8.4664955,1.9280679149283502,0.0796072075,3.717445884576155,0,200,6.7441848796599935,-3.5812769999999996,19.594595,4.967455657501574,8.132355,24.6756157092444,0,200,R
-5.134640873999998,-19.6338,19.592201,4.286308845014285,-5.35957,18.3724435148477,0,200,0.9307219750600004,-7.3831196,15.797542000000002,2.474693734942813,0.8804676499999999,6.1241090817652095,0,200,7.0096419713149976,-5.5253687000000005,19.594595,5.46365007523577,7.39733505,29.851472144623838,0,200,R
-5.86713791,-11.043405,19.592201,3.815026986999007,-6.038326500000003,14.554430911530723,0,200,2.03886025383,-11.508329,19.893421,2.654909206715123,2.1218612,7.0485428959007255,0,200,5.7558943015,-3.4567782999999994,19.594595,5.320665248768225,5.2545245000000005,28.309478689449836,0,200,R
-5.5728905302,-19.6338,19.592201,4.216114167242797,-5.831227799999999,17.775618671225413,0,200,2.515671523314998,-12.197859,19.850925,3.117079859433433,2.7216088000000003,9.716186850085553,0,200,5.423088281930002,-10.229975,19.594595,6.1617416850368425,5.161150800000001,37.96706059312067,0,200,R
-5.313368051499998,-14.342614999999999,19.592201,3.5533433383251656,-5.219509350000001,12.626248880019832,0,200,2.8488635846749992,-6.4469867,19.893421,3.066781500495862,2.4869771000000003,9.405148771783649,0,200,6.694253758825001,-6.4208,19.594595,5.7026912508214425,5.881805249999998,32.52068750219541,0,200,R
-5.792459789449997,-19.6338,19.592201,4.596812225367564,-5.840804599999999,21.130682635288697,0,200,1.670820574635,-10.581773,19.893421,3.893426104695692,1.77709625,15.158766832725865,0,200,2.4947641151250006,-16.10774,19.594595,8.008961692099776,2.6939258500000003,64.14346738552172,0,200,R
-5.719167245924998,-19.6338,11.440543,3.83173406353037,-6.65243915,14.68218593361896,0,200,2.9989082220399985,-17.747618,19.893421,4.74123902114366,3.6565446,22.479347455615287,0,200,0.4723819537469997,-17.41258,19.594595,8.207327331751669,0.47210665,67.36022193051798,0,200,R
-5.268521670849998,-19.6338,19.592201,4.5066169630383115,-6.374711500000001,20.309596451544646,0,200,2.177454598295,-12.738949,19.893421,4.099244455474773,1.6059108000000002,16.80380510574067,0,200,0.08851959016000016,-19.263298000000002,19.594595,9.371360385495011,-1.3474866,87.82239547482523,0,200,R
-8.18137638,-8.8622875,-6.9205894,0.7434559195197938,-8.342746,0.5527267042690222,0,5,3.48655614,1.7435773999999995,4.4322658,1.0886945591672113,3.86484,1.1852558431602882,0,5,-10.51249046,-12.940211,-7.479037299999999,2.1188730860086475,-10.105476,4.4896231546118095,0,5,R
-3.1590354186699985,-11.79279,10.614544,3.468736259198828,-4.0044518500000015,12.032131235880675,0,200,-4.78408186495,-14.735713,6.8839283,3.9480961949923192,-4.6884452,15.587463564912827,0,200,5.913145484950002,-6.6626142999999995,19.594595,3.5983030077294003,6.6287962999999985,12.947784535434446,0,200,S
-1.6116509044,-10.260501,13.523499,3.8148589029571904,-1.99930805,14.553148449471738,0,200,-5.666333235849995,-19.33258,2.8568811000000003,3.770766281381168,-5.058349700000001,14.21867834880116,0,200,5.728732090449999,-5.23567,19.594595,3.790265063149624,6.268468800000001,14.366109248932624,0,200,S
-4.9108368799500015,-11.761664999999999,13.918542,3.5280313658655023,-5.7594018,12.447005318530802,0,200,-4.981615472749999,-19.33258,14.533401999999999,4.797807436905794,-5.08708,23.018956201628548,0,200,4.3637737577000015,-4.8478093,19.594595,3.4729060821240303,4.42493375,12.061076655254082,0,200,S
-4.44997700354,-13.138330999999999,7.6816463000000015,4.180982999435065,-5.573851300000001,17.48061884156503,0,200,-2.433334915285,-11.517906,12.390592999999999,4.29339137214319,-2.8137855500000004,18.43320947439358,0,200,6.222811527285002,-2.0705357,19.594595,3.1927726613093124,6.4743705,10.19379726680415,0,200,S
-2.6801471963935013,-10.751311999999999,7.58109,3.8777837230568704,-3.1389481000000004,15.037206602804801,0,200,-6.512276520800003,-19.33258,3.8480806000000003,3.652541622882677,-6.42304475,13.341060306890414,0,200,4.118870878319998,-3.5453639999999997,11.878083,3.595102805200804,4.323180000000002,12.924764179962684,0,200,S
-4.085411918725497,-8.891017999999997,4.233996,2.3643198176682776,-3.9134724000000003,5.590008200218958,0,200,-6.4197526027450005,-18.664598,6.917447,3.9866842323990936,-6.8863227999999985,15.893651168859547,0,200,3.4528278986724983,-4.251653,15.727960000000001,3.785008978426192,2.64005635,14.326292966766891,0,200,S
-3.978283383849999,-14.215722,4.9953523,4.033894679342582,-4.8735471000000015,16.272306284028396,0,200,-5.92264448495,-19.33258,3.4769794999999997,3.773476285757792,-5.934627500000001,14.239123279176418,0,200,4.046135011300001,-4.9890676,11.997793,3.041413806723742,4.2932525,9.250197943729805,0,200,S
-2.9677626438500018,-15.106365,8.024017,4.007477394972397,-3.5315971000000004,16.05987507121474,0,200,-5.746455213299996,-19.33258,7.9325886,4.168105129239618,-5.88315225,17.373100368393608,0,200,4.872314151775002,-11.654525,19.594595,4.873942115551562,5.5035213500000015,23.755311745747232,0,200,S
-3.02066253045,-15.24044,7.959374,4.137194770137993,-3.45737695,17.116380566057167,0,200,-5.363780943110003,-19.33258,19.893421,4.928542801911377,-5.480926200000002,24.290534150272443,0,200,4.493743001400001,-7.7471875999999975,19.594595,4.361670326480453,4.666747999999999,19.024168036900093,0,200,S
-3.945650373899999,-8.902988,7.497292999999999,3.314142439809216,-4.5706808500000005,10.983540111344583,0,200,-5.750214098732999,-18.82501,6.294955,3.861992216864125,-5.6868275,14.91498388311908,0,200,4.602870712074999,-5.4607253,17.849222,3.6895291915228032,4.5841482000000005,13.612625655098908,0,200,S
-4.5482230646335005,-11.474361,5.13661,3.2333159244988363,-4.9369934,10.45433186761776,0,200,-5.2786520911000006,-16.75163,6.6947865,4.088446441950931,-5.137358299999999,16.715394308701235,0,200,3.9229054584300016,-6.523751,13.898789,4.055601078776822,4.09932225,16.447900110175713,0,200,S
-2.985838898559998,-14.670620999999999,9.989657000000001,4.681271420981296,-4.276194,21.914302116896238,0,200,-4.324107840220004,-19.33258,17.037737,4.897234153258008,-4.563947,23.98290235183668,0,200,5.65767217385,-2.242918,18.071884,3.472509029643085,5.671115599999999,12.058318960952759,0,200,S
-4.52370643565,-18.623447,11.397447999999999,4.6355802474503225,-5.748627900000002,21.488604230551594,0,200,-3.94475853459,-17.266384,15.35222,4.179590962164266,-4.0360255,17.46898061100521,0,200,5.2729239732925,-5.6331077,16.527624,3.6702222278043775,5.4436664499999985,13.470531201469328,0,200,S
-2.6928364823835,-10.411336,11.9313545,3.9056204405068615,-3.3077393,15.253871025305008,0,200,-6.5654517355,-18.98542,4.032433999999999,4.098550326785148,-6.856395299999999,16.798114781190645,0,200,4.42909955374,-3.5309987,19.594595,3.91525142626484,4.0610149999999985,15.329193730868859,0,200,S
-3.3503441074049998,-11.594071000000001,12.795661,4.455047443323236,-4.31330395,19.847447722260906,0,200,-5.1225501580899975,-17.414825,7.7817539999999985,4.635516064640289,-5.3348802000000015,21.48800918553818,0,200,4.738071283099999,-8.273912,19.594595,4.149841686252087,4.605696,17.22118602095556,0,200,S
-4.087028024130002,-11.182269,15.381398999999998,4.4036966979808065,-5.0567037500000005,19.39254460780705,0,200,-4.557398869625003,-18.262370999999998,7.5519110000000005,4.413506642093396,-4.48015,19.479040879802522,0,200,4.552376976699999,-6.3082724,19.594595,4.16006596184872,4.66195975,17.306148806932313,0,200,S
-1.7207217250949998,-11.754483,19.592201,5.281125217638731,-2.86361475,27.89028356437974,0,200,-5.545461962800002,-19.33258,15.175049,5.588081119743672,-6.27220985,31.22665060083568,0,200,4.7957715390099995,-17.230621,19.594595,4.328957237583114,4.748151,18.739870764823227,0,200,S
-5.3294989665,-10.226982000000001,-0.9733925999999999,1.7039932397416466,-5.321262700000001,2.903592961085233,0,200,-5.251789155219999,-13.495517000000001,10.523114999999999,4.400613741014998,-5.71436075,19.36540129761001,0,200,4.320749981329997,-1.766472,12.780698,2.8772210300893284,4.27409885,8.278400855988293,0,200,S
-7.6522576,-9.27409,-5.6564510000000015,1.4002822236616437,-8.029105,1.9607903059027976,0,5,-7.880634499999998,-11.5873375,-4.091092,2.9931974743116263,-8.039131,8.9592311202255,0,5,0.03827730000000003,-4.1247606,2.9237692,3.4951008616180803,2.3012767000000003,12.215730032883446,0,5,S
